# 0 target:0 c+:6 c-:42 score:507.4668565246574 score+:28.269843148862176 score-:840.2168135883139 nb:1 =l_3c_8 
248 2 0.0
1200 12 0.0
8044 83 0.0
12586 131 1.0
16992 177 0.0
17233 179 0.0
17770 185 1.0
19258 200 0.0
24816 258 0.0
27032 281 0.0
36064 375 0.0
37709 392 0.0
39052 406 0.0
42985 447 0.0
43329 451 0.0
52110 542 0.0
53422 556 0.0
53536 557 0.0
59337 618 1.0
64078 667 0.0
64906 676 1.0
68896 717 0.0
69272 721 0.0
79276 825 0.0
82522 859 0.0
83010 864 0.0
83856 873 0.0
84267 877 0.0
88020 916 0.0
88954 926 0.0
95876 998 0.0
98938 1030 0.0
102576 1068 0.0
103552 1078 0.0
107490 1119 0.0
107784 1122 0.0
112080 1167 0.0
115730 1205 0.0
116349 1211 0.0
129515 1349 1.0
131970 1374 0.0
133593 1391 0.0
133784 1393 0.0
137429 1431 0.0
141080 1469 0.0
141792 1477 1.0
143482 1494 0.0
145420 1514 0.0
 fin motif
# 1 target:0 c+:16 c-:28 score:308.4302448653072 score+:76.74389266756909 score-:570.2322844520606 nb:1 =l_3c_4 
587 6 1.0
4238 44 0.0
6542 68 0.0
7031 73 0.0
20560 214 0.0
22675 236 0.0
25536 266 1.0
27758 289 0.0
29782 310 0.0
36782 383 0.0
40909 426 0.0
48964 510 1.0
50311 524 0.0
54254 565 0.0
54840 571 0.0
59718 622 0.0
65959 687 0.0
68270 711 0.0
71634 746 0.0
77396 806 0.0
79493 828 1.0
80756 841 0.0
80843 842 1.0
85062 886 1.0
93523 974 0.0
94379 983 1.0
98122 1022 1.0
101579 1058 1.0
102738 1070 0.0
104749 1091 0.0
105810 1102 0.0
106482 1109 0.0
107620 1121 1.0
109354 1139 1.0
114250 1190 1.0
119936 1249 0.0
122884 1280 1.0
125766 1310 1.0
127878 1332 1.0
134894 1405 0.0
135560 1412 1.0
143821 1498 0.0
145554 1516 0.0
148730 1549 0.0
 fin motif
# 2 target:0 c+:436 c-:155 score:287.11315927657586 score+:901.7417178088466 score-:1361.122772651368 nb:1 =l_3c_5 
100 1 1.0
204 2 0.0
299 3 0.0
680 7 1.0
773 8 1.0
1063 11 1.0
1183 12 0.0
1345 14 1.0
1920 20 1.0
2117 22 1.0
2497 26 1.0
2999 31 0.0
3360 35 1.0
3657 38 1.0
3750 39 1.0
3937 41 1.0
4032 42 1.0
4132 43 1.0
4608 48 1.0
4807 50 1.0
5000 52 1.0
5094 53 1.0
5481 57 1.0
5863 61 1.0
6049 63 1.0
6144 64 1.0
6443 67 1.0
6634 69 1.0
6727 70 1.0
7022 73 0.0
7201 75 1.0
7682 80 1.0
7782 81 1.0
8028 83 0.0
8079 84 0.0
8165 85 1.0
8355 87 1.0
8453 88 1.0
8551 89 1.0
9413 98 1.0
9511 99 1.0
9702 101 1.0
9943 103 0.0
10272 107 1.0
10391 108 0.0
10663 111 1.0
10762 112 1.0
10858 113 1.0
11143 116 0.0
11233 117 1.0
11337 118 1.0
11624 121 1.0
11809 123 1.0
12200 127 1.0
12870 134 1.0
12960 135 1.0
13351 139 1.0
13548 141 0.0
13637 142 1.0
14023 146 1.0
14594 152 1.0
15082 157 0.0
15181 158 0.0
15456 161 1.0
15560 162 1.0
16038 167 1.0
16513 172 1.0
16612 173 1.0
16807 175 1.0
17014 177 0.0
17089 178 1.0
17221 179 0.0
17289 180 1.0
17481 182 1.0
17671 184 1.0
18153 189 1.0
18343 191 1.0
18723 195 1.0
18818 196 1.0
19117 199 0.0
19214 200 0.0
19681 205 1.0
19878 207 0.0
19973 208 1.0
20065 209 1.0
20160 210 1.0
20461 213 0.0
20648 215 1.0
20834 217 1.0
20939 218 0.0
21121 220 1.0
21416 223 1.0
21600 225 1.0
21747 226 0.0
21799 227 1.0
21894 228 1.0
21994 229 1.0
22084 230 1.0
22472 234 0.0
22566 235 1.0
22657 236 0.0
22849 238 1.0
22953 239 0.0
23041 240 1.0
23238 242 1.0
23425 244 1.0
23816 248 1.0
23904 249 1.0
24004 250 1.0
24145 251 0.0
24199 252 0.0
24681 257 0.0
24800 258 0.0
24864 259 1.0
25066 261 1.0
25162 262 1.0
25288 263 0.0
25449 265 0.0
25744 268 0.0
25829 269 1.0
26016 271 1.0
26119 272 1.0
26217 273 1.0
26505 276 1.0
26596 277 1.0
26694 278 1.0
26999 281 0.0
27174 283 1.0
27754 289 0.0
27841 290 1.0
28035 292 1.0
28322 295 1.0
28417 296 1.0
28519 297 1.0
28706 299 1.0
28803 300 1.0
29091 303 1.0
29473 307 1.0
29867 311 0.0
30823 321 0.0
30921 322 1.0
31207 325 0.0
31393 327 1.0
31687 330 1.0
31986 333 0.0
32076 334 0.0
32360 337 1.0
32641 340 1.0
32833 342 1.0
33218 346 1.0
33894 353 1.0
34472 359 0.0
34950 364 1.0
35141 366 1.0
35465 369 0.0
35713 372 1.0
35809 373 1.0
35920 374 0.0
36044 375 0.0
36099 376 1.0
37057 386 1.0
37153 387 1.0
37539 391 1.0
37832 394 1.0
38237 398 0.0
38401 400 1.0
38698 403 1.0
39169 408 1.0
39463 411 1.0
39947 416 1.0
40525 422 0.0
40803 425 1.0
41001 427 1.0
41672 434 1.0
41860 436 1.0
42149 439 1.0
42532 443 1.0
42720 445 1.0
43010 448 1.0
43137 449 0.0
43253 450 0.0
43321 451 0.0
43624 454 0.0
43799 456 0.0
43973 458 1.0
44160 460 1.0
44850 467 0.0
45506 474 1.0
45601 475 1.0
45897 478 1.0
46081 480 1.0
46273 482 1.0
46561 485 1.0
46951 489 1.0
48001 500 1.0
48486 505 1.0
48674 507 1.0
49825 519 1.0
50598 527 1.0
50688 528 1.0
50886 530 1.0
51264 534 1.0
51360 535 1.0
52123 542 0.0
52896 551 0.0
52995 552 1.0
53089 553 1.0
53184 554 1.0
53308 555 0.0
53394 556 0.0
53524 557 0.0
53665 559 1.0
53865 561 0.0
54436 567 1.0
54943 572 0.0
55015 573 1.0
55210 575 1.0
55300 576 1.0
55592 579 1.0
55681 580 1.0
56546 589 1.0
56640 590 1.0
57318 597 1.0
57543 599 0.0
57698 601 1.0
58375 608 0.0
58471 609 1.0
58765 612 0.0
58848 613 1.0
59335 618 1.0
59427 619 1.0
59616 621 1.0
59720 622 0.0
59814 623 1.0
60102 626 0.0
60254 627 0.0
60298 628 1.0
61253 638 0.0
61449 640 1.0
61675 642 0.0
61825 644 1.0
61926 645 0.0
62402 650 1.0
62502 651 1.0
62600 652 1.0
62807 654 0.0
62983 656 1.0
63168 658 1.0
63368 660 1.0
63456 661 1.0
63559 662 1.0
63845 665 1.0
64050 667 0.0
64516 672 1.0
65290 680 1.0
65664 684 0.0
65768 685 1.0
65862 686 1.0
66149 689 1.0
66247 690 1.0
66435 692 1.0
67203 700 1.0
67302 701 0.0
67790 706 0.0
68070 709 0.0
68285 711 0.0
68364 712 0.0
68545 714 1.0
68647 715 0.0
68873 717 0.0
69255 721 0.0
69505 724 1.0
69602 725 1.0
69705 726 1.0
69888 728 1.0
70273 732 1.0
70375 733 1.0
70473 734 1.0
70663 736 1.0
70781 737 0.0
71046 740 1.0
71239 742 0.0
71631 746 0.0
71747 747 0.0
71876 748 0.0
72288 753 1.0
72583 756 1.0
72680 757 1.0
72961 760 1.0
73930 770 1.0
74019 771 1.0
75174 783 1.0
75264 784 1.0
75361 785 1.0
75463 786 0.0
75558 787 0.0
75756 789 0.0
76130 793 1.0
76422 796 0.0
77094 803 1.0
77577 808 1.0
77955 812 1.0
78241 815 1.0
78912 822 1.0
79784 831 1.0
79872 832 1.0
79973 833 1.0
80384 837 0.0
80459 838 1.0
80746 841 0.0
81312 847 1.0
81508 849 1.0
81605 850 1.0
81700 851 1.0
81891 853 1.0
81988 854 1.0
82481 859 0.0
82561 860 1.0
82757 862 1.0
82968 864 0.0
83044 865 1.0
83142 866 1.0
83332 868 1.0
83433 869 1.0
83521 870 1.0
83619 871 1.0
83851 873 0.0
84259 877 0.0
84288 878 1.0
84385 879 1.0
84481 880 1.0
84769 883 1.0
85452 890 0.0
85633 892 1.0
85744 893 0.0
86118 897 1.0
86217 898 1.0
86431 900 0.0
86499 901 1.0
86594 902 1.0
86792 904 1.0
86885 905 1.0
87175 908 0.0
87460 911 1.0
87658 913 0.0
87996 916 0.0
88042 917 1.0
88131 918 1.0
88320 920 1.0
88915 926 0.0
89376 931 1.0
89570 933 1.0
89671 934 1.0
89766 935 1.0
89958 937 1.0
90056 938 0.0
90537 943 1.0
90627 944 1.0
90721 945 1.0
90914 947 1.0
91008 948 1.0
91104 949 1.0
91587 954 1.0
91680 955 1.0
91782 956 1.0
91901 957 0.0
91968 958 1.0
92066 959 1.0
92160 960 0.0
92454 963 1.0
92581 964 0.0
92757 966 0.0
92836 967 1.0
92935 968 0.0
93316 972 1.0
93515 974 0.0
93600 975 1.0
94087 980 1.0
94182 981 0.0
94466 984 1.0
94567 985 1.0
94850 988 1.0
95233 992 1.0
95331 993 1.0
95424 994 1.0
95528 995 1.0
95719 997 1.0
95857 998 0.0
96006 1000 1.0
96193 1002 1.0
96484 1005 1.0
96586 1006 1.0
97152 1012 1.0
97828 1019 1.0
97931 1020 1.0
98214 1023 1.0
98593 1027 1.0
98933 1030 0.0
98983 1031 1.0
99748 1039 1.0
99845 1040 0.0
100060 1042 0.0
100421 1046 1.0
100609 1048 1.0
100727 1049 0.0
100806 1050 1.0
101389 1056 0.0
101664 1059 1.0
101860 1061 0.0
102144 1064 1.0
102250 1065 1.0
102434 1067 1.0
102555 1068 0.0
102921 1072 1.0
103546 1078 0.0
103589 1079 1.0
103680 1080 1.0
103881 1082 1.0
104070 1084 1.0
104457 1088 0.0
104549 1089 1.0
105504 1099 1.0
106179 1106 1.0
106369 1108 1.0
106664 1111 1.0
107452 1119 0.0
107735 1122 0.0
107831 1123 0.0
108392 1129 1.0
108480 1130 1.0
109060 1136 1.0
109155 1137 1.0
110026 1146 0.0
110592 1152 1.0
110691 1153 1.0
110982 1156 1.0
111171 1158 1.0
111457 1161 1.0
111555 1162 1.0
111648 1163 1.0
112066 1167 0.0
112327 1170 1.0
112614 1173 1.0
113289 1180 1.0
113378 1181 1.0
113574 1183 1.0
113666 1184 1.0
113952 1187 1.0
114247 1190 1.0
114630 1194 0.0
114721 1195 1.0
115015 1198 1.0
115126 1199 0.0
115623 1204 0.0
115714 1205 0.0
116074 1209 1.0
116160 1210 1.0
116297 1211 0.0
116835 1217 1.0
116936 1218 1.0
117024 1219 1.0
117124 1220 1.0
117316 1222 1.0
117411 1223 1.0
117510 1224 1.0
117798 1227 1.0
118090 1230 1.0
118467 1234 1.0
118662 1236 1.0
119238 1242 1.0
119618 1246 1.0
119713 1247 1.0
119814 1248 1.0
120582 1256 1.0
120777 1258 1.0
120965 1260 1.0
121254 1263 0.0
121736 1268 1.0
121824 1269 1.0
122216 1273 1.0
122544 1276 0.0
123074 1282 1.0
123270 1284 1.0
123367 1285 0.0
123456 1286 0.0
123557 1287 1.0
124034 1292 1.0
124230 1294 1.0
124330 1295 0.0
124608 1298 0.0
124806 1300 1.0
124896 1301 1.0
125092 1303 1.0
125959 1312 0.0
126052 1313 1.0
126724 1320 1.0
127105 1324 1.0
127203 1325 1.0
127492 1328 1.0
127971 1333 1.0
128074 1334 0.0
128161 1335 1.0
128260 1336 1.0
128836 1342 1.0
129702 1351 1.0
129800 1352 1.0
129896 1353 1.0
130086 1355 1.0
130374 1358 1.0
130465 1359 1.0
130560 1360 1.0
131717 1372 1.0
131962 1374 0.0
132102 1376 1.0
132200 1377 1.0
132288 1378 1.0
132864 1384 1.0
133444 1390 1.0
133571 1391 0.0
133634 1392 1.0
133780 1393 0.0
133920 1395 1.0
134024 1396 1.0
134118 1397 1.0
134407 1400 1.0
134597 1402 1.0
134690 1403 1.0
134910 1405 0.0
135361 1410 0.0
135654 1413 0.0
135946 1416 0.0
136137 1418 1.0
136320 1420 1.0
137472 1432 1.0
137574 1433 1.0
137769 1435 1.0
139393 1452 1.0
139712 1455 0.0
139777 1456 1.0
140167 1460 1.0
140264 1461 1.0
140354 1462 1.0
140738 1466 0.0
141060 1469 0.0
141127 1470 0.0
141220 1471 1.0
141505 1474 1.0
141892 1478 1.0
142464 1484 1.0
142752 1487 1.0
143240 1492 1.0
143334 1493 1.0
143466 1494 0.0
143623 1496 1.0
143906 1499 1.0
144004 1500 1.0
144193 1502 1.0
144399 1504 0.0
144488 1505 1.0
144674 1507 1.0
144778 1508 1.0
145063 1511 1.0
145248 1513 1.0
145408 1514 0.0
145633 1517 1.0
145824 1519 1.0
145923 1520 1.0
146113 1522 1.0
146985 1531 1.0
147362 1535 1.0
147461 1536 1.0
147555 1537 0.0
147937 1541 1.0
148032 1542 1.0
148908 1551 0.0
149206 1554 0.0
149672 1559 1.0
150054 1563 1.0
150247 1565 1.0
150435 1567 1.0
151394 1577 1.0
151491 1578 1.0
151589 1579 0.0
151812 1581 0.0
151878 1582 1.0
152455 1588 1.0
152640 1590 1.0
152743 1591 1.0
152935 1593 1.0
153128 1595 1.0
153411 1598 0.0
 fin motif
# 3 target:0 c+:143 c-:65 score:265.7565737111797 score+:457.237592205647 score-:882.4481101435347 nb:1 =l_3c_3 
772 8 1.0
2307 24 1.0
4903 51 1.0
7018 73 0.0
8074 84 0.0
8939 93 1.0
9125 95 1.0
10560 110 1.0
11145 116 0.0
11333 118 1.0
11424 119 1.0
12011 125 1.0
12482 130 1.0
14016 146 1.0
15092 157 0.0
15174 158 0.0
15744 164 1.0
15946 166 1.0
17284 180 1.0
18918 197 1.0
19504 203 0.0
19886 207 0.0
21034 219 1.0
21224 221 1.0
22950 239 0.0
23047 240 1.0
23240 242 1.0
23622 246 1.0
24198 252 0.0
25734 268 0.0
26218 273 1.0
26504 276 1.0
26600 277 1.0
27555 287 1.0
27763 289 0.0
27946 291 1.0
28136 293 1.0
29002 302 1.0
29285 305 1.0
30534 318 1.0
30836 321 0.0
31019 323 1.0
31218 325 0.0
31593 329 1.0
32170 335 1.0
32465 338 0.0
33418 348 1.0
33610 350 1.0
34481 359 0.0
34858 363 1.0
35527 370 1.0
36346 378 0.0
36483 380 1.0
37255 388 1.0
38023 396 1.0
39562 412 1.0
41194 429 1.0
42935 447 0.0
43874 457 1.0
44553 464 1.0
45125 470 1.0
45417 473 1.0
45608 475 1.0
47621 496 1.0
48778 508 1.0
49444 515 1.0
50502 526 1.0
53862 561 0.0
54432 567 1.0
54959 572 0.0
55424 577 0.0
57219 596 1.0
57563 599 0.0
58086 605 1.0
58383 608 0.0
59728 622 0.0
60006 625 1.0
60115 626 0.0
60384 629 1.0
61261 638 0.0
62217 648 0.0
63077 657 1.0
63657 663 1.0
64130 668 1.0
64426 671 1.0
64992 677 0.0
66919 697 1.0
67310 701 0.0
67594 704 1.0
67690 705 1.0
67786 706 0.0
68372 712 0.0
68655 715 0.0
68930 718 1.0
69033 719 1.0
69322 722 1.0
69408 723 1.0
70197 731 0.0
70944 739 0.0
71247 742 0.0
72107 751 1.0
72681 757 1.0
73162 762 1.0
74217 773 1.0
75471 786 0.0
75566 787 0.0
76430 796 0.0
77186 804 1.0
77472 807 1.0
78154 814 1.0
82376 858 1.0
82688 861 0.0
83243 867 1.0
85254 888 1.0
87086 907 0.0
87183 908 0.0
88635 923 0.0
89193 929 1.0
90068 938 0.0
91205 950 1.0
91897 957 0.0
92456 963 1.0
93800 977 1.0
94190 981 0.0
94848 988 1.0
94948 989 1.0
97443 1015 1.0
97832 1019 1.0
98603 1027 1.0
99178 1033 1.0
99264 1034 1.0
99502 1036 0.0
101382 1056 0.0
101871 1061 0.0
103307 1076 1.0
104075 1084 1.0
104164 1085 1.0
105609 1100 1.0
105905 1103 0.0
110022 1146 0.0
111938 1166 1.0
112608 1173 1.0
113290 1180 1.0
113762 1185 1.0
114458 1192 0.0
115200 1200 1.0
115877 1207 1.0
116453 1213 1.0
117226 1221 1.0
118953 1239 1.0
119522 1245 1.0
120487 1255 1.0
120864 1259 1.0
121070 1261 0.0
121636 1267 1.0
121931 1270 1.0
122209 1273 1.0
123375 1285 0.0
123940 1291 1.0
124234 1294 1.0
124326 1295 0.0
124420 1296 1.0
124519 1297 1.0
125095 1303 1.0
125867 1311 1.0
125967 1312 0.0
126155 1314 1.0
126341 1316 1.0
127968 1333 1.0
128170 1335 1.0
130755 1362 1.0
132011 1375 1.0
132096 1376 1.0
132970 1385 1.0
133931 1395 1.0
134016 1396 1.0
134794 1404 1.0
134987 1406 1.0
135362 1410 0.0
135955 1416 0.0
136136 1418 1.0
136519 1422 1.0
136715 1424 1.0
137423 1431 0.0
137952 1437 1.0
138054 1438 1.0
138441 1442 1.0
138635 1444 1.0
140457 1463 1.0
140839 1467 1.0
141135 1470 0.0
142665 1486 1.0
142851 1488 1.0
142967 1489 0.0
145158 1512 1.0
145545 1516 0.0
146784 1529 1.0
147367 1535 1.0
148426 1546 1.0
148612 1548 1.0
148916 1551 0.0
149387 1556 0.0
149481 1557 1.0
150943 1572 0.0
151598 1579 0.0
152360 1587 1.0
153226 1596 1.0
153427 1598 0.0
 fin motif
# 4 target:0 c+:39 c-:31 score:251.08125135794947 score+:169.15321684405268 score-:570.8832190167718 nb:1 =l_3c_7 
0 0 1.0
2496 26 1.0
4520 47 1.0
5184 54 1.0
6859 71 0.0
8664 90 0.0
10467 109 1.0
12578 131 1.0
13729 143 1.0
15745 164 1.0
19584 204 1.0
19778 206 1.0
20299 211 0.0
21024 219 1.0
22190 231 0.0
22276 232 1.0
23040 240 1.0
23136 241 0.0
25825 269 1.0
27077 282 1.0
28911 301 0.0
34099 355 0.0
36480 380 1.0
37254 388 1.0
37719 392 0.0
39018 406 0.0
40912 426 0.0
41862 436 1.0
42640 444 0.0
43680 455 1.0
44755 466 0.0
49440 515 1.0
50793 529 0.0
51552 537 1.0
54163 564 0.0
54849 571 0.0
56166 585 1.0
59232 617 1.0
60883 634 0.0
61551 641 0.0
64902 676 1.0
69605 725 1.0
73344 764 1.0
74895 780 0.0
77771 810 0.0
78632 819 1.0
79147 824 0.0
79270 825 0.0
86112 897 1.0
88243 919 0.0
94671 986 0.0
95644 996 0.0
95817 998 0.0
102630 1069 1.0
106752 1112 1.0
108211 1127 0.0
114927 1197 0.0
115970 1208 1.0
118566 1235 1.0
123077 1282 1.0
125764 1310 1.0
126267 1315 0.0
135264 1409 1.0
139105 1449 1.0
148369 1545 0.0
148718 1549 0.0
149286 1555 1.0
151694 1580 0.0
152356 1587 1.0
152544 1589 1.0
 fin motif
# 5 target:0 c+:958 c-:291 score:207.45141184439376 score+:1145.642488251166 score-:1477.564747202196 nb:1 =l_3c_1 
3 0 1.0
102 1 1.0
218 2 0.0
327 3 0.0
389 4 1.0
490 5 1.0
585 6 1.0
678 7 1.0
774 8 1.0
909 9 0.0
982 10 0.0
1066 11 1.0
1197 12 0.0
1266 13 0.0
1344 14 1.0
1449 15 1.0
1545 16 1.0
1633 17 1.0
1735 18 1.0
2023 21 1.0
2112 22 1.0
2217 23 1.0
2409 25 1.0
2598 27 1.0
2690 28 1.0
2790 29 1.0
2886 30 1.0
3019 31 0.0
3080 32 1.0
3183 33 0.0
3272 34 1.0
3366 35 1.0
3463 36 1.0
3648 38 1.0
3845 40 1.0
3940 41 1.0
4137 43 1.0
4240 44 0.0
4328 45 1.0
4420 46 1.0
4519 47 1.0
4619 48 1.0
4713 49 1.0
4802 50 1.0
4995 52 1.0
5190 54 1.0
5281 55 1.0
5397 56 0.0
5575 58 1.0
5775 60 0.0
5960 62 1.0
6048 63 1.0
6150 64 1.0
6258 65 0.0
6337 66 1.0
6446 67 1.0
6544 68 0.0
6816 71 0.0
6916 72 1.0
7017 73 0.0
7111 74 1.0
7209 75 1.0
7306 76 1.0
7394 77 1.0
7493 78 1.0
7594 79 1.0
7687 80 1.0
7780 81 1.0
7877 82 1.0
8012 83 0.0
8073 84 0.0
8166 85 1.0
8265 86 1.0
8359 87 1.0
8448 88 1.0
8544 89 1.0
8655 90 0.0
8832 92 1.0
8937 93 1.0
9031 94 1.0
9120 95 1.0
9236 96 0.0
9316 97 1.0
9408 98 1.0
9507 99 1.0
9608 100 1.0
9705 101 1.0
9809 102 0.0
9914 103 0.0
9988 104 1.0
10176 106 1.0
10281 107 1.0
10470 109 1.0
10562 110 1.0
10656 111 1.0
10854 113 1.0
10945 114 1.0
11043 115 1.0
11157 116 0.0
11433 119 1.0
11526 120 0.0
11718 122 1.0
11810 123 1.0
11915 124 1.0
12102 126 1.0
12195 127 1.0
12294 128 1.0
12390 129 1.0
12488 130 1.0
12584 131 1.0
12770 133 1.0
13062 136 0.0
13162 137 1.0
13257 138 1.0
13445 140 1.0
13553 141 0.0
13632 142 1.0
13733 143 1.0
13835 144 1.0
13926 145 1.0
14121 147 1.0
14213 148 1.0
14323 149 0.0
14407 150 1.0
14499 151 1.0
14691 153 1.0
14789 154 1.0
14889 155 1.0
14984 156 1.0
15094 157 0.0
15176 158 0.0
15272 159 1.0
15365 160 1.0
15552 162 1.0
15650 163 1.0
15842 165 1.0
15944 166 1.0
16036 167 1.0
16137 168 1.0
16233 169 1.0
16330 170 1.0
16423 171 0.0
16514 172 1.0
16615 173 1.0
16706 174 1.0
16801 175 1.0
16896 176 1.0
17012 177 0.0
17095 178 1.0
17224 179 0.0
17291 180 1.0
17377 181 1.0
17478 182 1.0
17587 183 0.0
17666 184 1.0
17761 185 1.0
17862 186 1.0
17959 187 1.0
18057 188 1.0
18241 190 1.0
18453 192 0.0
18538 193 1.0
18634 194 1.0
18822 196 1.0
18916 197 1.0
19008 198 1.0
19126 199 0.0
19254 200 0.0
19398 202 0.0
19533 203 0.0
19587 204 1.0
19686 205 1.0
19785 206 1.0
19873 207 0.0
19975 208 1.0
20066 209 1.0
20256 211 0.0
20353 212 1.0
20465 213 0.0
20551 214 0.0
20746 216 1.0
20840 217 1.0
20949 218 0.0
21025 219 1.0
21125 220 1.0
21313 222 1.0
21411 223 1.0
21505 224 1.0
21604 225 1.0
21748 226 0.0
21991 229 1.0
22226 231 0.0
22274 232 1.0
22375 233 1.0
22502 234 0.0
22571 235 1.0
22857 238 1.0
22961 239 0.0
23165 241 0.0
23241 242 1.0
23337 243 1.0
23427 244 1.0
23527 245 1.0
23720 247 1.0
23914 249 1.0
24133 251 0.0
24208 252 0.0
24296 253 1.0
24392 254 1.0
24488 255 1.0
24582 256 0.0
24803 258 0.0
24967 260 1.0
25064 261 1.0
25291 263 0.0
25345 264 1.0
25462 265 0.0
25639 267 1.0
25746 268 0.0
26121 272 1.0
26306 274 1.0
26507 276 1.0
26597 277 1.0
26690 278 1.0
26788 279 1.0
27030 281 0.0
27076 282 1.0
27168 283 1.0
27269 284 1.0
27365 285 1.0
27656 288 1.0
27945 291 1.0
28039 292 1.0
28128 293 1.0
28226 294 1.0
28330 295 1.0
28423 296 1.0
28805 300 1.0
28917 301 0.0
29188 304 1.0
29280 305 1.0
29384 306 1.0
29482 307 1.0
29574 308 1.0
29669 309 1.0
29780 310 0.0
29874 311 0.0
29956 312 1.0
30055 313 1.0
30155 314 1.0
30341 316 1.0
30442 317 1.0
30537 318 1.0
30624 319 1.0
30727 320 1.0
30833 321 0.0
31016 323 1.0
31114 324 1.0
31217 325 0.0
31304 326 1.0
31394 327 1.0
31489 328 1.0
31785 331 1.0
31879 332 1.0
32003 333 0.0
32081 334 0.0
32258 336 1.0
32354 337 1.0
32481 338 0.0
32648 340 1.0
32740 341 1.0
32839 342 1.0
32946 343 0.0
33033 344 1.0
33129 345 1.0
33225 346 1.0
33313 347 1.0
33506 349 0.0
33609 350 1.0
33705 351 1.0
33792 352 1.0
33898 353 1.0
33991 354 1.0
34093 355 0.0
34177 356 1.0
34280 357 1.0
34369 358 1.0
34474 359 0.0
34570 360 1.0
34667 361 1.0
34763 362 1.0
34854 363 1.0
34953 364 1.0
35147 366 1.0
35242 367 1.0
35427 369 0.0
35522 370 1.0
35622 371 0.0
35717 372 1.0
35816 373 1.0
35910 374 0.0
36030 375 0.0
36107 376 1.0
36201 377 1.0
36306 378 0.0
36393 379 1.0
36484 380 1.0
36609 381 0.0
36784 383 0.0
36875 384 1.0
36962 385 1.0
37061 386 1.0
37160 387 1.0
37511 390 0.0
37645 392 0.0
37728 393 0.0
37929 395 1.0
38127 397 0.0
38225 398 0.0
38312 399 1.0
38405 400 1.0
38502 401 1.0
38597 402 1.0
38794 404 1.0
38888 405 1.0
39027 406 0.0
39081 407 1.0
39176 408 1.0
39361 410 1.0
39559 412 1.0
39662 413 0.0
39845 415 1.0
39945 416 1.0
40040 417 1.0
40134 418 1.0
40329 420 1.0
40518 422 0.0
40613 423 1.0
40899 426 0.0
40992 427 1.0
41097 428 1.0
41289 430 1.0
41395 431 0.0
41767 435 1.0
41866 436 1.0
41960 437 1.0
42080 438 0.0
42154 439 1.0
42246 440 1.0
42341 441 1.0
42443 442 1.0
42537 443 1.0
42627 444 0.0
42724 445 1.0
42823 446 1.0
42984 447 0.0
43014 448 1.0
43116 449 0.0
43222 450 0.0
43320 451 0.0
43494 453 1.0
43641 454 0.0
43683 455 1.0
43810 456 0.0
43974 458 1.0
44071 459 1.0
44262 461 1.0
44360 462 1.0
44453 463 1.0
44551 464 1.0
44640 465 1.0
44749 466 0.0
44885 467 0.0
45035 469 1.0
45124 470 1.0
45218 471 1.0
45331 472 0.0
45414 473 1.0
45801 477 1.0
45986 479 1.0
46086 480 1.0
46190 481 0.0
46277 482 1.0
46464 484 1.0
46564 485 1.0
46660 486 1.0
46856 488 1.0
47058 490 0.0
47136 491 1.0
47239 492 1.0
47337 493 1.0
47435 494 0.0
47523 495 1.0
47618 496 1.0
47712 497 1.0
47815 498 1.0
47915 499 1.0
48005 500 1.0
48103 501 1.0
48199 502 1.0
48385 504 0.0
48480 505 1.0
48582 506 0.0
48779 508 1.0
48873 509 1.0
48968 510 1.0
49154 512 1.0
49253 513 1.0
49354 514 0.0
49441 515 1.0
49536 516 1.0
49634 517 1.0
49729 518 1.0
49831 519 1.0
49930 520 1.0
50021 521 1.0
50123 522 1.0
50237 523 0.0
50321 524 0.0
50406 525 1.0
50505 526 1.0
50602 527 1.0
50696 528 1.0
50784 529 0.0
50880 530 1.0
50983 531 1.0
51079 532 1.0
51177 533 1.0
51267 534 1.0
51363 535 1.0
51556 537 1.0
51751 539 0.0
51848 540 1.0
51939 541 1.0
52045 542 0.0
52133 543 1.0
52327 545 0.0
52426 546 1.0
52517 547 1.0
52617 548 1.0
52709 549 1.0
52928 551 0.0
52998 552 1.0
53093 553 1.0
53191 554 1.0
53301 555 0.0
53384 556 0.0
53523 557 0.0
53568 558 1.0
53672 559 1.0
53760 560 1.0
53866 561 0.0
53959 562 1.0
54055 563 1.0
54171 564 0.0
54338 566 1.0
54437 567 1.0
54729 570 1.0
54824 571 0.0
54922 572 0.0
55016 573 1.0
55115 574 1.0
55410 577 0.0
55498 578 1.0
55590 579 1.0
55688 580 1.0
55784 581 1.0
55879 582 1.0
55973 583 1.0
56071 584 1.0
56169 585 1.0
56262 586 1.0
56359 587 1.0
56452 588 1.0
56649 590 1.0
56737 591 1.0
56832 592 1.0
56938 593 1.0
57032 594 1.0
57130 595 1.0
57222 596 1.0
57411 598 1.0
57542 599 0.0
57600 600 1.0
57705 601 1.0
58082 605 1.0
58192 606 0.0
58278 607 1.0
58384 608 0.0
58565 610 1.0
58666 611 1.0
58784 612 0.0
58948 614 1.0
59049 615 1.0
59139 616 1.0
59236 617 1.0
59430 619 1.0
59731 622 0.0
59813 623 1.0
60008 625 1.0
60112 626 0.0
60211 627 0.0
60386 629 1.0
60489 630 1.0
60586 631 1.0
60773 633 1.0
60873 634 0.0
60970 635 1.0
61065 636 1.0
61158 637 1.0
61251 638 0.0
61353 639 1.0
61560 641 0.0
61643 642 0.0
61732 643 1.0
61832 644 1.0
61953 645 0.0
62046 646 0.0
62114 647 1.0
62224 648 0.0
62306 649 1.0
62592 652 1.0
62696 653 1.0
62829 654 0.0
62889 655 1.0
62979 656 1.0
63171 658 1.0
63273 659 1.0
63460 661 1.0
63753 664 1.0
63947 666 1.0
64040 667 0.0
64134 668 1.0
64227 669 1.0
64416 671 1.0
64515 672 1.0
64609 673 1.0
64710 674 1.0
64811 675 1.0
64901 676 1.0
64998 677 0.0
65093 678 1.0
65194 679 1.0
65387 681 1.0
65479 682 1.0
65576 683 1.0
65683 684 0.0
65763 685 1.0
65965 687 0.0
66144 689 1.0
66436 692 1.0
66532 693 1.0
66631 694 1.0
66726 695 1.0
66816 696 1.0
66915 697 1.0
67026 698 0.0
67110 699 1.0
67297 701 0.0
67393 702 1.0
67590 704 1.0
67691 705 1.0
67883 707 1.0
67974 708 1.0
68084 709 0.0
68184 710 0.0
68272 711 0.0
68371 712 0.0
68452 713 1.0
68658 715 0.0
68743 716 1.0
68861 717 0.0
69031 719 1.0
69267 721 0.0
69321 722 1.0
69414 723 1.0
69514 724 1.0
69607 725 1.0
69703 726 1.0
69798 727 1.0
69899 728 1.0
69995 729 1.0
70081 730 1.0
70198 731 0.0
70275 732 1.0
70372 733 1.0
70468 734 1.0
70660 736 1.0
70768 737 0.0
70849 738 1.0
71145 741 1.0
71249 742 0.0
71338 743 1.0
71432 744 1.0
71530 745 1.0
71616 746 0.0
71761 747 0.0
71810 748 0.0
72010 750 1.0
72193 752 1.0
72385 754 1.0
72586 756 1.0
72768 758 1.0
72867 759 1.0
72965 760 1.0
73155 762 1.0
73250 763 1.0
73349 764 1.0
73542 766 1.0
73650 767 1.0
73745 768 0.0
74218 773 1.0
74420 775 0.0
74593 777 1.0
74696 778 1.0
74787 779 1.0
74889 780 0.0
74977 781 1.0
75078 782 1.0
75365 785 1.0
75474 786 0.0
75570 787 0.0
75658 788 1.0
75769 789 0.0
75845 790 1.0
75942 791 1.0
76040 792 1.0
76133 793 1.0
76224 794 1.0
76328 795 1.0
76434 796 0.0
76516 797 1.0
76618 798 1.0
76705 799 1.0
76903 801 1.0
76999 802 1.0
77190 804 1.0
77281 805 1.0
77392 806 0.0
77480 807 1.0
77763 810 0.0
77860 811 1.0
77952 812 1.0
78050 813 1.0
78249 815 1.0
78338 816 1.0
78440 817 1.0
78535 818 1.0
78628 819 1.0
78728 820 1.0
78824 821 1.0
78917 822 1.0
79018 823 1.0
79104 824 0.0
79250 825 0.0
79301 826 1.0
79397 827 1.0
79690 830 1.0
79968 833 1.0
80071 834 1.0
80167 835 1.0
80266 836 1.0
80382 837 0.0
80550 839 1.0
80658 840 0.0
80832 842 1.0
80936 843 1.0
81033 844 1.0
81130 845 1.0
81222 846 1.0
81320 847 1.0
81415 848 1.0
81509 849 1.0
81703 851 1.0
81792 852 1.0
81896 853 1.0
81991 854 1.0
82088 855 1.0
82180 856 1.0
82272 857 1.0
82520 859 0.0
82563 860 1.0
82674 861 0.0
82853 863 1.0
83000 864 0.0
83050 865 1.0
83144 866 1.0
83239 867 1.0
83334 868 1.0
83431 869 1.0
83529 870 1.0
83625 871 1.0
83842 873 0.0
83909 874 1.0
84008 875 1.0
84227 877 0.0
84298 878 1.0
84392 879 1.0
84484 880 1.0
84580 881 1.0
84674 882 1.0
84772 883 1.0
84872 884 1.0
84966 885 1.0
85253 888 1.0
85351 889 1.0
85459 890 0.0
85536 891 1.0
85749 893 0.0
85834 894 1.0
85938 895 0.0
86117 897 1.0
86311 899 1.0
86430 900 0.0
86697 903 1.0
86987 906 1.0
87084 907 0.0
87172 908 0.0
87265 909 0.0
87362 910 1.0
87458 911 1.0
87562 912 1.0
87660 913 0.0
87744 914 1.0
87844 915 1.0
87944 916 0.0
88043 917 1.0
88130 918 1.0
88256 919 0.0
88327 920 1.0
88425 921 1.0
88520 922 1.0
88641 923 0.0
88806 925 1.0
88953 926 0.0
88996 927 1.0
89098 928 1.0
89286 930 1.0
89381 931 1.0
89481 932 1.0
89669 934 1.0
89774 935 1.0
89865 936 1.0
90067 938 0.0
90150 939 1.0
90242 940 1.0
90342 941 0.0
90440 942 1.0
90632 944 1.0
90726 945 1.0
90824 946 1.0
90922 947 1.0
91011 948 1.0
91204 950 1.0
91297 951 1.0
91392 952 1.0
91592 954 1.0
91777 956 1.0
91902 957 0.0
91978 958 1.0
92074 959 1.0
92265 961 1.0
92357 962 1.0
92584 964 0.0
92744 966 0.0
92843 967 1.0
92942 968 0.0
93034 969 1.0
93132 970 1.0
93223 971 1.0
93322 972 1.0
93698 976 1.0
93793 977 1.0
93897 978 1.0
93991 979 1.0
94193 981 0.0
94377 983 1.0
94676 986 0.0
94761 987 1.0
95143 991 1.0
95234 992 1.0
95530 995 1.0
95623 996 0.0
95713 997 1.0
95830 998 0.0
95906 999 1.0
96000 1000 1.0
96096 1001 1.0
96197 1002 1.0
96298 1003 1.0
96485 1005 1.0
96673 1007 1.0
96777 1008 1.0
96866 1009 1.0
96960 1010 1.0
97058 1011 1.0
97155 1012 1.0
97256 1013 1.0
97353 1014 1.0
97446 1015 1.0
97638 1017 1.0
98025 1021 1.0
98305 1024 1.0
98411 1025 1.0
98504 1026 1.0
98597 1027 1.0
98696 1028 1.0
98794 1029 1.0
98936 1030 0.0
98981 1031 1.0
99095 1032 0.0
99362 1035 1.0
99499 1036 0.0
99562 1037 1.0
99650 1038 1.0
99750 1039 1.0
99855 1040 0.0
99941 1041 1.0
100050 1042 0.0
100133 1043 1.0
100224 1044 1.0
100323 1045 1.0
100416 1046 1.0
100514 1047 1.0
100618 1048 1.0
100731 1049 0.0
100896 1051 1.0
100998 1052 1.0
101189 1054 1.0
101280 1055 1.0
101383 1056 0.0
101577 1058 1.0
101766 1060 1.0
101870 1061 0.0
101955 1062 1.0
102058 1063 1.0
102346 1066 1.0
102439 1067 1.0
102574 1068 0.0
102632 1069 1.0
102736 1070 0.0
102917 1072 1.0
103011 1073 1.0
103114 1074 1.0
103208 1075 1.0
103296 1076 1.0
103402 1077 1.0
103550 1078 0.0
103593 1079 1.0
103684 1080 1.0
103785 1081 1.0
103880 1082 1.0
104071 1084 1.0
104161 1085 1.0
104257 1086 1.0
104352 1087 1.0
104466 1088 0.0
104548 1089 1.0
104656 1090 0.0
104751 1091 0.0
104839 1092 1.0
105025 1094 1.0
105126 1095 1.0
105224 1096 1.0
105315 1097 1.0
105415 1098 1.0
105603 1100 1.0
105699 1101 1.0
105802 1102 0.0
105936 1103 0.0
105992 1104 1.0
106082 1105 1.0
106282 1107 1.0
106375 1108 1.0
106480 1109 0.0
106570 1110 1.0
106756 1112 1.0
106961 1114 1.0
107062 1115 0.0
107147 1116 1.0
107238 1117 1.0
107343 1118 0.0
107453 1119 0.0
107529 1120 1.0
107622 1121 1.0
107738 1122 0.0
107814 1123 0.0
107929 1124 0.0
108008 1125 1.0
108103 1126 1.0
108217 1127 0.0
108307 1128 0.0
108389 1129 1.0
108584 1131 1.0
108678 1132 1.0
108774 1133 1.0
108872 1134 1.0
109152 1137 1.0
109258 1138 1.0
109444 1140 1.0
109540 1141 1.0
109737 1143 1.0
109834 1144 1.0
109924 1145 1.0
110217 1148 1.0
110309 1149 1.0
110496 1151 1.0
110596 1152 1.0
110790 1154 1.0
110887 1155 1.0
110986 1156 1.0
111082 1157 1.0
111168 1158 1.0
111462 1161 1.0
111552 1162 1.0
111659 1163 1.0
111753 1164 1.0
112087 1167 0.0
112146 1168 0.0
112227 1169 1.0
112420 1171 1.0
112515 1172 1.0
112714 1174 1.0
112806 1175 0.0
112998 1177 0.0
113121 1178 0.0
113191 1179 1.0
113476 1182 1.0
113571 1183 1.0
113674 1184 1.0
113770 1185 1.0
113866 1186 1.0
113960 1187 1.0
114155 1189 1.0
114241 1190 1.0
114352 1191 0.0
114474 1192 0.0
114535 1193 1.0
114625 1194 0.0
114725 1195 1.0
114822 1196 1.0
114933 1197 0.0
115014 1198 1.0
115118 1199 0.0
115301 1201 1.0
115401 1202 1.0
115497 1203 1.0
115587 1204 0.0
115728 1205 0.0
115783 1206 1.0
115880 1207 1.0
115977 1208 1.0
116281 1211 0.0
116359 1212 0.0
116450 1213 1.0
116551 1214 1.0
116650 1215 1.0
116745 1216 1.0
116839 1217 1.0
116937 1218 1.0
117218 1221 1.0
117312 1222 1.0
117514 1224 1.0
117608 1225 1.0
117702 1226 1.0
117794 1227 1.0
117891 1228 1.0
117993 1229 1.0
118288 1232 0.0
118368 1233 0.0
118569 1235 1.0
118660 1236 1.0
118858 1238 1.0
118950 1239 1.0
119049 1240 1.0
119237 1242 1.0
119339 1243 1.0
119431 1244 1.0
119720 1247 1.0
119922 1249 0.0
120106 1251 1.0
120196 1252 1.0
120384 1254 0.0
120481 1255 1.0
120682 1257 1.0
120772 1258 1.0
121074 1261 0.0
121170 1262 0.0
121262 1263 0.0
121360 1264 0.0
121440 1265 1.0
121737 1268 1.0
121930 1270 1.0
122024 1271 1.0
122131 1272 0.0
122405 1275 1.0
122519 1276 0.0
122610 1277 0.0
122691 1278 1.0
122890 1280 1.0
122982 1281 1.0
123081 1282 1.0
123175 1283 1.0
123274 1284 1.0
123378 1285 0.0
123508 1286 0.0
123655 1288 1.0
123752 1289 1.0
123847 1290 1.0
124042 1292 1.0
124513 1297 1.0
124648 1298 0.0
124712 1299 1.0
124994 1302 1.0
125290 1305 1.0
125376 1306 1.0
125472 1307 1.0
125577 1308 1.0
125673 1309 1.0
125864 1311 1.0
125970 1312 0.0
126057 1313 1.0
126144 1314 1.0
126265 1315 0.0
126441 1317 1.0
126528 1318 1.0
126633 1319 1.0
126730 1320 1.0
126831 1321 0.0
126920 1322 1.0
127011 1323 1.0
127111 1324 1.0
127306 1326 1.0
127403 1327 1.0
127590 1329 1.0
127686 1330 1.0
127778 1331 1.0
127876 1332 1.0
127976 1333 1.0
128082 1334 0.0
128265 1336 1.0
128352 1337 1.0
128458 1338 1.0
128595 1339 0.0
128642 1340 1.0
128754 1341 0.0
128842 1342 1.0
128942 1343 1.0
129025 1344 1.0
129134 1345 0.0
129216 1346 1.0
129320 1347 1.0
129419 1348 1.0
129513 1349 1.0
129600 1350 1.0
129698 1351 1.0
129793 1352 1.0
129889 1353 1.0
129993 1354 1.0
130186 1356 1.0
130278 1357 1.0
130376 1358 1.0
130472 1359 1.0
130666 1361 1.0
130850 1363 1.0
131045 1365 1.0
131136 1366 1.0
131232 1367 0.0
131336 1368 1.0
131431 1369 1.0
131627 1371 0.0
131714 1372 1.0
131812 1373 1.0
131967 1374 0.0
132007 1375 1.0
132202 1377 1.0
132291 1378 1.0
132384 1379 1.0
132484 1380 1.0
132586 1381 1.0
132674 1382 1.0
132788 1383 0.0
132872 1384 1.0
132964 1385 1.0
133058 1386 1.0
133252 1388 1.0
133354 1389 1.0
133448 1390 1.0
133551 1391 0.0
133640 1392 1.0
133776 1393 0.0
133824 1394 1.0
133928 1395 1.0
134114 1397 1.0
134216 1398 1.0
134497 1401 1.0
134596 1402 1.0
134696 1403 1.0
134793 1404 1.0
134896 1405 0.0
134982 1406 1.0
135072 1407 1.0
135173 1408 1.0
135269 1409 1.0
135377 1410 0.0
135462 1411 1.0
135555 1412 1.0
135663 1413 0.0
135848 1415 1.0
136039 1417 1.0
136139 1418 1.0
136234 1419 1.0
136513 1422 1.0
136617 1423 1.0
136806 1425 1.0
137094 1428 0.0
137288 1430 1.0
137419 1431 0.0
137670 1434 1.0
137856 1436 1.0
137961 1437 1.0
138147 1439 1.0
138246 1440 1.0
138343 1441 1.0
138432 1442 1.0
138528 1443 1.0
138631 1444 1.0
138729 1445 1.0
138825 1446 0.0
138918 1447 0.0
139112 1449 1.0
139218 1450 0.0
139298 1451 1.0
139400 1452 1.0
139490 1453 1.0
139715 1455 0.0
139783 1456 1.0
139874 1457 1.0
139977 1458 1.0
140071 1459 1.0
140453 1463 1.0
140553 1464 1.0
140647 1465 1.0
140751 1466 0.0
140843 1467 1.0
141061 1469 0.0
141137 1470 0.0
141222 1471 1.0
141318 1472 1.0
141409 1473 1.0
141513 1474 1.0
141600 1475 1.0
141707 1476 1.0
141803 1477 1.0
141889 1478 1.0
142002 1479 0.0
142084 1480 1.0
142182 1481 1.0
142278 1482 1.0
142378 1483 1.0
142465 1484 1.0
142568 1485 1.0
142662 1486 1.0
142756 1487 1.0
143012 1489 0.0
143044 1490 1.0
143237 1492 1.0
143467 1494 0.0
143525 1495 1.0
143616 1496 1.0
143720 1497 1.0
143823 1498 0.0
143912 1499 1.0
144103 1501 1.0
144197 1502 1.0
144291 1503 1.0
144406 1504 0.0
144485 1505 1.0
144587 1506 1.0
144682 1507 1.0
144870 1509 1.0
144967 1510 1.0
145346 1514 0.0
145444 1515 1.0
145546 1516 0.0
145642 1517 1.0
145735 1518 1.0
145925 1520 1.0
146020 1521 1.0
146219 1523 1.0
146324 1524 0.0
146409 1525 1.0
146600 1527 1.0
146691 1528 1.0
146795 1529 1.0
146883 1530 1.0
146983 1531 1.0
147091 1532 1.0
147174 1533 1.0
147264 1534 1.0
147459 1536 1.0
147566 1537 0.0
147653 1538 1.0
147751 1539 0.0
147941 1541 1.0
148139 1543 1.0
148230 1544 0.0
148348 1545 0.0
148424 1546 1.0
148517 1547 1.0
148707 1549 0.0
148803 1550 1.0
148913 1551 0.0
149003 1552 1.0
149090 1553 1.0
149217 1554 0.0
149288 1555 1.0
149377 1556 0.0
149475 1557 1.0
149575 1558 1.0
149860 1561 1.0
149959 1562 1.0
150056 1563 1.0
150146 1564 1.0
150242 1565 1.0
150345 1566 0.0
150536 1568 1.0
150851 1571 0.0
150937 1572 0.0
151010 1573 1.0
151114 1574 1.0
151296 1576 1.0
151397 1577 1.0
151601 1579 0.0
151683 1580 0.0
151801 1581 0.0
151882 1582 1.0
151976 1583 1.0
152073 1584 1.0
152168 1585 1.0
152264 1586 1.0
152359 1587 1.0
152554 1589 1.0
152841 1592 1.0
152934 1593 1.0
153030 1594 1.0
153318 1597 1.0
153426 1598 0.0
153504 1599 1.0
 fin motif
# 6 target:0 c+:922 c-:271 score:179.549050067214 score+:1158.4653529941318 score-:1445.7438331016742 nb:1 =l_3c_2 
7 0 1.0
208 2 0.0
313 3 0.0
390 4 1.0
481 5 1.0
974 10 0.0
1058 11 1.0
1164 12 0.0
1249 13 0.0
1445 15 1.0
1536 16 1.0
1636 17 1.0
1732 18 1.0
1827 19 1.0
1925 20 1.0
2118 22 1.0
2312 24 1.0
2410 25 1.0
2500 26 1.0
2599 27 1.0
2688 28 1.0
2793 29 1.0
2884 30 1.0
3031 31 0.0
3189 33 0.0
3264 34 1.0
3556 37 1.0
3745 39 1.0
3847 40 1.0
4038 42 1.0
4128 43 1.0
4229 44 0.0
4421 46 1.0
4614 48 1.0
4710 49 1.0
4800 50 1.0
4896 51 1.0
5097 53 1.0
5185 54 1.0
5280 55 1.0
5480 57 1.0
5568 58 1.0
5664 59 1.0
5779 60 0.0
6255 65 0.0
6344 66 1.0
6432 67 1.0
6533 68 0.0
6629 69 1.0
6724 70 1.0
6822 71 0.0
6917 72 1.0
7008 73 0.0
7108 74 1.0
7300 76 1.0
7397 77 1.0
7492 78 1.0
7584 79 1.0
7683 80 1.0
7781 81 1.0
7876 82 1.0
8000 83 0.0
8064 84 0.0
8261 86 1.0
8450 88 1.0
8552 89 1.0
8662 90 0.0
8739 91 1.0
8837 92 1.0
8931 93 1.0
9029 94 1.0
9224 96 0.0
9315 97 1.0
9414 98 1.0
9510 99 1.0
9604 100 1.0
9696 101 1.0
9801 102 0.0
9932 103 0.0
9993 104 1.0
10088 105 1.0
10179 106 1.0
10372 108 0.0
10570 110 1.0
10664 111 1.0
10761 112 1.0
10859 113 1.0
10946 114 1.0
11047 115 1.0
11151 116 0.0
11238 117 1.0
11338 118 1.0
11528 120 0.0
11620 121 1.0
11815 123 1.0
12005 125 1.0
12100 126 1.0
12199 127 1.0
12298 128 1.0
12388 129 1.0
12486 130 1.0
12678 132 1.0
12769 133 1.0
12871 134 1.0
12967 135 1.0
13056 136 0.0
13152 137 1.0
13344 139 1.0
13440 140 1.0
13554 141 0.0
13635 142 1.0
13728 143 1.0
13830 144 1.0
13925 145 1.0
14021 146 1.0
14325 149 0.0
14401 150 1.0
14496 151 1.0
14600 152 1.0
14698 153 1.0
14788 154 1.0
14887 155 1.0
14978 156 1.0
15091 157 0.0
15178 158 0.0
15273 159 1.0
15363 160 1.0
15562 162 1.0
15752 164 1.0
15936 166 1.0
16033 167 1.0
16138 168 1.0
16235 169 1.0
16323 170 1.0
16424 171 0.0
16810 175 1.0
16904 176 1.0
17052 177 0.0
17229 179 0.0
17479 182 1.0
17664 184 1.0
17765 185 1.0
17856 186 1.0
17962 187 1.0
18052 188 1.0
18152 189 1.0
18247 190 1.0
18336 191 1.0
18536 193 1.0
18632 194 1.0
18724 195 1.0
18817 196 1.0
18923 197 1.0
19012 198 1.0
19147 199 0.0
19240 200 0.0
19302 201 1.0
19400 202 0.0
19541 203 0.0
19586 204 1.0
19776 206 1.0
19887 207 0.0
19968 208 1.0
20166 210 1.0
20262 211 0.0
20352 212 1.0
20467 213 0.0
20559 214 0.0
20745 216 1.0
20940 218 0.0
21216 221 1.0
21312 222 1.0
21412 223 1.0
21512 224 1.0
21606 225 1.0
21707 226 0.0
21792 227 1.0
21891 228 1.0
21989 229 1.0
22088 230 1.0
22205 231 0.0
22368 233 1.0
22481 234 0.0
22668 236 0.0
22759 237 1.0
22852 238 1.0
22951 239 0.0
23137 241 0.0
23242 242 1.0
23331 243 1.0
23616 246 1.0
23810 248 1.0
23911 249 1.0
24000 250 1.0
24112 251 0.0
24210 252 0.0
24385 254 1.0
24482 255 1.0
24683 257 0.0
24785 258 0.0
24866 259 1.0
25056 261 1.0
25249 263 0.0
25348 264 1.0
25460 265 0.0
25643 267 1.0
25735 268 0.0
25922 270 1.0
26019 271 1.0
26120 272 1.0
26211 273 1.0
26310 274 1.0
26402 275 1.0
26793 279 1.0
26887 280 1.0
26987 281 0.0
27175 283 1.0
27266 284 1.0
27457 286 1.0
27650 288 1.0
27750 289 0.0
28034 292 1.0
28138 293 1.0
28231 294 1.0
28424 296 1.0
28514 297 1.0
28611 298 1.0
28712 299 1.0
28930 301 0.0
29001 302 1.0
29094 303 1.0
29289 305 1.0
29381 306 1.0
29671 309 1.0
29775 310 0.0
29878 311 0.0
30052 313 1.0
30154 314 1.0
30243 315 1.0
30336 316 1.0
30433 317 1.0
30535 318 1.0
30629 319 1.0
30722 320 1.0
30816 321 0.0
30918 322 1.0
31008 323 1.0
31113 324 1.0
31208 325 0.0
31306 326 1.0
31589 329 1.0
31688 330 1.0
31783 331 1.0
31880 332 1.0
31982 333 0.0
32079 334 0.0
32169 335 1.0
32260 336 1.0
32362 337 1.0
32555 339 1.0
32741 341 1.0
32960 343 0.0
33318 347 1.0
33413 348 1.0
33534 349 0.0
33606 350 1.0
33699 351 1.0
33801 352 1.0
33890 353 1.0
34095 355 0.0
34176 356 1.0
34272 357 1.0
34373 358 1.0
34470 359 0.0
34568 360 1.0
34761 362 1.0
34855 363 1.0
34946 364 1.0
35043 365 1.0
35334 368 1.0
35460 369 0.0
35907 374 0.0
36062 375 0.0
36192 377 1.0
36303 378 0.0
36576 381 0.0
36679 382 1.0
36768 383 0.0
36873 384 1.0
37257 388 1.0
37344 389 1.0
37446 390 0.0
37644 392 0.0
37744 393 0.0
37924 395 1.0
38021 396 1.0
38131 397 0.0
38214 398 0.0
38309 399 1.0
38496 401 1.0
38693 403 1.0
38787 404 1.0
38883 405 1.0
38999 406 0.0
39175 408 1.0
39269 409 1.0
39367 410 1.0
39459 411 1.0
39556 412 1.0
39679 413 0.0
39755 414 1.0
39841 415 1.0
40035 417 1.0
40230 419 1.0
40426 421 1.0
40515 422 0.0
40609 423 1.0
40704 424 1.0
40806 425 1.0
40901 426 0.0
40995 427 1.0
41093 428 1.0
41192 429 1.0
41281 430 1.0
41476 432 1.0
41570 433 1.0
41761 435 1.0
41859 436 1.0
41958 437 1.0
42084 438 0.0
42148 439 1.0
42240 440 1.0
42340 441 1.0
42442 442 1.0
42528 443 1.0
42629 444 0.0
42825 446 1.0
43127 449 0.0
43211 450 0.0
43394 452 1.0
43619 454 0.0
43689 455 1.0
43813 456 0.0
43876 457 1.0
44162 460 1.0
44256 461 1.0
44358 462 1.0
44448 463 1.0
44546 464 1.0
44751 466 0.0
44833 467 0.0
44934 468 1.0
45130 470 1.0
45317 472 0.0
45410 473 1.0
45512 474 1.0
45603 475 1.0
45697 476 1.0
45792 477 1.0
45898 478 1.0
45989 479 1.0
46373 483 1.0
46473 484 1.0
46760 487 1.0
46950 489 1.0
47055 490 0.0
47139 491 1.0
47233 492 1.0
47335 493 1.0
47430 494 0.0
47524 495 1.0
47623 496 1.0
47714 497 1.0
47910 499 1.0
48098 501 1.0
48195 502 1.0
48291 503 1.0
48482 505 1.0
48677 507 1.0
48768 508 1.0
48865 509 1.0
48965 510 1.0
49062 511 1.0
49254 513 1.0
49352 514 0.0
49635 517 1.0
49732 518 1.0
50312 524 0.0
50409 525 1.0
50503 526 1.0
50596 527 1.0
50697 528 1.0
50792 529 0.0
50976 531 1.0
51082 532 1.0
51176 533 1.0
51269 534 1.0
51371 535 1.0
51466 536 1.0
51553 537 1.0
51658 538 1.0
51841 540 1.0
52044 542 0.0
52132 543 1.0
52224 544 1.0
52326 545 0.0
52420 546 1.0
52520 547 1.0
52616 548 1.0
52706 549 1.0
52804 550 1.0
52925 551 0.0
53000 552 1.0
53088 553 1.0
53186 554 1.0
53316 555 0.0
53411 556 0.0
53502 557 0.0
53571 558 1.0
53871 561 0.0
53952 562 1.0
54159 564 0.0
54245 565 0.0
54337 566 1.0
54532 568 1.0
54630 569 1.0
54720 570 1.0
54830 571 0.0
54912 572 0.0
55114 574 1.0
55211 575 1.0
55299 576 1.0
55407 577 0.0
55496 578 1.0
55586 579 1.0
55781 581 1.0
55881 582 1.0
55974 583 1.0
56264 586 1.0
56360 587 1.0
56454 588 1.0
56551 589 1.0
56648 590 1.0
56743 591 1.0
56839 592 1.0
56928 593 1.0
57125 595 1.0
57221 596 1.0
57312 597 1.0
57415 598 1.0
57565 599 0.0
57607 600 1.0
57795 602 1.0
57893 603 1.0
57990 604 1.0
58080 605 1.0
58176 606 0.0
58280 607 1.0
58376 608 0.0
58464 609 1.0
58667 611 1.0
58780 612 0.0
58854 613 1.0
58944 614 1.0
59140 616 1.0
59234 617 1.0
59330 618 1.0
59433 619 1.0
59618 621 1.0
59721 622 0.0
59910 624 1.0
60103 626 0.0
60203 627 0.0
60297 628 1.0
60390 629 1.0
60487 630 1.0
60576 631 1.0
60677 632 1.0
60772 633 1.0
60889 634 0.0
61060 636 1.0
61263 638 0.0
61347 639 1.0
61446 640 1.0
61541 641 0.0
61632 642 0.0
61933 645 0.0
62032 646 0.0
62121 647 1.0
62229 648 0.0
62407 650 1.0
62784 654 0.0
62884 655 1.0
63075 657 1.0
63266 659 1.0
63361 660 1.0
63553 662 1.0
63658 663 1.0
63945 666 1.0
64042 667 0.0
64139 668 1.0
64232 669 1.0
64323 670 1.0
64420 671 1.0
64617 673 1.0
64706 674 1.0
64810 675 1.0
64898 676 1.0
65090 678 1.0
65288 680 1.0
65386 681 1.0
65472 682 1.0
65571 683 1.0
65675 684 0.0
65767 685 1.0
65860 686 1.0
65958 687 0.0
66059 688 1.0
66150 689 1.0
66241 690 1.0
66338 691 1.0
66529 693 1.0
66823 696 1.0
66923 697 1.0
67023 698 0.0
67104 699 1.0
67202 700 1.0
67303 701 0.0
67401 702 1.0
67491 703 1.0
67595 704 1.0
67689 705 1.0
67777 706 0.0
67976 708 1.0
68101 709 0.0
68177 710 0.0
68261 711 0.0
68367 712 0.0
68547 714 1.0
68657 715 0.0
68885 717 0.0
68931 718 1.0
69032 719 1.0
69120 720 1.0
69230 721 0.0
69319 722 1.0
69513 724 1.0
69697 726 1.0
69794 727 1.0
69894 728 1.0
70080 730 1.0
70184 731 0.0
70368 733 1.0
70466 734 1.0
70564 735 1.0
70763 737 0.0
70978 739 0.0
71048 740 1.0
71240 742 0.0
71334 743 1.0
71424 744 1.0
71529 745 1.0
71627 746 0.0
71769 747 0.0
71811 748 0.0
71907 749 1.0
72007 750 1.0
72100 751 1.0
72306 753 1.0
72388 754 1.0
72484 755 1.0
72677 757 1.0
72779 758 1.0
73057 761 1.0
73159 762 1.0
73249 763 1.0
73445 765 1.0
73539 766 1.0
73741 768 0.0
73830 769 1.0
73929 770 1.0
74121 772 1.0
74214 773 1.0
74309 774 1.0
74408 775 0.0
74505 776 1.0
74698 778 1.0
74905 780 0.0
74981 781 1.0
75072 782 1.0
75178 783 1.0
75266 784 1.0
75366 785 1.0
75464 786 0.0
75559 787 0.0
75794 789 0.0
75840 790 1.0
76232 794 1.0
76423 796 0.0
76616 798 1.0
76708 799 1.0
76809 800 1.0
76899 801 1.0
76995 802 1.0
77093 803 1.0
77194 804 1.0
77394 806 0.0
77575 808 1.0
77670 809 1.0
77765 810 0.0
77858 811 1.0
78058 813 1.0
78144 814 1.0
78432 817 1.0
78626 819 1.0
78724 820 1.0
79110 824 0.0
79223 825 0.0
79304 826 1.0
79393 827 1.0
79494 828 1.0
79595 829 1.0
79776 831 1.0
79880 832 1.0
80069 834 1.0
80256 836 1.0
80368 837 0.0
80449 838 1.0
80547 839 1.0
80655 840 0.0
80742 841 0.0
80840 842 1.0
80932 843 1.0
81129 845 1.0
81321 847 1.0
81409 848 1.0
81515 849 1.0
81603 850 1.0
81705 851 1.0
81888 853 1.0
81992 854 1.0
82087 855 1.0
82183 856 1.0
82274 857 1.0
82371 858 1.0
82501 859 0.0
82562 860 1.0
82671 861 0.0
82955 864 0.0
83043 865 1.0
83235 867 1.0
83333 868 1.0
83719 872 1.0
83843 873 0.0
83908 874 1.0
84007 875 1.0
84097 876 1.0
84236 877 0.0
84295 878 1.0
84585 881 1.0
84675 882 1.0
84774 883 1.0
84867 884 1.0
85063 886 1.0
85154 887 1.0
85251 888 1.0
85354 889 1.0
85455 890 0.0
85544 891 1.0
85642 892 1.0
85747 893 0.0
85827 894 1.0
85935 895 0.0
86022 896 1.0
86213 898 1.0
86309 899 1.0
86416 900 0.0
86694 903 1.0
86790 904 1.0
86881 905 1.0
86976 906 1.0
87184 908 0.0
87272 909 0.0
87365 910 1.0
87561 912 1.0
87655 913 0.0
87847 915 1.0
87968 916 0.0
88038 917 1.0
88239 919 0.0
88516 922 1.0
88608 923 0.0
88704 924 1.0
88805 925 1.0
88939 926 0.0
88997 927 1.0
89192 929 1.0
89482 932 1.0
89569 933 1.0
89674 934 1.0
89772 935 1.0
89861 936 1.0
89954 937 1.0
90054 938 0.0
90149 939 1.0
90244 940 1.0
90442 942 1.0
90531 943 1.0
90628 944 1.0
90724 945 1.0
90822 946 1.0
90923 947 1.0
91010 948 1.0
91106 949 1.0
91203 950 1.0
91303 951 1.0
91394 952 1.0
91492 953 1.0
91586 954 1.0
91690 955 1.0
91781 956 1.0
91880 957 0.0
92072 959 1.0
92161 960 0.0
92359 962 1.0
92450 963 1.0
92601 964 0.0
92644 965 1.0
92737 966 0.0
92940 968 0.0
93027 969 1.0
93121 970 1.0
93224 971 1.0
93314 972 1.0
93510 974 0.0
93792 977 1.0
93892 978 1.0
94083 980 1.0
94183 981 0.0
94275 982 1.0
94473 984 1.0
94661 986 0.0
94851 988 1.0
94951 989 1.0
95046 990 1.0
95136 991 1.0
95236 992 1.0
95334 993 1.0
95432 994 1.0
95531 995 1.0
95651 996 0.0
95722 997 1.0
95814 998 0.0
95904 999 1.0
96007 1000 1.0
96104 1001 1.0
96198 1002 1.0
96387 1004 1.0
96486 1005 1.0
96580 1006 1.0
96961 1010 1.0
97061 1011 1.0
97252 1013 1.0
97352 1014 1.0
97536 1016 1.0
97639 1017 1.0
97736 1018 1.0
97824 1019 1.0
97924 1020 1.0
98121 1022 1.0
98307 1024 1.0
98497 1026 1.0
98694 1028 1.0
98793 1029 1.0
98920 1030 0.0
98978 1031 1.0
99108 1032 0.0
99177 1033 1.0
99271 1034 1.0
99511 1036 0.0
99747 1039 1.0
99853 1040 0.0
100047 1042 0.0
100227 1044 1.0
100513 1047 1.0
100757 1049 0.0
100800 1050 1.0
100904 1051 1.0
100993 1052 1.0
101094 1053 1.0
101186 1054 1.0
101282 1055 1.0
101388 1056 0.0
101481 1057 1.0
101667 1059 1.0
101861 1061 0.0
101957 1062 1.0
102246 1065 1.0
102564 1068 0.0
102627 1069 1.0
102727 1070 0.0
102816 1071 1.0
102918 1072 1.0
103111 1074 1.0
103202 1075 1.0
103301 1076 1.0
103536 1078 0.0
103686 1080 1.0
103976 1083 1.0
104166 1085 1.0
104260 1086 1.0
104454 1088 0.0
104550 1089 1.0
104671 1090 0.0
104737 1091 0.0
104840 1092 1.0
104930 1093 1.0
105024 1094 1.0
105129 1095 1.0
105316 1097 1.0
105416 1098 1.0
105512 1099 1.0
105606 1100 1.0
105796 1102 0.0
105941 1103 0.0
106471 1109 0.0
106661 1111 1.0
106753 1112 1.0
106852 1113 1.0
107041 1115 0.0
107142 1116 1.0
107333 1118 0.0
107451 1119 0.0
107530 1120 1.0
107621 1121 1.0
107740 1122 0.0
107809 1123 0.0
108002 1125 1.0
108100 1126 1.0
108207 1127 0.0
108486 1130 1.0
108577 1131 1.0
108681 1132 1.0
108768 1133 1.0
108869 1134 1.0
108967 1135 1.0
109065 1136 1.0
109353 1139 1.0
109442 1140 1.0
109543 1141 1.0
109634 1142 1.0
109738 1143 1.0
109926 1145 1.0
110025 1146 0.0
110121 1147 1.0
110311 1149 1.0
110406 1150 1.0
110506 1151 1.0
110696 1153 1.0
110791 1154 1.0
110987 1156 1.0
111073 1157 1.0
111179 1158 1.0
111270 1159 1.0
111369 1160 1.0
111459 1161 1.0
111657 1163 1.0
111752 1164 1.0
111847 1165 1.0
111940 1166 1.0
112078 1167 0.0
112143 1168 0.0
112225 1169 1.0
112323 1170 1.0
112418 1171 1.0
112512 1172 1.0
112611 1173 1.0
112904 1176 1.0
113283 1180 1.0
113376 1181 1.0
113475 1182 1.0
113771 1185 1.0
113959 1187 1.0
114049 1188 1.0
114149 1189 1.0
114244 1190 1.0
114353 1191 0.0
114432 1192 0.0
114648 1194 0.0
114826 1196 1.0
114918 1197 0.0
115011 1198 1.0
115297 1201 1.0
115493 1203 1.0
115598 1204 0.0
115690 1205 0.0
115776 1206 1.0
115873 1207 1.0
115969 1208 1.0
116072 1209 1.0
116166 1210 1.0
116268 1211 0.0
116455 1213 1.0
116548 1214 1.0
116645 1215 1.0
116741 1216 1.0
116832 1217 1.0
117128 1220 1.0
117223 1221 1.0
117319 1222 1.0
117409 1223 1.0
117508 1224 1.0
117603 1225 1.0
117889 1228 1.0
117985 1229 1.0
118088 1230 1.0
118176 1231 1.0
118308 1232 0.0
118371 1233 0.0
118468 1234 1.0
118656 1236 1.0
118759 1237 0.0
118855 1238 1.0
118947 1239 1.0
119050 1240 1.0
119146 1241 1.0
119337 1243 1.0
119428 1244 1.0
119623 1246 1.0
119717 1247 1.0
119808 1248 1.0
119919 1249 0.0
120002 1250 1.0
120198 1252 1.0
120288 1253 1.0
120389 1254 0.0
120486 1255 1.0
120576 1256 1.0
120673 1257 1.0
120773 1258 1.0
120874 1259 1.0
120966 1260 1.0
121109 1261 0.0
121167 1262 0.0
121261 1263 0.0
121445 1265 1.0
121546 1266 1.0
121929 1270 1.0
122114 1272 0.0
122213 1273 1.0
122304 1274 1.0
122402 1275 1.0
122537 1276 0.0
122607 1277 0.0
122697 1278 1.0
122794 1279 1.0
122887 1280 1.0
122979 1281 1.0
123169 1283 1.0
123368 1285 0.0
123484 1286 0.0
123651 1288 1.0
123840 1290 1.0
123937 1291 1.0
124043 1292 1.0
124130 1293 1.0
124232 1294 1.0
124333 1295 0.0
124416 1296 1.0
124515 1297 1.0
124659 1298 0.0
124807 1300 1.0
124997 1302 1.0
125093 1303 1.0
125185 1304 1.0
125284 1305 1.0
125381 1306 1.0
125482 1307 1.0
125568 1308 1.0
125669 1309 1.0
125767 1310 1.0
125862 1311 1.0
125960 1312 0.0
126055 1313 1.0
126149 1314 1.0
126273 1315 0.0
126345 1316 1.0
126533 1318 1.0
126722 1320 1.0
126817 1321 0.0
127210 1325 1.0
127299 1326 1.0
127392 1327 1.0
127489 1328 1.0
127588 1329 1.0
127684 1330 1.0
127782 1331 1.0
128070 1334 0.0
128166 1335 1.0
128362 1337 1.0
128456 1338 1.0
128572 1339 0.0
128751 1341 0.0
128833 1342 1.0
128937 1343 1.0
129509 1349 1.0
129605 1350 1.0
129696 1351 1.0
129797 1352 1.0
129888 1353 1.0
130185 1356 1.0
130377 1358 1.0
130469 1359 1.0
130564 1360 1.0
130656 1361 1.0
130944 1364 1.0
131044 1365 1.0
131141 1366 1.0
131237 1367 0.0
131328 1368 1.0
131427 1369 1.0
131520 1370 1.0
131634 1371 0.0
131808 1373 1.0
131918 1374 0.0
132001 1375 1.0
132100 1376 1.0
132294 1378 1.0
132392 1379 1.0
132485 1380 1.0
132584 1381 1.0
132776 1383 0.0
132869 1384 1.0
132963 1385 1.0
133249 1388 1.0
133440 1390 1.0
133569 1391 0.0
133766 1393 0.0
133829 1394 1.0
133930 1395 1.0
134112 1397 1.0
134217 1398 1.0
134305 1399 1.0
134404 1400 1.0
134601 1402 1.0
134886 1405 0.0
134984 1406 1.0
135081 1407 1.0
135168 1408 1.0
135375 1410 0.0
135459 1411 1.0
135552 1412 1.0
135650 1413 0.0
135745 1414 1.0
135842 1415 1.0
135942 1416 0.0
136040 1417 1.0
136226 1419 1.0
136323 1420 1.0
136417 1421 1.0
136512 1422 1.0
136613 1423 1.0
136708 1424 1.0
136898 1426 1.0
136998 1427 1.0
137192 1429 1.0
137287 1430 1.0
137479 1432 1.0
137572 1433 1.0
137763 1435 1.0
137957 1437 1.0
138050 1438 1.0
138150 1439 1.0
138250 1440 1.0
138339 1441 1.0
138437 1442 1.0
138530 1443 1.0
138624 1444 1.0
138830 1446 0.0
139011 1448 1.0
139111 1449 1.0
139215 1450 0.0
139303 1451 1.0
139591 1454 1.0
139708 1455 0.0
139875 1457 1.0
139971 1458 1.0
140070 1459 1.0
140261 1461 1.0
140454 1463 1.0
140649 1465 1.0
140739 1466 0.0
140840 1467 1.0
140939 1468 1.0
141073 1469 0.0
141128 1470 0.0
141514 1474 1.0
141608 1475 1.0
141697 1476 1.0
141797 1477 1.0
141891 1478 1.0
142000 1479 0.0
142085 1480 1.0
142177 1481 1.0
142373 1483 1.0
142565 1485 1.0
142656 1486 1.0
142754 1487 1.0
142852 1488 1.0
143046 1490 1.0
143138 1491 1.0
143236 1492 1.0
143335 1493 1.0
143446 1494 0.0
143520 1495 1.0
143716 1497 1.0
143815 1498 0.0
144001 1500 1.0
144106 1501 1.0
144199 1502 1.0
144297 1503 1.0
144407 1504 0.0
144486 1505 1.0
144775 1508 1.0
144867 1509 1.0
144970 1510 1.0
145056 1511 1.0
145153 1512 1.0
145256 1513 1.0
145351 1514 0.0
145441 1515 1.0
145540 1516 0.0
145736 1518 1.0
145832 1519 1.0
145924 1520 1.0
146114 1522 1.0
146217 1523 1.0
146312 1524 0.0
146406 1525 1.0
146502 1526 1.0
146602 1527 1.0
146791 1529 1.0
147077 1532 1.0
147267 1534 1.0
147363 1535 1.0
147465 1536 1.0
147552 1537 0.0
147756 1539 0.0
147848 1540 1.0
147942 1541 1.0
148041 1542 1.0
148138 1543 1.0
148345 1545 0.0
148518 1547 1.0
148731 1549 0.0
148911 1551 0.0
149002 1552 1.0
149185 1554 0.0
149285 1555 1.0
149378 1556 0.0
149483 1557 1.0
149570 1558 1.0
149671 1559 1.0
149764 1560 1.0
149865 1561 1.0
149960 1562 1.0
150057 1563 1.0
150149 1564 1.0
150624 1569 1.0
150720 1570 1.0
150852 1571 0.0
151011 1573 1.0
151104 1574 1.0
151203 1575 1.0
151301 1576 1.0
151495 1578 1.0
151608 1579 0.0
151713 1580 0.0
151782 1581 0.0
151879 1582 1.0
151979 1583 1.0
152070 1584 1.0
152167 1585 1.0
152260 1586 1.0
152456 1588 1.0
152645 1590 1.0
152740 1591 1.0
152833 1592 1.0
152929 1593 1.0
153127 1595 1.0
153317 1597 1.0
153417 1598 0.0
153515 1599 1.0
 fin motif
# 7 target:0 c+:42 c-:20 score:119.60171548883861 score+:187.26942403813874 score-:378.6321688202805 nb:1 =l_3c_11 
3078 32 1.0
3184 33 0.0
5774 60 0.0
6558 68 0.0
6722 70 1.0
7307 76 1.0
10408 108 0.0
11538 120 0.0
14321 149 0.0
18447 192 0.0
19410 202 0.0
20360 212 1.0
24484 255 1.0
26406 275 1.0
36603 381 0.0
37064 386 1.0
44073 459 1.0
48002 500 1.0
51943 541 1.0
59525 620 1.0
59906 624 1.0
61955 645 0.0
62880 655 1.0
66635 694 1.0
67040 698 0.0
68104 709 0.0
72202 752 1.0
72489 755 1.0
73447 765 1.0
74304 774 1.0
74419 775 0.0
77385 806 0.0
82184 856 1.0
84293 878 1.0
85951 895 0.0
89280 930 1.0
92642 965 1.0
93412 973 1.0
97547 1016 1.0
98506 1026 1.0
100131 1043 1.0
100422 1046 1.0
102737 1070 0.0
106481 1109 0.0
107931 1124 0.0
110122 1147 1.0
114144 1189 1.0
115307 1201 1.0
117705 1226 1.0
126437 1317 1.0
131625 1371 0.0
132787 1383 0.0
133163 1387 1.0
136425 1421 1.0
136618 1423 1.0
136808 1425 1.0
136994 1427 1.0
139010 1448 1.0
142281 1482 1.0
146022 1521 1.0
151200 1575 1.0
152259 1586 1.0
 fin motif
# 8 target:0 c+:0 c-:3 score:59.86122768065935 score+:0 score-:95.77796428905496 nb:1 =l_3c_20 
43141 449 0.0
60266 627 0.0
71884 748 0.0
 fin motif
# 9 target:0 c+:6 c-:4 score:42.561166174897906 score+:37.199729719433165 score-:105.29759559926983 nb:1 =l_3c_6 
1269 13 0.0
25924 270 1.0
41191 429 1.0
49353 514 0.0
89191 929 1.0
118758 1237 0.0
124131 1293 1.0
143718 1497 1.0
147753 1539 0.0
147847 1540 1.0
 fin motif
