# 0 target:0 c+:389 c-:283 score:1073.7721539458767 score+:1687.0690209431607 score-:5337.8943443591415 nb:4 =l_2c_0 l_2c_12 l_2c_15 l_2c_7 
15654 163 1.0
36601 381 0.0
89282 930 1.0
96 1 1.0
210 2 0.0
288 3 0.0
485 5 1.0
576 6 1.0
674 7 1.0
890 9 0.0
968 10 0.0
1175 12 0.0
1274 13 0.0
1829 19 1.0
1929 20 1.0
2020 21 1.0
2596 27 1.0
2787 29 1.0
3023 31 0.0
3464 36 1.0
3557 37 1.0
3946 41 1.0
4037 42 1.0
4237 44 0.0
4324 45 1.0
4416 46 1.0
4512 47 1.0
5770 60 0.0
5861 61 1.0
5955 62 1.0
6268 65 0.0
6541 68 0.0
6842 71 0.0
7027 73 0.0
7401 77 1.0
8036 83 0.0
8088 84 0.0
8160 85 1.0
8662 90 0.0
9604 100 1.0
9700 101 1.0
9805 102 0.0
9937 103 0.0
9985 104 1.0
10379 108 0.0
10475 109 1.0
10851 113 1.0
11159 116 0.0
11329 118 1.0
11908 124 1.0
12097 126 1.0
12288 128 1.0
12585 131 1.0
12682 132 1.0
13083 136 0.0
13256 138 1.0
13539 141 0.0
13736 143 1.0
14113 147 1.0
14209 148 1.0
14408 150 1.0
14978 156 1.0
15087 157 0.0
15177 158 0.0
15849 165 1.0
16224 169 1.0
16418 171 0.0
16520 172 1.0
17032 177 0.0
17384 181 1.0
17668 184 1.0
18439 192 0.0
18529 193 1.0
18921 197 1.0
19143 199 0.0
19245 200 0.0
19418 202 0.0
19520 203 0.0
19892 207 0.0
19889 207 0.0
20071 209 1.0
20282 211 0.0
20497 213 0.0
20548 214 0.0
20649 215 1.0
20740 216 1.0
20946 218 0.0
21126 220 1.0
21317 222 1.0
21724 226 0.0
21992 229 1.0
22221 231 0.0
22483 234 0.0
22663 236 0.0
22761 237 1.0
22962 239 0.0
23137 241 0.0
23426 244 1.0
24144 251 0.0
24217 252 0.0
24291 253 1.0
24487 255 1.0
24580 256 0.0
24675 257 0.0
24769 258 0.0
24963 260 1.0
25156 262 1.0
25289 263 0.0
25352 264 1.0
25443 265 0.0
25641 267 1.0
25750 268 0.0
25927 270 1.0
26502 276 1.0
26785 279 1.0
27003 281 0.0
27362 285 1.0
27757 289 0.0
27941 291 1.0
28927 301 0.0
28996 302 1.0
29383 306 1.0
29792 310 0.0
29894 311 0.0
30339 316 1.0
30628 319 1.0
30839 321 0.0
31221 325 0.0
31296 326 1.0
31399 327 1.0
31776 331 1.0
31873 332 1.0
32004 333 0.0
32066 334 0.0
32164 335 1.0
32256 336 1.0
32454 338 0.0
32450 338 0.0
32548 339 1.0
32647 340 1.0
32933 343 0.0
33026 344 1.0
33125 345 1.0
33519 349 0.0
33602 350 1.0
33697 351 1.0
33984 354 1.0
34106 355 0.0
34279 357 1.0
34479 359 0.0
34562 360 1.0
34658 361 1.0
34849 363 1.0
35232 367 1.0
35445 369 0.0
35620 371 0.0
35718 372 1.0
35909 374 0.0
36019 375 0.0
36292 378 0.0
36389 379 1.0
36578 381 0.0
36781 383 0.0
36867 384 1.0
37350 389 1.0
37448 390 0.0
38216 398 0.0
38406 400 1.0
38506 401 1.0
39705 413 0.0
39851 415 1.0
40321 420 1.0
40423 421 1.0
40531 422 0.0
40897 426 0.0
41400 431 0.0
41664 434 1.0
41768 435 1.0
42068 438 0.0
42155 439 1.0
42657 444 0.0
42949 447 0.0
42915 447 0.0
43017 448 1.0
43108 449 0.0
43235 450 0.0
43298 451 0.0
43610 454 0.0
43823 456 0.0
44845 467 0.0
45025 469 1.0
45128 470 1.0
45222 471 1.0
45322 472 0.0
45992 479 1.0
46196 481 0.0
46569 485 1.0
46854 488 1.0
47069 490 0.0
47241 492 1.0
47442 494 0.0
47718 497 1.0
47910 499 1.0
48104 501 1.0
48393 504 0.0
48580 506 0.0
49152 512 1.0
49347 514 0.0
49350 514 0.0
49641 517 1.0
49735 518 1.0
49923 520 1.0
50255 523 0.0
50309 524 0.0
50310 524 0.0
50496 526 1.0
50888 530 1.0
51365 535 1.0
51360 535 1.0
51460 536 1.0
51768 539 0.0
52064 542 0.0
52135 543 1.0
52336 545 0.0
52903 551 0.0
53097 553 1.0
53324 555 0.0
53390 556 0.0
53479 557 0.0
53573 558 1.0
53769 560 1.0
53868 561 0.0
53872 561 0.0
54822 571 0.0
54936 572 0.0
55107 574 1.0
55201 575 1.0
55422 577 0.0
55488 578 1.0
56450 588 1.0
56745 591 1.0
57031 594 1.0
57531 599 0.0
58187 606 0.0
58382 608 0.0
58659 611 1.0
58795 612 0.0
58858 613 1.0
58951 614 1.0
59146 616 1.0
59713 622 0.0
60117 626 0.0
60248 627 0.0
60875 634 0.0
61157 637 1.0
61248 638 0.0
61442 640 1.0
61536 641 0.0
61659 642 0.0
61833 644 1.0
61925 645 0.0
62044 646 0.0
62598 652 1.0
62833 654 0.0
63561 662 1.0
63648 663 1.0
63745 664 1.0
63937 666 1.0
64071 667 0.0
64422 671 1.0
64713 674 1.0
64805 675 1.0
64996 677 0.0
65382 681 1.0
65568 683 1.0
65664 684 0.0
65963 687 0.0
66344 691 1.0
66538 693 1.0
66730 695 1.0
67207 700 1.0
67315 701 0.0
67787 706 0.0
67978 708 1.0
68069 709 0.0
68176 710 0.0
68269 711 0.0
68363 712 0.0
68353 712 0.0
68456 713 1.0
68660 715 0.0
68747 716 1.0
68849 717 0.0
69127 720 1.0
69222 721 0.0
69988 729 1.0
70195 731 0.0
70760 737 0.0
71012 739 0.0
71144 741 1.0
71249 742 0.0
71251 742 0.0
71334 743 1.0
71520 745 1.0
71623 746 0.0
71735 747 0.0
71857 748 0.0
72001 750 1.0
72200 752 1.0
72303 753 1.0
72388 754 1.0
72874 759 1.0
72962 760 1.0
73152 762 1.0
73637 767 1.0
73738 768 0.0
73922 770 1.0
74113 772 1.0
74415 775 0.0
74692 778 1.0
74788 779 1.0
74891 780 0.0
75275 784 1.0
75470 786 0.0
75567 787 0.0
75649 788 1.0
75749 789 0.0
76038 792 1.0
76431 796 0.0
76521 797 1.0
76904 801 1.0
77002 802 1.0
77096 803 1.0
77389 806 0.0
77390 806 0.0
77476 807 1.0
77792 810 0.0
77957 812 1.0
78435 817 1.0
78530 818 1.0
78819 821 1.0
79130 824 0.0
79403 827 1.0
79588 829 1.0
79685 830 1.0
79975 833 1.0
80169 835 1.0
80380 837 0.0
80749 841 0.0
80837 842 1.0
81029 844 1.0
81121 845 1.0
81797 852 1.0
82179 856 1.0
82281 857 1.0
82494 859 0.0
82682 861 0.0
82686 861 0.0
82963 864 0.0
83140 866 1.0
83616 871 1.0
83849 873 0.0
84000 875 1.0
84105 876 1.0
84216 877 0.0
84393 879 1.0
84488 880 1.0
85160 887 1.0
85449 890 0.0
85735 893 0.0
86121 897 1.0
86427 900 0.0
87075 907 0.0
87173 908 0.0
87278 909 0.0
87360 910 1.0
87652 913 0.0
87750 914 1.0
87841 915 1.0
87987 916 0.0
88033 917 1.0
88134 918 1.0
88417 921 1.0
88610 923 0.0
88809 925 1.0
89092 928 1.0
89765 935 1.0
89959 937 1.0
90060 938 0.0
90250 940 1.0
90362 941 0.0
90723 945 1.0
91200 950 1.0
91904 957 0.0
91896 957 0.0
91974 958 1.0
92179 960 0.0
92264 961 1.0
92598 964 0.0
92762 966 0.0
92944 968 0.0
93218 971 1.0
93519 974 0.0
93604 975 1.0
94196 981 0.0
94368 983 1.0
94562 985 1.0
94656 986 0.0
94753 987 1.0
94854 988 1.0
95238 992 1.0
95522 995 1.0
95625 996 0.0
95873 998 0.0
96295 1003 1.0
96481 1005 1.0
96678 1007 1.0
96769 1008 1.0
96872 1009 1.0
96961 1010 1.0
97344 1014 1.0
97729 1018 1.0
97831 1019 1.0
98020 1021 1.0
98117 1022 1.0
98311 1024 1.0
98402 1025 1.0
98601 1027 1.0
98787 1029 1.0
98913 1030 0.0
99080 1032 0.0
99457 1036 0.0
99480 1036 0.0
99558 1037 1.0
99851 1040 0.0
99938 1041 1.0
100063 1042 0.0
100233 1044 1.0
100329 1045 1.0
100749 1049 0.0
100999 1052 1.0
101289 1055 1.0
101386 1056 0.0
101381 1056 0.0
101571 1058 1.0
101769 1060 1.0
101880 1061 0.0
101867 1061 0.0
101958 1062 1.0
102051 1063 1.0
102149 1064 1.0
102529 1068 0.0
102722 1070 0.0
102721 1070 0.0
103019 1073 1.0
103113 1074 1.0
103397 1077 1.0
103512 1078 0.0
103875 1082 1.0
103969 1083 1.0
104354 1087 1.0
104461 1088 0.0
104545 1089 1.0
104669 1090 0.0
104748 1091 0.0
104833 1092 1.0
105032 1094 1.0
105125 1095 1.0
105425 1098 1.0
105807 1102 0.0
105806 1102 0.0
105918 1103 0.0
106088 1105 1.0
106278 1107 1.0
106466 1109 0.0
106465 1109 0.0
106564 1110 1.0
106950 1114 1.0
107048 1115 0.0
107136 1116 1.0
107233 1117 1.0
107328 1118 0.0
107441 1119 0.0
107743 1122 0.0
107815 1123 0.0
107934 1124 0.0
108219 1127 0.0
108300 1128 0.0
108874 1134 1.0
109346 1139 1.0
109825 1144 1.0
109923 1145 1.0
110035 1146 0.0
110208 1148 1.0
110786 1154 1.0
110883 1155 1.0
110976 1156 1.0
111559 1162 1.0
111840 1165 1.0
112085 1167 0.0
112159 1168 0.0
112422 1171 1.0
112704 1174 1.0
112825 1175 0.0
112997 1177 0.0
113100 1178 0.0
113862 1186 1.0
114434 1192 0.0
114639 1194 0.0
114816 1196 1.0
114914 1197 0.0
115108 1199 0.0
115304 1201 1.0
115400 1202 1.0
115592 1204 0.0
115721 1205 0.0
116065 1209 1.0
116162 1210 1.0
116286 1211 0.0
116362 1212 0.0
117700 1226 1.0
117801 1227 1.0
117989 1229 1.0
118301 1232 0.0
118377 1233 0.0
118562 1235 1.0
118755 1237 0.0
119330 1243 1.0
120100 1251 1.0
120295 1253 1.0
120386 1254 0.0
121106 1261 0.0
121183 1262 0.0
121258 1263 0.0
121344 1264 0.0
121447 1265 1.0
121735 1268 1.0
121833 1269 1.0
121920 1270 1.0
122019 1271 1.0
122132 1272 0.0
122312 1274 1.0
122504 1276 0.0
122618 1277 0.0
123265 1284 1.0
123365 1285 0.0
123463 1286 0.0
123552 1287 1.0
123658 1288 1.0
123747 1289 1.0
123850 1290 1.0
124225 1294 1.0
124321 1295 0.0
124616 1298 0.0
124901 1301 1.0
125384 1306 1.0
125861 1311 1.0
125957 1312 0.0
126289 1315 0.0
126536 1318 1.0
126630 1319 1.0
126834 1321 0.0
127879 1332 1.0
128083 1334 0.0
128085 1334 0.0
128165 1335 1.0
128258 1336 1.0
128358 1337 1.0
128591 1339 0.0
128764 1341 0.0
129130 1345 0.0
129408 1348 1.0
129984 1354 1.0
130177 1356 1.0
130277 1357 1.0
130475 1359 1.0
130851 1363 1.0
130953 1364 1.0
131234 1367 0.0
131629 1371 0.0
131917 1374 0.0
132783 1383 0.0
132966 1385 1.0
133063 1386 1.0
133349 1389 1.0
133541 1391 0.0
133737 1393 0.0
134409 1400 1.0
134504 1401 1.0
134893 1405 0.0
134977 1406 1.0
135174 1408 1.0
135270 1409 1.0
135368 1410 0.0
135458 1411 1.0
135561 1412 1.0
135653 1413 0.0
135936 1416 0.0
136032 1417 1.0
136324 1420 1.0
137114 1428 0.0
137387 1431 0.0
137477 1432 1.0
138240 1440 1.0
138340 1441 1.0
138537 1443 1.0
138832 1446 0.0
138921 1447 0.0
139230 1450 0.0
139306 1451 1.0
139494 1453 1.0
139688 1455 0.0
139704 1455 0.0
139972 1458 1.0
140551 1464 1.0
140744 1466 0.0
140835 1467 1.0
141078 1469 0.0
141134 1470 0.0
141216 1471 1.0
141417 1473 1.0
141896 1478 1.0
142016 1479 0.0
142185 1481 1.0
142755 1487 1.0
142989 1489 0.0
142962 1489 0.0
143436 1494 0.0
143626 1496 1.0
143819 1498 0.0
143820 1498 0.0
143913 1499 1.0
144294 1503 1.0
144395 1504 0.0
145259 1513 1.0
145361 1514 0.0
145550 1516 0.0
145551 1516 0.0
145639 1517 1.0
146593 1527 1.0
146981 1531 1.0
147168 1533 1.0
147274 1534 1.0
147574 1537 0.0
147657 1538 1.0
147744 1539 0.0
148132 1543 1.0
148250 1544 0.0
148365 1545 0.0
148421 1546 1.0
148705 1549 0.0
148809 1550 1.0
148907 1551 0.0
149196 1554 0.0
149952 1562 1.0
150144 1564 1.0
150360 1566 0.0
150533 1568 1.0
150833 1571 0.0
150944 1572 0.0
150925 1572 0.0
151303 1576 1.0
151490 1578 1.0
151592 1579 0.0
151758 1580 0.0
151811 1581 0.0
151973 1583 1.0
152160 1585 1.0
152552 1589 1.0
152546 1589 1.0
153430 1598 0.0
7020 73 0.0
115306 1201 1.0
4236 44 0.0
6540 68 0.0
20544 214 0.0
21752 226 0.0
36780 383 0.0
40896 426 0.0
54821 571 0.0
60893 634 0.0
68268 711 0.0
104747 1091 0.0
134892 1405 0.0
147747 1539 0.0
148704 1549 0.0
2688 28 1.0
4710 49 1.0
8664 90 0.0
9993 104 1.0
16424 171 0.0
23136 241 0.0
25460 265 0.0
26793 279 1.0
29878 311 0.0
30052 313 1.0
36873 384 1.0
52706 549 1.0
68101 709 0.0
76995 802 1.0
84867 884 1.0
88805 925 1.0
95904 999 1.0
108869 1134 1.0
123651 1288 1.0
136228 1419 1.0
141797 1477 1.0
142568 1485 1.0
18442 192 0.0
54250 565 0.0
107920 1124 0.0
1271 13 0.0
1449 15 1.0
9234 96 0.0
38125 397 0.0
40900 426 0.0
54825 571 0.0
58080 605 1.0
71632 746 0.0
146322 1524 0.0
148708 1549 0.0
5280 55 1.0
10560 110 1.0
14496 151 1.0
18817 196 1.0
18923 197 1.0
19541 203 0.0
28931 301 0.0
34176 356 1.0
36576 381 0.0
40232 419 1.0
42084 438 0.0
45130 470 1.0
49348 514 0.0
49352 514 0.0
49354 514 0.0
57563 599 0.0
64130 668 1.0
78336 816 1.0
81505 849 1.0
88608 923 0.0
99511 1036 0.0
105941 1103 0.0
112512 1172 1.0
114432 1192 0.0
114938 1197 0.0
121109 1261 0.0
136713 1424 1.0
143717 1497 1.0
144407 1504 0.0
146602 1527 1.0
150852 1571 0.0
 fin motif
# 1 target:0 c+:174 c-:184 score:727.2928802111666 score+:749.678662420109 score-:3658.8501832647753 nb:5 =l_2c_12 l_2c_15 l_2c_1 l_2c_5 l_2c_7 
6336 66 1.0
62304 649 1.0
77280 805 1.0
1195 12 0.0
5959 62 1.0
8262 86 1.0
8649 90 0.0
14211 148 1.0
14405 150 1.0
15840 165 1.0
17603 183 0.0
19119 199 0.0
19531 203 0.0
23162 241 0.0
23522 245 1.0
26312 274 1.0
27363 285 1.0
29958 312 1.0
34277 357 1.0
36617 381 0.0
40133 418 1.0
42075 438 0.0
42973 447 0.0
43493 453 1.0
44849 467 0.0
45033 469 1.0
50219 523 0.0
53383 556 0.0
54054 563 1.0
57410 598 1.0
58563 610 1.0
60008 625 1.0
60968 635 1.0
61730 643 1.0
62695 653 1.0
64075 667 0.0
65189 679 1.0
71136 741 1.0
76617 798 1.0
78048 813 1.0
79008 823 1.0
79299 826 1.0
81032 844 1.0
81220 846 1.0
83816 873 0.0
86985 906 1.0
88513 922 1.0
88649 923 0.0
92354 962 1.0
93696 976 1.0
97251 1013 1.0
99360 1035 1.0
99497 1036 0.0
99655 1038 1.0
102550 1068 0.0
105935 1103 0.0
109833 1144 1.0
114472 1192 0.0
114821 1196 1.0
116646 1215 1.0
117216 1221 1.0
120102 1251 1.0
121073 1261 0.0
121374 1264 0.0
122883 1280 1.0
123505 1286 0.0
126918 1322 1.0
132672 1382 1.0
133056 1386 1.0
137418 1431 0.0
137665 1434 1.0
140451 1463 1.0
141408 1473 1.0
143011 1489 0.0
144585 1506 1.0
146599 1527 1.0
148515 1547 1.0
149095 1553 1.0
150843 1571 0.0
328 3 0.0
4714 49 1.0
7026 73 0.0
8083 84 0.0
11156 116 0.0
15553 162 1.0
19872 207 0.0
20932 218 0.0
22490 234 0.0
22958 239 0.0
25745 268 0.0
27648 288 1.0
29779 310 0.0
38592 402 1.0
40920 426 0.0
41387 431 0.0
47071 490 0.0
47427 494 0.0
50237 523 0.0
50785 529 0.0
53761 560 1.0
54174 564 0.0
54931 572 0.0
58385 608 0.0
60583 631 1.0
61834 644 1.0
64712 674 1.0
67296 701 0.0
69795 727 1.0
73732 768 0.0
75556 787 0.0
76420 796 0.0
78536 818 1.0
80165 835 1.0
82090 855 1.0
87073 907 0.0
87169 908 0.0
87668 913 0.0
88416 921 1.0
91906 957 0.0
94176 981 0.0
94376 983 1.0
96672 1007 1.0
101384 1056 0.0
101868 1061 0.0
101879 1061 0.0
104358 1087 1.0
107237 1117 1.0
113111 1178 0.0
118297 1232 0.0
118369 1233 0.0
123361 1285 0.0
125575 1308 1.0
125953 1312 0.0
128766 1341 0.0
140741 1466 0.0
141321 1472 1.0
143816 1498 0.0
147652 1538 1.0
148706 1549 0.0
151725 1580 0.0
153505 1599 1.0
324 3 0.0
4233 44 0.0
6537 68 0.0
11048 115 1.0
22485 234 0.0
36777 383 0.0
42720 445 1.0
47073 490 0.0
47438 494 0.0
48865 509 1.0
50310 524 0.0
52937 551 0.0
53764 560 1.0
54823 571 0.0
68265 711 0.0
70950 739 0.0
73744 768 0.0
77389 806 0.0
77386 806 0.0
86021 896 1.0
100325 1045 1.0
102721 1070 0.0
103111 1074 1.0
105806 1102 0.0
106465 1109 0.0
116549 1214 1.0
118302 1232 0.0
118374 1233 0.0
124621 1298 0.0
128768 1341 0.0
134889 1405 0.0
135649 1413 0.0
143819 1498 0.0
145550 1516 0.0
152833 1592 1.0
153508 1599 1.0
4240 44 0.0
6258 65 0.0
6544 68 0.0
17622 183 0.0
20545 214 0.0
29780 310 0.0
36784 383 0.0
42921 447 0.0
47058 490 0.0
49536 516 1.0
50019 521 1.0
54172 564 0.0
55410 577 0.0
62046 646 0.0
67026 698 0.0
68272 711 0.0
80382 837 0.0
82674 861 0.0
85938 895 0.0
86430 900 0.0
94378 983 1.0
100050 1042 0.0
104656 1090 0.0
104746 1091 0.0
112146 1168 0.0
114352 1191 0.0
118288 1232 0.0
119922 1249 0.0
121170 1262 0.0
122610 1277 0.0
128754 1341 0.0
134896 1405 0.0
139218 1450 0.0
141315 1472 1.0
142002 1479 0.0
142950 1489 0.0
4236 44 0.0
6540 68 0.0
36780 383 0.0
40896 426 0.0
54821 571 0.0
68268 711 0.0
121347 1264 0.0
134892 1405 0.0
148704 1549 0.0
2688 28 1.0
4710 49 1.0
9993 104 1.0
16424 171 0.0
25460 265 0.0
26793 279 1.0
29878 311 0.0
30052 313 1.0
36873 384 1.0
52706 549 1.0
68101 709 0.0
76995 802 1.0
84867 884 1.0
88805 925 1.0
95904 999 1.0
108869 1134 1.0
123651 1288 1.0
136228 1419 1.0
141797 1477 1.0
142568 1485 1.0
5450 56 0.0
17600 183 0.0
50305 524 0.0
77388 806 0.0
102720 1070 0.0
105805 1102 0.0
106464 1109 0.0
143818 1498 0.0
145549 1516 0.0
147651 1538 1.0
1449 15 1.0
46182 481 0.0
48396 504 0.0
51764 539 0.0
58080 605 1.0
100328 1045 1.0
112810 1175 0.0
115201 1200 1.0
116372 1212 0.0
138817 1446 0.0
150356 1566 0.0
204 2 0.0
299 3 0.0
877 9 0.0
2999 31 0.0
4235 44 0.0
4713 49 1.0
5280 55 1.0
6539 68 0.0
8028 83 0.0
8939 93 1.0
9943 103 0.0
10560 110 1.0
10571 110 1.0
12011 125 1.0
14496 151 1.0
15946 166 1.0
17014 177 0.0
17089 178 1.0
17221 179 0.0
18818 196 1.0
19214 200 0.0
20461 213 0.0
20546 214 0.0
21747 226 0.0
23240 242 1.0
24145 251 0.0
24589 256 0.0
24800 258 0.0
25288 263 0.0
26999 281 0.0
29867 311 0.0
30144 314 1.0
31019 323 1.0
31593 329 1.0
31986 333 0.0
33032 344 1.0
33418 348 1.0
34176 356 1.0
34664 361 1.0
34858 363 1.0
35465 369 0.0
35629 371 0.0
36044 375 0.0
36346 378 0.0
36779 383 0.0
38023 396 1.0
38237 398 0.0
39562 412 1.0
40899 426 0.0
43137 449 0.0
43253 450 0.0
43642 454 0.0
43624 454 0.0
43799 456 0.0
44553 464 1.0
45417 473 1.0
46177 481 0.0
47435 494 0.0
48401 504 0.0
48589 506 0.0
49352 514 0.0
49354 514 0.0
49825 519 1.0
50304 524 0.0
51744 539 0.0
52123 542 0.0
52327 545 0.0
52896 551 0.0
53308 555 0.0
53524 557 0.0
54824 571 0.0
54922 572 0.0
54943 572 0.0
57563 599 0.0
57542 599 0.0
57560 599 0.0
57543 599 0.0
58765 612 0.0
60254 627 0.0
60384 629 1.0
61675 642 0.0
62807 654 0.0
63077 657 1.0
64130 668 1.0
68267 711 0.0
68873 717 0.0
69033 719 1.0
69255 721 0.0
69322 722 1.0
70781 737 0.0
70944 739 0.0
71617 746 0.0
71747 747 0.0
71876 748 0.0
72107 751 1.0
73162 762 1.0
73745 768 0.0
74592 777 1.0
74787 779 1.0
75756 789 0.0
77387 806 0.0
78154 814 1.0
78336 816 1.0
78912 822 1.0
81508 849 1.0
82481 859 0.0
82968 864 0.0
84259 877 0.0
85254 888 1.0
87460 911 1.0
87751 914 1.0
87996 916 0.0
88915 926 0.0
90349 941 0.0
91205 950 1.0
92456 963 1.0
92581 964 0.0
97152 1012 1.0
98933 1030 0.0
99178 1033 1.0
99748 1039 1.0
100727 1049 0.0
102724 1070 0.0
103528 1078 0.0
103680 1080 1.0
104745 1091 0.0
105609 1100 1.0
105804 1102 0.0
106369 1108 1.0
106468 1109 0.0
107452 1119 0.0
107735 1122 0.0
110592 1152 1.0
111457 1161 1.0
111938 1166 1.0
112066 1167 0.0
112512 1172 1.0
112801 1175 0.0
113005 1177 0.0
113118 1178 0.0
113123 1178 0.0
113666 1184 1.0
114624 1194 0.0
114721 1195 1.0
115623 1204 0.0
115714 1205 0.0
116297 1211 0.0
116352 1212 0.0
118368 1233 0.0
118953 1239 1.0
120487 1255 1.0
121348 1264 0.0
122544 1276 0.0
123940 1291 1.0
124234 1294 1.0
124420 1296 1.0
124519 1297 1.0
124608 1298 0.0
129896 1353 1.0
131962 1374 0.0
132011 1375 1.0
132970 1385 1.0
133571 1391 0.0
133640 1392 1.0
133780 1393 0.0
133931 1395 1.0
134891 1405 0.0
134987 1406 1.0
136715 1424 1.0
137101 1428 0.0
138925 1447 0.0
139489 1453 1.0
139777 1456 1.0
140457 1463 1.0
140546 1464 1.0
141060 1469 0.0
143466 1494 0.0
143817 1498 0.0
145408 1514 0.0
145548 1516 0.0
148237 1544 0.0
148707 1549 0.0
148992 1552 1.0
149206 1554 0.0
150337 1566 0.0
151296 1576 1.0
151812 1581 0.0
153226 1596 1.0
 fin motif
# 2 target:0 c+:117 c-:113 score:446.23721997229234 score+:361.2642849892005 score-:1878.4708328949948 nb:4 =l_2c_0 l_2c_2 l_2c_10 l_2c_3 
6723 70 1.0
74307 774 1.0
94850 988 1.0
14594 152 1.0
30823 321 0.0
31207 325 0.0
58375 608 0.0
59616 621 1.0
60298 628 1.0
71239 742 0.0
72484 755 1.0
91680 955 1.0
124034 1292 1.0
124806 1300 1.0
136320 1420 1.0
142752 1487 1.0
143334 1493 1.0
152640 1590 1.0
4899 51 1.0
7982 83 0.0
10090 105 1.0
17674 184 1.0
17769 185 1.0
25057 261 1.0
28131 293 1.0
30726 320 1.0
36199 377 1.0
36345 378 0.0
37485 390 0.0
37705 392 0.0
38889 405 1.0
39046 406 0.0
43132 449 0.0
47235 492 1.0
47338 493 1.0
48864 509 1.0
49255 513 1.0
52105 542 0.0
52940 551 0.0
58188 606 0.0
60268 627 0.0
69800 727 1.0
71864 748 0.0
72008 750 1.0
73161 762 1.0
73931 770 1.0
78149 814 1.0
79218 825 0.0
81408 848 1.0
86883 905 1.0
87950 916 0.0
91591 954 1.0
92643 965 1.0
96199 1002 1.0
98309 1024 1.0
103112 1074 1.0
105318 1097 1.0
105608 1100 1.0
106855 1113 1.0
114152 1189 1.0
116327 1211 0.0
117609 1225 1.0
124619 1298 0.0
127301 1326 1.0
127393 1327 1.0
127784 1331 1.0
128074 1334 0.0
130658 1361 1.0
130946 1364 1.0
134304 1399 1.0
134986 1406 1.0
140455 1463 1.0
141891 1478 1.0
142176 1481 1.0
142376 1483 1.0
144872 1509 1.0
145398 1514 0.0
149866 1561 1.0
152832 1592 1.0
769 8 1.0
6724 70 1.0
7022 73 0.0
8079 84 0.0
11143 116 0.0
19878 207 0.0
20939 218 0.0
22953 239 0.0
24199 252 0.0
25744 268 0.0
26119 272 1.0
26210 273 1.0
46473 484 1.0
58848 613 1.0
59720 622 0.0
59907 624 1.0
60102 626 0.0
63559 662 1.0
66823 696 1.0
67302 701 0.0
68647 715 0.0
75264 784 1.0
75463 786 0.0
75558 787 0.0
76422 796 0.0
77094 803 1.0
83332 868 1.0
87175 908 0.0
94182 981 0.0
101389 1056 0.0
101860 1061 0.0
110026 1146 0.0
116741 1216 1.0
117316 1222 1.0
118467 1234 1.0
123367 1285 0.0
125959 1312 0.0
135361 1410 0.0
139303 1451 1.0
140738 1466 0.0
141127 1470 0.0
145824 1519 1.0
0 0 1.0
19778 206 1.0
21024 219 1.0
26214 273 1.0
27077 282 1.0
28911 301 0.0
45601 475 1.0
48965 510 1.0
69605 725 1.0
94951 989 1.0
102630 1069 1.0
106752 1112 1.0
107617 1121 1.0
113283 1180 1.0
113286 1180 1.0
114927 1197 0.0
117224 1221 1.0
122887 1280 1.0
123077 1282 1.0
139105 1449 1.0
149286 1555 1.0
152264 1586 1.0
152359 1587 1.0
152544 1589 1.0
20560 214 0.0
22190 231 0.0
37719 392 0.0
39018 406 0.0
40912 426 0.0
54849 571 0.0
61551 641 0.0
65959 687 0.0
69607 725 1.0
79270 825 0.0
94671 986 0.0
95644 996 0.0
118569 1235 1.0
126267 1315 0.0
148369 1545 0.0
148718 1549 0.0
151694 1580 0.0
20544 214 0.0
21752 226 0.0
60893 634 0.0
104747 1091 0.0
770 8 1.0
12000 125 1.0
60385 629 1.0
62882 655 1.0
72096 751 1.0
72482 755 1.0
102632 1069 1.0
149288 1555 1.0
24484 255 1.0
60882 634 0.0
62217 648 0.0
69411 723 1.0
74898 780 0.0
95820 998 0.0
125095 1303 1.0
136422 1421 1.0
139009 1448 1.0
3 0 1.0
248 2 0.0
1200 12 0.0
6860 71 0.0
10468 109 1.0
10560 110 1.0
10562 110 1.0
12578 131 1.0
16992 177 0.0
17233 179 0.0
19258 200 0.0
19412 202 0.0
19780 206 1.0
20300 211 0.0
21028 219 1.0
22192 231 0.0
24816 258 0.0
27032 281 0.0
27080 282 1.0
34100 355 0.0
36064 375 0.0
40915 426 0.0
41862 436 1.0
42641 444 0.0
42985 447 0.0
43329 451 0.0
44756 466 0.0
49352 514 0.0
50794 529 0.0
53422 556 0.0
53536 557 0.0
54164 564 0.0
54844 571 0.0
59337 618 1.0
60883 634 0.0
61552 641 0.0
64078 667 0.0
64130 668 1.0
64129 668 1.0
64902 676 1.0
68896 717 0.0
69272 721 0.0
73344 764 1.0
74593 777 1.0
74895 780 0.0
77771 810 0.0
78336 816 1.0
78632 819 1.0
79148 824 0.0
82522 859 0.0
83010 864 0.0
83856 873 0.0
84267 877 0.0
88244 919 0.0
88954 926 0.0
94672 986 0.0
95646 996 0.0
95817 998 0.0
98938 1030 0.0
102576 1068 0.0
103552 1078 0.0
107490 1119 0.0
107784 1122 0.0
108212 1127 0.0
112080 1167 0.0
115730 1205 0.0
126269 1315 0.0
129515 1349 1.0
131970 1374 0.0
133593 1391 0.0
133784 1393 0.0
137429 1431 0.0
141080 1469 0.0
141792 1477 1.0
143482 1494 0.0
145545 1516 0.0
148370 1545 0.0
148719 1549 0.0
151695 1580 0.0
152554 1589 1.0
 fin motif
# 3 target:0 c+:190 c-:163 score:409.03169399676153 score+:587.0028730164925 score-:1977.7106326054818 nb:4 =l_2c_15 l_2c_13 l_2c_7 l_2c_16 
6336 66 1.0
13160 137 1.0
27658 288 1.0
62304 649 1.0
70660 736 1.0
77280 805 1.0
96100 1001 1.0
96865 1009 1.0
99659 1038 1.0
108305 1128 0.0
113144 1178 0.0
115120 1199 0.0
117985 1229 1.0
129136 1345 0.0
131814 1373 1.0
146880 1530 1.0
149094 1553 1.0
1195 12 0.0
1443 15 1.0
5959 62 1.0
8262 86 1.0
8649 90 0.0
14211 148 1.0
14405 150 1.0
15840 165 1.0
17603 183 0.0
19119 199 0.0
19531 203 0.0
23162 241 0.0
23522 245 1.0
26312 274 1.0
27363 285 1.0
29958 312 1.0
34277 357 1.0
36617 381 0.0
37733 393 0.0
39648 413 0.0
40133 418 1.0
42075 438 0.0
42973 447 0.0
43493 453 1.0
44353 462 1.0
44849 467 0.0
45033 469 1.0
49728 518 1.0
50219 523 0.0
53383 556 0.0
54054 563 1.0
57410 598 1.0
58563 610 1.0
59042 615 1.0
60008 625 1.0
60779 633 1.0
60968 635 1.0
61730 643 1.0
62695 653 1.0
64075 667 0.0
65189 679 1.0
71136 741 1.0
76617 798 1.0
78048 813 1.0
78248 815 1.0
78921 822 1.0
79008 823 1.0
79299 826 1.0
81032 844 1.0
81220 846 1.0
83816 873 0.0
86985 906 1.0
88513 922 1.0
88649 923 0.0
92354 962 1.0
93696 976 1.0
97251 1013 1.0
99360 1035 1.0
99497 1036 0.0
99655 1038 1.0
102550 1068 0.0
105935 1103 0.0
109833 1144 1.0
114472 1192 0.0
114821 1196 1.0
116646 1215 1.0
117216 1221 1.0
117792 1227 1.0
120102 1251 1.0
121073 1261 0.0
121374 1264 0.0
122883 1280 1.0
123505 1286 0.0
124993 1302 1.0
126918 1322 1.0
132672 1382 1.0
133056 1386 1.0
136612 1423 1.0
137418 1431 0.0
137665 1434 1.0
140451 1463 1.0
141408 1473 1.0
141793 1477 1.0
142569 1485 1.0
143011 1489 0.0
144401 1504 0.0
144585 1506 1.0
146025 1521 1.0
146599 1527 1.0
146982 1531 1.0
147648 1538 1.0
148515 1547 1.0
149095 1553 1.0
150843 1571 0.0
153028 1594 1.0
15749 164 1.0
22272 232 1.0
52705 549 1.0
80065 834 1.0
125769 1310 1.0
147844 1540 1.0
148423 1546 1.0
199 2 0.0
309 3 0.0
1825 19 1.0
3013 31 0.0
3189 33 0.0
5779 60 0.0
6255 65 0.0
6862 71 0.0
9224 96 0.0
9702 101 1.0
11528 120 0.0
14325 149 0.0
16903 176 1.0
17001 177 0.0
17192 179 0.0
18337 191 1.0
19400 202 0.0
19892 207 0.0
20302 211 0.0
21121 220 1.0
21703 226 0.0
22088 230 1.0
23425 244 1.0
24137 251 0.0
24773 258 0.0
25449 265 0.0
27017 281 0.0
28608 298 1.0
29479 307 1.0
29775 310 0.0
29883 311 0.0
30051 313 1.0
31306 326 1.0
32005 333 0.0
32641 340 1.0
33415 348 1.0
34095 355 0.0
36016 375 0.0
37057 386 1.0
37153 387 1.0
37744 393 0.0
38131 397 0.0
38308 399 1.0
38401 400 1.0
39169 408 1.0
39362 410 1.0
39553 412 1.0
41476 432 1.0
41570 433 1.0
41861 436 1.0
42440 442 1.0
43010 448 1.0
43214 450 0.0
43804 456 0.0
43811 456 0.0
44751 466 0.0
46273 482 1.0
46761 487 1.0
47055 490 0.0
47331 493 1.0
52801 550 1.0
53283 555 0.0
53483 557 0.0
53665 559 1.0
53872 561 0.0
54159 564 0.0
54914 572 0.0
55407 577 0.0
55681 580 1.0
55876 582 1.0
57506 599 0.0
57895 603 1.0
58179 606 0.0
58781 612 0.0
61060 636 1.0
61650 642 0.0
61825 644 1.0
62032 646 0.0
62229 648 0.0
62812 654 0.0
64416 671 1.0
66727 695 1.0
67023 698 0.0
68879 717 0.0
69248 721 0.0
69696 726 1.0
71249 742 0.0
71715 747 0.0
72299 753 1.0
72961 760 1.0
74408 775 0.0
76993 802 1.0
77395 806 0.0
77568 808 1.0
79156 824 0.0
80368 837 0.0
80655 840 0.0
82506 859 0.0
82671 861 0.0
82959 864 0.0
83619 871 1.0
84252 877 0.0
85935 895 0.0
86416 900 0.0
88239 919 0.0
88940 926 0.0
90437 942 1.0
92574 964 0.0
93316 972 1.0
95651 996 0.0
95814 998 0.0
98880 1030 0.0
99108 1032 0.0
100047 1042 0.0
104671 1090 0.0
107427 1119 0.0
107721 1122 0.0
108207 1127 0.0
108866 1134 1.0
109542 1141 1.0
109634 1142 1.0
111362 1160 1.0
112040 1167 0.0
112143 1168 0.0
112899 1176 1.0
114353 1191 0.0
114720 1195 1.0
115615 1204 0.0
115696 1205 0.0
118084 1230 1.0
118308 1232 0.0
119233 1242 1.0
119333 1243 1.0
119919 1249 0.0
120290 1253 1.0
121167 1262 0.0
122607 1277 0.0
123649 1288 1.0
126724 1320 1.0
127105 1324 1.0
128751 1341 0.0
130951 1364 1.0
131635 1371 0.0
131915 1374 0.0
132776 1383 0.0
132960 1385 1.0
133634 1392 1.0
133762 1393 0.0
134309 1399 1.0
134690 1403 1.0
136906 1426 1.0
138148 1439 1.0
139215 1450 0.0
139393 1452 1.0
141042 1469 0.0
142000 1479 0.0
144193 1502 1.0
145056 1511 1.0
146312 1524 0.0
146401 1525 1.0
149215 1554 0.0
150720 1570 1.0
151300 1576 1.0
151713 1580 0.0
152070 1584 1.0
2688 28 1.0
4710 49 1.0
9029 94 1.0
9993 104 1.0
13551 141 0.0
13830 144 1.0
15091 157 0.0
16424 171 0.0
25460 265 0.0
26793 279 1.0
29878 311 0.0
30052 313 1.0
32079 334 0.0
36873 384 1.0
47814 498 1.0
52706 549 1.0
68101 709 0.0
68369 712 0.0
70080 730 1.0
76995 802 1.0
85457 890 0.0
85747 893 0.0
88805 925 1.0
90065 938 0.0
93314 972 1.0
95904 999 1.0
99853 1040 0.0
104454 1088 0.0
108869 1134 1.0
121261 1263 0.0
123651 1288 1.0
126722 1320 1.0
131431 1369 1.0
141797 1477 1.0
142568 1485 1.0
144965 1510 1.0
148911 1551 0.0
153318 1597 1.0
66725 695 1.0
1449 15 1.0
58080 605 1.0
204 2 0.0
299 3 0.0
2999 31 0.0
5280 55 1.0
8028 83 0.0
9943 103 0.0
14496 151 1.0
17014 177 0.0
17221 179 0.0
18818 196 1.0
19214 200 0.0
20461 213 0.0
21747 226 0.0
24145 251 0.0
24800 258 0.0
25288 263 0.0
26999 281 0.0
29867 311 0.0
31986 333 0.0
34176 356 1.0
35465 369 0.0
35713 372 1.0
36044 375 0.0
38237 398 0.0
43137 449 0.0
43253 450 0.0
43321 451 0.0
43624 454 0.0
43799 456 0.0
49354 514 0.0
49825 519 1.0
52123 542 0.0
52896 551 0.0
53308 555 0.0
53524 557 0.0
54943 572 0.0
57543 599 0.0
58765 612 0.0
60254 627 0.0
61675 642 0.0
62807 654 0.0
68873 717 0.0
69255 721 0.0
70781 737 0.0
71747 747 0.0
71876 748 0.0
78912 822 1.0
81508 849 1.0
82481 859 0.0
82968 864 0.0
84259 877 0.0
87460 911 1.0
87996 916 0.0
88915 926 0.0
92581 964 0.0
98933 1030 0.0
99748 1039 1.0
100421 1046 1.0
100727 1049 0.0
103528 1078 0.0
103680 1080 1.0
106369 1108 1.0
107452 1119 0.0
107735 1122 0.0
110592 1152 1.0
111457 1161 1.0
112066 1167 0.0
112512 1172 1.0
114624 1194 0.0
114721 1195 1.0
115623 1204 0.0
115714 1205 0.0
116297 1211 0.0
122544 1276 0.0
124608 1298 0.0
128260 1336 1.0
129896 1353 1.0
131962 1374 0.0
133571 1391 0.0
133780 1393 0.0
139777 1456 1.0
141060 1469 0.0
143466 1494 0.0
145408 1514 0.0
149206 1554 0.0
151812 1581 0.0
 fin motif
# 4 target:0 c+:219 c-:169 score:392.1173665734997 score+:833.5517582017693 score-:2402.021224495768 nb:5 =l_2c_15 l_2c_2 l_2c_5 l_2c_10 l_2c_3 
6336 66 1.0
13160 137 1.0
27658 288 1.0
62304 649 1.0
70660 736 1.0
77280 805 1.0
96100 1001 1.0
96865 1009 1.0
99659 1038 1.0
108305 1128 0.0
113144 1178 0.0
115120 1199 0.0
117985 1229 1.0
129136 1345 0.0
131814 1373 1.0
146880 1530 1.0
149094 1553 1.0
328 3 0.0
490 5 1.0
585 6 1.0
909 9 0.0
982 10 0.0
1545 16 1.0
1638 17 1.0
1735 18 1.0
2022 21 1.0
2410 25 1.0
3179 33 0.0
3264 34 1.0
3366 35 1.0
4253 44 0.0
4714 49 1.0
4708 49 1.0
4993 52 1.0
5397 56 0.0
5438 56 0.0
5664 59 1.0
5761 60 0.0
6270 65 0.0
7026 73 0.0
7111 74 1.0
7594 79 1.0
8000 83 0.0
8083 84 0.0
8929 93 1.0
8930 93 1.0
9217 96 0.0
9792 102 0.0
9797 102 0.0
9989 104 1.0
9988 104 1.0
10281 107 1.0
11041 115 1.0
11047 115 1.0
11156 116 0.0
11520 120 0.0
11914 124 1.0
12195 127 1.0
13833 144 1.0
14304 149 0.0
14691 153 1.0
15553 162 1.0
15651 163 1.0
15649 163 1.0
15936 166 1.0
16330 170 1.0
17377 181 1.0
17587 183 0.0
18453 192 0.0
19393 202 0.0
19872 207 0.0
20550 214 0.0
20746 216 1.0
20932 218 0.0
21510 224 1.0
22368 233 1.0
22490 234 0.0
22502 234 0.0
22468 234 0.0
22958 239 0.0
23337 243 1.0
23335 243 1.0
23623 246 1.0
23715 247 1.0
24966 260 1.0
25056 261 1.0
25745 268 0.0
26789 279 1.0
26788 279 1.0
27649 288 1.0
27648 288 1.0
27656 288 1.0
27945 291 1.0
28037 292 1.0
28611 298 1.0
28917 301 0.0
29188 304 1.0
29574 308 1.0
29575 308 1.0
29779 310 0.0
31492 328 1.0
31688 330 1.0
32260 336 1.0
32481 338 0.0
32648 340 1.0
32960 343 0.0
33534 349 0.0
33990 354 1.0
36192 377 1.0
36193 377 1.0
36303 378 0.0
36391 379 1.0
36962 385 1.0
36963 385 1.0
37644 392 0.0
38113 397 0.0
38592 402 1.0
38999 406 0.0
39080 407 1.0
39662 413 0.0
40032 417 1.0
40328 420 1.0
40920 426 0.0
41289 430 1.0
41387 431 0.0
42537 443 1.0
43127 449 0.0
44645 465 1.0
44640 465 1.0
45218 471 1.0
45317 472 0.0
45697 476 1.0
46088 480 1.0
46371 483 1.0
46658 486 1.0
46760 487 1.0
47071 490 0.0
49254 513 1.0
50123 522 1.0
50237 523 0.0
50318 524 0.0
50602 527 1.0
50785 529 0.0
52044 542 0.0
52939 551 0.0
53672 559 1.0
53761 560 1.0
54174 564 0.0
54931 572 0.0
56071 584 1.0
56360 587 1.0
57130 595 1.0
57705 601 1.0
58385 608 0.0
59040 615 1.0
60203 627 0.0
61834 644 1.0
62047 646 0.0
62121 647 1.0
62220 648 0.0
62888 655 1.0
63753 664 1.0
64227 669 1.0
64709 674 1.0
64712 674 1.0
65966 687 0.0
67296 701 0.0
67880 707 1.0
68177 710 0.0
68739 716 1.0
68737 716 1.0
68931 718 1.0
69703 726 1.0
69794 727 1.0
69797 727 1.0
69795 727 1.0
70198 731 0.0
70848 738 1.0
71430 744 1.0
71432 744 1.0
71811 748 0.0
73537 766 1.0
74401 775 0.0
75556 787 0.0
76420 796 0.0
78536 818 1.0
78720 820 1.0
79223 825 0.0
80165 835 1.0
80646 840 0.0
81409 848 1.0
82090 855 1.0
82180 856 1.0
82675 861 0.0
82680 861 0.0
82853 863 1.0
83428 869 1.0
83528 870 1.0
83625 871 1.0
84965 885 1.0
86022 896 1.0
86024 896 1.0
86694 903 1.0
87169 908 0.0
87264 909 0.0
87285 909 0.0
87668 913 0.0
87744 914 1.0
87968 916 0.0
88327 920 1.0
88416 921 1.0
88704 924 1.0
89861 936 1.0
90381 941 0.0
91906 957 0.0
92942 968 0.0
93132 970 1.0
93991 979 1.0
94176 981 0.0
94376 983 1.0
94377 983 1.0
94760 987 1.0
95136 991 1.0
96672 1007 1.0
96776 1008 1.0
96866 1009 1.0
98024 1021 1.0
98794 1029 1.0
99092 1032 0.0
99562 1037 1.0
99650 1038 1.0
100323 1045 1.0
101384 1056 0.0
101577 1058 1.0
101868 1061 0.0
101879 1061 0.0
103012 1073 1.0
103402 1077 1.0
103784 1081 1.0
104358 1087 1.0
104355 1087 1.0
104750 1091 0.0
105224 1096 1.0
105413 1098 1.0
105418 1098 1.0
105984 1104 1.0
105992 1104 1.0
106282 1107 1.0
106854 1113 1.0
106852 1113 1.0
107062 1115 0.0
107061 1115 0.0
107237 1117 1.0
107344 1118 0.0
107929 1124 0.0
108307 1128 0.0
109251 1138 1.0
110216 1148 1.0
110305 1149 1.0
110887 1155 1.0
111369 1160 1.0
112152 1168 0.0
112147 1168 0.0
112225 1169 1.0
112224 1169 1.0
112227 1169 1.0
112714 1174 1.0
112999 1177 0.0
113037 1177 0.0
113126 1178 0.0
113121 1178 0.0
113184 1179 1.0
114531 1193 1.0
114933 1197 0.0
115129 1199 0.0
116268 1211 0.0
116839 1217 1.0
118297 1232 0.0
120400 1254 0.0
121179 1262 0.0
121360 1264 0.0
122017 1271 1.0
122404 1275 1.0
122616 1277 0.0
122611 1277 0.0
122691 1278 1.0
123361 1285 0.0
124623 1298 0.0
124712 1299 1.0
125673 1309 1.0
125953 1312 0.0
126633 1319 1.0
126830 1321 0.0
126831 1321 0.0
127111 1324 1.0
127299 1326 1.0
127305 1326 1.0
127875 1332 1.0
128352 1337 1.0
128595 1339 0.0
128766 1341 0.0
129031 1344 1.0
129030 1344 1.0
129217 1346 1.0
129419 1348 1.0
129988 1354 1.0
131141 1366 1.0
131247 1367 0.0
131628 1371 0.0
131631 1371 0.0
132003 1375 1.0
132002 1375 1.0
132769 1383 0.0
133354 1389 1.0
133353 1389 1.0
133639 1392 1.0
134793 1404 1.0
135841 1415 1.0
135848 1415 1.0
136897 1426 1.0
136898 1426 1.0
137670 1434 1.0
138957 1447 0.0
139400 1452 1.0
139587 1454 1.0
140741 1466 0.0
141321 1472 1.0
141320 1472 1.0
141601 1475 1.0
141802 1477 1.0
143911 1499 1.0
144867 1509 1.0
145351 1514 0.0
146305 1524 0.0
146697 1528 1.0
146693 1528 1.0
147172 1533 1.0
147652 1538 1.0
147756 1539 0.0
147754 1539 0.0
148518 1547 1.0
149090 1553 1.0
149378 1556 0.0
149865 1561 1.0
150937 1572 0.0
151725 1580 0.0
152064 1584 1.0
153032 1594 1.0
153317 1597 1.0
153505 1599 1.0
888 9 0.0
3019 31 0.0
3182 33 0.0
4240 44 0.0
4328 45 1.0
5442 56 0.0
5776 60 0.0
6258 65 0.0
6544 68 0.0
8832 92 1.0
9221 96 0.0
11525 120 0.0
13159 137 1.0
14322 149 0.0
15268 159 1.0
15650 163 1.0
16423 171 0.0
17622 183 0.0
19397 202 0.0
20560 214 0.0
20545 214 0.0
22224 231 0.0
22497 234 0.0
24600 256 0.0
29670 309 1.0
29780 310 0.0
30148 314 1.0
30149 314 1.0
35640 371 0.0
36784 383 0.0
38128 397 0.0
40132 418 1.0
40919 426 0.0
42921 447 0.0
43222 450 0.0
43810 456 0.0
47058 490 0.0
48600 506 0.0
49536 516 1.0
50019 521 1.0
50017 521 1.0
50021 521 1.0
50306 524 0.0
54172 564 0.0
55410 577 0.0
58784 612 0.0
61355 639 1.0
61643 642 0.0
62046 646 0.0
62223 648 0.0
62829 654 0.0
65959 687 0.0
67026 698 0.0
68272 711 0.0
68452 713 1.0
70854 738 1.0
72868 759 1.0
74405 775 0.0
76320 795 1.0
76328 795 1.0
77391 806 0.0
80382 837 0.0
80657 840 0.0
82520 859 0.0
82674 861 0.0
85938 895 0.0
86430 900 0.0
90360 941 0.0
94378 983 1.0
97058 1011 1.0
97447 1015 1.0
100050 1042 0.0
102725 1070 0.0
104656 1090 0.0
104746 1091 0.0
105808 1102 0.0
106377 1108 1.0
106469 1109 0.0
109257 1138 1.0
110313 1149 1.0
112146 1168 0.0
113016 1177 0.0
114352 1191 0.0
115728 1205 0.0
118288 1232 0.0
119922 1249 0.0
121170 1262 0.0
122024 1271 1.0
122130 1272 0.0
122610 1277 0.0
122986 1281 1.0
126264 1315 0.0
127306 1326 1.0
127876 1332 1.0
128754 1341 0.0
129025 1344 1.0
129225 1346 1.0
130473 1359 1.0
131813 1373 1.0
132773 1383 0.0
134896 1405 0.0
137112 1428 0.0
138720 1445 1.0
138936 1447 0.0
139218 1450 0.0
141315 1472 1.0
142002 1479 0.0
142571 1485 1.0
142950 1489 0.0
143822 1498 0.0
145552 1516 0.0
146309 1524 0.0
147174 1533 1.0
147175 1533 1.0
148248 1544 0.0
148997 1552 1.0
148996 1552 1.0
121347 1264 0.0
5450 56 0.0
17600 183 0.0
50305 524 0.0
77388 806 0.0
102720 1070 0.0
105805 1102 0.0
106464 1109 0.0
143818 1498 0.0
145549 1516 0.0
147651 1538 1.0
15938 166 1.0
46182 481 0.0
48396 504 0.0
51764 539 0.0
60882 634 0.0
74898 780 0.0
95820 998 0.0
100328 1045 1.0
112810 1175 0.0
115201 1200 1.0
116372 1212 0.0
138817 1446 0.0
150356 1566 0.0
877 9 0.0
4713 49 1.0
5447 56 0.0
10560 110 1.0
22179 231 0.0
24589 256 0.0
25349 264 1.0
28896 301 0.0
30144 314 1.0
33032 344 1.0
34664 361 1.0
35629 371 0.0
42627 444 0.0
43642 454 0.0
48589 506 0.0
49352 514 0.0
54819 571 0.0
54922 572 0.0
57560 599 0.0
60873 634 0.0
61158 637 1.0
61539 641 0.0
64130 668 1.0
71617 746 0.0
74592 777 1.0
74889 780 0.0
76322 795 1.0
77763 810 0.0
78336 816 1.0
87093 907 0.0
87751 914 1.0
90349 941 0.0
94659 986 0.0
95623 996 0.0
113005 1177 0.0
113123 1178 0.0
114912 1197 0.0
126248 1315 0.0
133640 1392 1.0
137101 1428 0.0
138925 1447 0.0
139489 1453 1.0
142278 1482 1.0
148237 1544 0.0
148327 1545 0.0
148992 1552 1.0
151296 1576 1.0
 fin motif
# 5 target:0 c+:498 c-:269 score:354.41366638855396 score+:1957.5379501215489 score-:4013.1372151751616 nb:8 =l_2c_1 l_2c_5 l_2c_16 l_2c_14 l_2c_19 l_2c_11 l_2c_3 l_2c_4 
6336 66 1.0
13160 137 1.0
27658 288 1.0
62304 649 1.0
70660 736 1.0
77280 805 1.0
96100 1001 1.0
96865 1009 1.0
99659 1038 1.0
108305 1128 0.0
113144 1178 0.0
115120 1199 0.0
117985 1229 1.0
129136 1345 0.0
131814 1373 1.0
146880 1530 1.0
149094 1553 1.0
902 9 0.0
6723 70 1.0
24614 256 0.0
28130 293 1.0
35654 371 0.0
38600 402 1.0
40035 417 1.0
45216 471 1.0
45416 473 1.0
48614 506 0.0
50248 523 0.0
67104 699 1.0
67105 699 1.0
73930 770 1.0
74307 774 1.0
90374 941 0.0
94850 988 1.0
99093 1032 0.0
101482 1057 1.0
103301 1076 1.0
104064 1084 1.0
113002 1177 0.0
137126 1428 0.0
138937 1447 0.0
148262 1544 0.0
1195 12 0.0
1443 15 1.0
1544 16 1.0
1734 18 1.0
2409 25 1.0
3365 35 1.0
4131 43 1.0
4242 44 0.0
5393 56 0.0
5959 62 1.0
6150 64 1.0
6260 65 0.0
6546 68 0.0
7016 73 0.0
7593 79 1.0
8072 84 0.0
8262 86 1.0
8649 90 0.0
10282 107 1.0
12483 130 1.0
14211 148 1.0
14405 150 1.0
14697 153 1.0
15840 165 1.0
16329 170 1.0
16615 173 1.0
17379 181 1.0
17478 182 1.0
17603 183 0.0
18452 192 0.0
19119 199 0.0
19531 203 0.0
19783 206 1.0
20943 218 0.0
21604 225 1.0
22857 238 1.0
23162 241 0.0
23336 243 1.0
23522 245 1.0
24586 256 0.0
26312 274 1.0
27363 285 1.0
28805 300 1.0
29194 304 1.0
29576 308 1.0
29958 312 1.0
30832 321 0.0
32480 338 0.0
32839 342 1.0
33705 351 1.0
34277 357 1.0
35816 373 1.0
36617 381 0.0
36786 383 0.0
36967 385 1.0
37160 387 1.0
37733 393 0.0
39648 413 0.0
39945 416 1.0
40133 418 1.0
42075 438 0.0
42536 443 1.0
42973 447 0.0
43493 453 1.0
44353 462 1.0
44644 465 1.0
44849 467 0.0
45033 469 1.0
46197 481 0.0
47060 490 0.0
47618 496 1.0
48405 504 0.0
49542 516 1.0
49728 518 1.0
50026 521 1.0
50219 523 0.0
50594 527 1.0
51757 539 0.0
53383 556 0.0
54054 563 1.0
55412 577 0.0
55688 580 1.0
55973 583 1.0
56070 584 1.0
57410 598 1.0
57704 601 1.0
58563 610 1.0
59042 615 1.0
59730 622 0.0
60008 625 1.0
60111 626 0.0
60586 631 1.0
60779 633 1.0
60968 635 1.0
61562 641 0.0
61730 643 1.0
62035 646 0.0
62114 647 1.0
62695 653 1.0
63752 664 1.0
64075 667 0.0
64224 669 1.0
65189 679 1.0
67028 698 0.0
67312 701 0.0
68274 711 0.0
70192 731 0.0
70468 734 1.0
71136 741 1.0
72586 756 1.0
73652 767 1.0
75473 786 0.0
75569 787 0.0
76133 793 1.0
76433 796 0.0
76617 798 1.0
77483 807 1.0
77860 811 1.0
78048 813 1.0
78248 815 1.0
78921 822 1.0
79008 823 1.0
79299 826 1.0
80371 837 0.0
81032 844 1.0
81220 846 1.0
81896 853 1.0
82676 861 0.0
83816 873 0.0
85940 895 0.0
86419 900 0.0
86985 906 1.0
87459 911 1.0
88326 920 1.0
88513 922 1.0
88649 923 0.0
89669 934 1.0
91777 956 1.0
92354 962 1.0
92943 968 0.0
93696 976 1.0
93990 979 1.0
94192 981 0.0
94682 986 0.0
95832 998 0.0
96864 1009 1.0
97251 1013 1.0
98504 1026 1.0
99360 1035 1.0
99497 1036 0.0
99561 1037 1.0
99655 1038 1.0
99947 1041 1.0
100052 1042 0.0
100330 1045 1.0
102346 1066 1.0
102550 1068 0.0
103401 1077 1.0
103550 1078 0.0
104658 1090 0.0
105935 1103 0.0
105991 1104 1.0
106080 1105 1.0
106376 1108 1.0
107928 1124 0.0
109833 1144 1.0
110889 1155 1.0
112148 1168 0.0
112228 1169 1.0
112713 1174 1.0
112817 1175 0.0
114241 1190 1.0
114356 1191 0.0
114472 1192 0.0
114528 1193 1.0
114821 1196 1.0
116365 1212 0.0
116646 1215 1.0
117216 1221 1.0
117792 1227 1.0
118290 1232 0.0
118858 1238 1.0
118949 1239 1.0
119924 1249 0.0
120102 1251 1.0
121073 1261 0.0
121172 1262 0.0
121374 1264 0.0
122612 1277 0.0
122688 1278 1.0
122883 1280 1.0
123377 1285 0.0
123505 1286 0.0
124711 1299 1.0
124993 1302 1.0
125577 1308 1.0
125969 1312 0.0
126632 1319 1.0
126918 1322 1.0
128640 1340 1.0
128756 1341 0.0
129513 1349 1.0
129794 1352 1.0
131714 1372 1.0
132672 1382 1.0
133056 1386 1.0
133448 1390 1.0
133776 1393 0.0
134501 1401 1.0
134596 1402 1.0
134898 1405 0.0
135847 1415 1.0
136612 1423 1.0
137098 1428 0.0
137418 1431 0.0
137665 1434 1.0
139220 1450 0.0
140451 1463 1.0
140554 1464 1.0
141137 1470 0.0
141408 1473 1.0
141793 1477 1.0
142004 1479 0.0
142569 1485 1.0
143011 1489 0.0
143616 1496 1.0
143720 1497 1.0
144293 1503 1.0
144401 1504 0.0
144585 1506 1.0
146025 1521 1.0
146599 1527 1.0
146982 1531 1.0
147173 1533 1.0
147459 1536 1.0
147648 1538 1.0
148234 1544 0.0
148515 1547 1.0
148729 1549 0.0
148800 1550 1.0
149095 1553 1.0
150242 1565 1.0
150346 1566 0.0
150537 1568 1.0
150843 1571 0.0
150936 1572 0.0
151397 1577 1.0
152934 1593 1.0
153425 1598 0.0
4137 43 1.0
14594 152 1.0
15941 166 1.0
21796 227 1.0
28612 298 1.0
30823 321 0.0
31207 325 0.0
35332 368 1.0
44932 468 1.0
46758 487 1.0
58375 608 0.0
59616 621 1.0
60298 628 1.0
60386 629 1.0
64134 668 1.0
71239 742 0.0
72484 755 1.0
75265 784 1.0
82566 860 1.0
91680 955 1.0
105424 1098 1.0
116160 1210 1.0
124034 1292 1.0
124806 1300 1.0
129889 1353 1.0
134118 1397 1.0
136320 1420 1.0
140264 1461 1.0
142752 1487 1.0
143334 1493 1.0
145923 1520 1.0
152065 1584 1.0
152640 1590 1.0
328 3 0.0
1638 17 1.0
2411 25 1.0
2407 25 1.0
2410 25 1.0
3264 34 1.0
4129 43 1.0
4714 49 1.0
4708 49 1.0
4805 50 1.0
4899 51 1.0
4993 52 1.0
5664 59 1.0
6822 71 0.0
7026 73 0.0
7110 74 1.0
7393 77 1.0
7780 81 1.0
8000 83 0.0
7982 83 0.0
8083 84 0.0
8549 89 1.0
8739 91 1.0
8742 91 1.0
8931 93 1.0
8930 93 1.0
10090 105 1.0
10661 111 1.0
11047 115 1.0
11156 116 0.0
12869 134 1.0
13445 140 1.0
13555 141 0.0
13833 144 1.0
15272 159 1.0
15553 162 1.0
15936 166 1.0
17674 184 1.0
17769 185 1.0
18341 191 1.0
18634 194 1.0
19872 207 0.0
20262 211 0.0
20932 218 0.0
21219 221 1.0
21417 223 1.0
21510 224 1.0
21512 224 1.0
21603 225 1.0
22368 233 1.0
22490 234 0.0
22466 234 0.0
22468 234 0.0
22958 239 0.0
23623 246 1.0
25057 261 1.0
25056 261 1.0
25745 268 0.0
27173 283 1.0
27649 288 1.0
27648 288 1.0
27751 289 0.0
28034 292 1.0
28037 292 1.0
28131 293 1.0
28615 298 1.0
28611 298 1.0
28916 301 0.0
29779 310 0.0
30155 314 1.0
30726 320 1.0
31008 323 1.0
31688 330 1.0
32260 336 1.0
32960 343 0.0
32962 343 0.0
33537 349 0.0
33534 349 0.0
33609 350 1.0
33700 351 1.0
34471 359 0.0
36192 377 1.0
36199 377 1.0
36193 377 1.0
36303 378 0.0
36345 378 0.0
37485 390 0.0
37644 392 0.0
37705 392 0.0
38592 402 1.0
38889 405 1.0
38999 406 0.0
39046 406 0.0
39845 415 1.0
39944 416 1.0
40032 417 1.0
40920 426 0.0
41387 431 0.0
43127 449 0.0
43132 449 0.0
45317 472 0.0
45331 472 0.0
45696 476 1.0
45697 476 1.0
46088 480 1.0
46371 483 1.0
46759 487 1.0
46760 487 1.0
47071 490 0.0
47235 492 1.0
47338 493 1.0
47427 494 0.0
48677 507 1.0
48864 509 1.0
49254 513 1.0
49255 513 1.0
50237 523 0.0
50593 527 1.0
50785 529 0.0
52044 542 0.0
52105 542 0.0
52939 551 0.0
52940 551 0.0
53188 554 1.0
53761 560 1.0
54174 564 0.0
54931 572 0.0
55971 583 1.0
56360 587 1.0
56456 588 1.0
56928 593 1.0
58188 606 0.0
58385 608 0.0
59139 616 1.0
59719 622 0.0
60268 627 0.0
60203 627 0.0
60583 631 1.0
61834 644 1.0
62121 647 1.0
62112 647 1.0
62884 655 1.0
62888 655 1.0
64709 674 1.0
64712 674 1.0
67110 699 1.0
67296 701 0.0
67584 704 1.0
68181 710 0.0
68177 710 0.0
68368 712 0.0
68548 714 1.0
68931 718 1.0
69800 727 1.0
69794 727 1.0
69795 727 1.0
70465 734 1.0
70978 739 0.0
71429 744 1.0
71811 748 0.0
71864 748 0.0
72008 750 1.0
72308 753 1.0
73161 762 1.0
73537 766 1.0
73732 768 0.0
73931 770 1.0
75366 785 1.0
75556 787 0.0
76420 796 0.0
77857 811 1.0
78149 814 1.0
78536 818 1.0
78729 820 1.0
79110 824 0.0
79218 825 0.0
79223 825 0.0
79397 827 1.0
80165 835 1.0
80747 841 0.0
81408 848 1.0
81409 848 1.0
81604 850 1.0
82090 855 1.0
83528 870 1.0
85456 890 0.0
86022 896 1.0
86024 896 1.0
86695 903 1.0
86694 903 1.0
86883 905 1.0
87073 907 0.0
87169 908 0.0
87668 913 0.0
87846 915 1.0
87950 916 0.0
87968 916 0.0
88416 921 1.0
88704 924 1.0
89666 934 1.0
89860 936 1.0
89861 936 1.0
90055 938 0.0
91013 948 1.0
91591 954 1.0
91776 956 1.0
91906 957 0.0
92643 965 1.0
93513 974 0.0
93511 974 0.0
94176 981 0.0
94376 983 1.0
95136 991 1.0
96005 1000 1.0
96199 1002 1.0
96672 1007 1.0
97062 1011 1.0
98309 1024 1.0
98503 1026 1.0
101384 1056 0.0
101671 1059 1.0
101868 1061 0.0
101879 1061 0.0
101954 1062 1.0
103112 1074 1.0
104358 1087 1.0
105318 1097 1.0
105418 1098 1.0
105608 1100 1.0
106854 1113 1.0
106852 1113 1.0
106855 1113 1.0
107144 1116 1.0
107147 1116 1.0
107237 1117 1.0
111369 1160 1.0
112225 1169 1.0
112224 1169 1.0
112323 1170 1.0
113111 1178 0.0
114152 1189 1.0
114240 1190 1.0
114932 1197 0.0
115497 1203 1.0
115499 1203 1.0
116268 1211 0.0
116327 1211 0.0
116738 1216 1.0
116838 1217 1.0
117609 1225 1.0
118297 1232 0.0
118369 1233 0.0
118848 1238 1.0
119717 1247 1.0
119722 1247 1.0
120000 1250 1.0
122404 1275 1.0
122983 1281 1.0
123361 1285 0.0
124619 1298 0.0
124623 1298 0.0
125575 1308 1.0
125953 1312 0.0
126529 1318 1.0
127301 1326 1.0
127299 1326 1.0
127393 1327 1.0
127784 1331 1.0
128074 1334 0.0
128766 1341 0.0
128833 1342 1.0
129511 1349 1.0
130471 1359 1.0
130658 1361 1.0
130946 1364 1.0
131141 1366 1.0
132002 1375 1.0
132001 1375 1.0
133774 1393 0.0
134219 1398 1.0
134304 1399 1.0
134593 1402 1.0
134986 1406 1.0
135841 1415 1.0
135943 1416 0.0
136417 1421 1.0
136897 1426 1.0
136898 1426 1.0
138534 1443 1.0
138528 1443 1.0
139587 1454 1.0
140074 1459 1.0
140070 1459 1.0
140455 1463 1.0
140741 1466 0.0
141321 1472 1.0
141891 1478 1.0
142176 1481 1.0
142376 1483 1.0
142662 1486 1.0
143715 1497 1.0
143816 1498 0.0
144872 1509 1.0
144867 1509 1.0
145351 1514 0.0
145398 1514 0.0
146410 1525 1.0
147457 1536 1.0
147652 1538 1.0
147756 1539 0.0
147754 1539 0.0
148518 1547 1.0
148519 1547 1.0
148706 1549 0.0
148915 1551 0.0
149003 1552 1.0
149378 1556 0.0
149866 1561 1.0
149865 1561 1.0
151600 1579 0.0
151725 1580 0.0
152064 1584 1.0
152832 1592 1.0
152930 1593 1.0
153317 1597 1.0
153505 1599 1.0
324 3 0.0
2403 25 1.0
4233 44 0.0
6537 68 0.0
9316 97 1.0
9702 101 1.0
10088 105 1.0
10393 108 0.0
11048 115 1.0
16032 167 1.0
18244 190 1.0
21121 220 1.0
21509 224 1.0
22470 234 0.0
22485 234 0.0
23425 244 1.0
23908 249 1.0
29479 307 1.0
30722 320 1.0
30816 321 0.0
32641 340 1.0
34950 364 1.0
36777 383 0.0
37057 386 1.0
37153 387 1.0
37446 390 0.0
38401 400 1.0
38883 405 1.0
39169 408 1.0
40998 427 1.0
41280 430 1.0
42243 440 1.0
42720 445 1.0
43010 448 1.0
46273 482 1.0
47073 490 0.0
47233 492 1.0
47438 494 0.0
47525 495 1.0
48865 509 1.0
50310 524 0.0
52908 551 0.0
52937 551 0.0
53665 559 1.0
53764 560 1.0
54823 571 0.0
55681 580 1.0
55782 581 1.0
58176 606 0.0
59809 623 1.0
61825 644 1.0
68265 711 0.0
70950 739 0.0
72007 750 1.0
72306 753 1.0
72961 760 1.0
73056 761 1.0
73159 762 1.0
73744 768 0.0
75361 785 1.0
75842 790 1.0
77389 806 0.0
77386 806 0.0
83619 871 1.0
84096 876 1.0
84769 883 1.0
86021 896 1.0
86881 905 1.0
91396 952 1.0
93316 972 1.0
96198 1002 1.0
97537 1016 1.0
98307 1024 1.0
100325 1045 1.0
100515 1047 1.0
102721 1070 0.0
103111 1074 1.0
104260 1086 1.0
104930 1093 1.0
105316 1097 1.0
105606 1100 1.0
105806 1102 0.0
106465 1109 0.0
109065 1136 1.0
114048 1188 1.0
116072 1209 1.0
116549 1214 1.0
117603 1225 1.0
118302 1232 0.0
118374 1233 0.0
119233 1242 1.0
120672 1257 1.0
124621 1298 0.0
124659 1298 0.0
126724 1320 1.0
127105 1324 1.0
127392 1327 1.0
127593 1329 1.0
128768 1341 0.0
128836 1342 1.0
129608 1350 1.0
130656 1361 1.0
130944 1364 1.0
132297 1378 1.0
132391 1379 1.0
133634 1392 1.0
134217 1398 1.0
134305 1399 1.0
134690 1403 1.0
134889 1405 0.0
134984 1406 1.0
135649 1413 0.0
135744 1414 1.0
135745 1414 1.0
139393 1452 1.0
140454 1463 1.0
143819 1498 0.0
144193 1502 1.0
145550 1516 0.0
147077 1532 1.0
151878 1582 1.0
152833 1592 1.0
153508 1599 1.0
1066 11 1.0
1255 13 0.0
1547 16 1.0
2881 30 1.0
3175 33 0.0
4232 44 0.0
4619 48 1.0
5771 60 0.0
6248 65 0.0
6439 67 1.0
6536 68 0.0
6816 71 0.0
9232 96 0.0
9806 102 0.0
9914 103 0.0
11532 120 0.0
13063 136 0.0
14311 149 0.0
14789 154 1.0
16137 168 1.0
18534 193 1.0
19017 198 1.0
19254 200 0.0
19408 202 0.0
20256 211 0.0
20558 214 0.0
22187 231 0.0
23914 249 1.0
26214 273 1.0
28906 301 0.0
29768 310 0.0
33216 346 1.0
33898 353 1.0
34093 355 0.0
36774 383 0.0
37741 393 0.0
38123 397 0.0
38314 399 1.0
38794 404 1.0
40613 423 1.0
40708 424 1.0
40906 426 0.0
41097 428 1.0
42341 441 1.0
42634 444 0.0
43226 450 0.0
44262 461 1.0
44749 466 0.0
45337 472 0.0
45602 475 1.0
47052 490 0.0
48968 510 1.0
50696 528 1.0
51079 532 1.0
54157 564 0.0
54838 571 0.0
55404 577 0.0
55878 582 1.0
60490 630 1.0
60871 634 0.0
61065 636 1.0
61548 641 0.0
62030 646 0.0
62215 648 0.0
65572 683 1.0
65763 685 1.0
65960 687 0.0
67016 698 0.0
67588 704 1.0
68264 711 0.0
69899 728 1.0
73250 763 1.0
74416 775 0.0
74696 778 1.0
74887 780 0.0
75769 789 0.0
77776 810 0.0
78628 819 1.0
79104 824 0.0
80266 836 1.0
80366 837 0.0
80653 840 0.0
81991 854 1.0
82088 855 1.0
82667 861 0.0
83911 874 1.0
84580 881 1.0
85928 895 0.0
86414 900 0.0
87271 909 0.0
87562 912 1.0
88237 919 0.0
88996 927 1.0
89481 932 1.0
92744 966 0.0
93127 970 1.0
94668 986 0.0
94951 989 1.0
95647 996 0.0
95836 998 0.0
97640 1017 1.0
99101 1032 0.0
100040 1042 0.0
103306 1076 1.0
104653 1090 0.0
104740 1091 0.0
107046 1115 0.0
107339 1118 0.0
107622 1121 1.0
107814 1123 0.0
108205 1127 0.0
108678 1132 1.0
111081 1157 1.0
112136 1168 0.0
112610 1173 1.0
113286 1180 1.0
113476 1182 1.0
113770 1185 1.0
114341 1191 0.0
114922 1197 0.0
115786 1206 1.0
115977 1208 1.0
116450 1213 1.0
117224 1221 1.0
117320 1222 1.0
117514 1224 1.0
117891 1228 1.0
118277 1232 0.0
119427 1244 1.0
119916 1249 0.0
121160 1262 0.0
122117 1272 0.0
122603 1277 0.0
122888 1280 1.0
123077 1282 1.0
125093 1303 1.0
126261 1315 0.0
126824 1321 0.0
128641 1340 1.0
128747 1341 0.0
129508 1349 1.0
131432 1369 1.0
131623 1371 0.0
132784 1383 0.0
134885 1405 0.0
137961 1437 1.0
138629 1444 1.0
139105 1449 1.0
139211 1450 0.0
141707 1476 1.0
141992 1479 0.0
143529 1495 1.0
146320 1524 0.0
148349 1545 0.0
148715 1549 0.0
151691 1580 0.0
151801 1581 0.0
152264 1586 1.0
152257 1586 1.0
204 2 0.0
299 3 0.0
2999 31 0.0
7307 76 1.0
8028 83 0.0
9943 103 0.0
10408 108 0.0
17014 177 0.0
17089 178 1.0
17221 179 0.0
18818 196 1.0
19214 200 0.0
19681 205 1.0
20461 213 0.0
21747 226 0.0
24145 251 0.0
24800 258 0.0
25288 263 0.0
26406 275 1.0
26999 281 0.0
29867 311 0.0
31986 333 0.0
33218 346 1.0
35465 369 0.0
35713 372 1.0
36044 375 0.0
38237 398 0.0
43137 449 0.0
43253 450 0.0
43321 451 0.0
43624 454 0.0
43799 456 0.0
48005 500 1.0
49825 519 1.0
52123 542 0.0
52896 551 0.0
53089 553 1.0
53308 555 0.0
53524 557 0.0
54943 572 0.0
57543 599 0.0
58765 612 0.0
60254 627 0.0
61675 642 0.0
61955 645 0.0
62807 654 0.0
68104 709 0.0
68873 717 0.0
69255 721 0.0
70781 737 0.0
71023 739 0.0
71747 747 0.0
71876 748 0.0
73447 765 1.0
75756 789 0.0
78912 822 1.0
81508 849 1.0
82481 859 0.0
82968 864 0.0
84259 877 0.0
87460 911 1.0
87996 916 0.0
88915 926 0.0
92581 964 0.0
97152 1012 1.0
97547 1016 1.0
98506 1026 1.0
98933 1030 0.0
99748 1039 1.0
100421 1046 1.0
100727 1049 0.0
102434 1067 1.0
103528 1078 0.0
103680 1080 1.0
104070 1084 1.0
106369 1108 1.0
107452 1119 0.0
107735 1122 0.0
110592 1152 1.0
111457 1161 1.0
112066 1167 0.0
113569 1183 1.0
113666 1184 1.0
114624 1194 0.0
114721 1195 1.0
115623 1204 0.0
115714 1205 0.0
116297 1211 0.0
122544 1276 0.0
124608 1298 0.0
126052 1313 1.0
128260 1336 1.0
129896 1353 1.0
131962 1374 0.0
133571 1391 0.0
133780 1393 0.0
136425 1421 1.0
139777 1456 1.0
141060 1469 0.0
143466 1494 0.0
145408 1514 0.0
149206 1554 0.0
151200 1575 1.0
151812 1581 0.0
 fin motif
# 6 target:0 c+:145 c-:116 score:259.2730603474798 score+:489.56183981428705 score-:1526.6540812042062 nb:5 =l_2c_12 l_2c_15 l_2c_13 l_2c_14 l_2c_9 
6336 66 1.0
62304 649 1.0
77280 805 1.0
1195 12 0.0
5959 62 1.0
8262 86 1.0
8649 90 0.0
14211 148 1.0
14405 150 1.0
15840 165 1.0
17603 183 0.0
19119 199 0.0
19531 203 0.0
23162 241 0.0
23522 245 1.0
26312 274 1.0
27363 285 1.0
29958 312 1.0
34277 357 1.0
36617 381 0.0
40133 418 1.0
42075 438 0.0
42973 447 0.0
43493 453 1.0
44849 467 0.0
45033 469 1.0
50219 523 0.0
53383 556 0.0
54054 563 1.0
57410 598 1.0
58563 610 1.0
60008 625 1.0
60968 635 1.0
61730 643 1.0
62695 653 1.0
64075 667 0.0
65189 679 1.0
71136 741 1.0
76617 798 1.0
78048 813 1.0
79008 823 1.0
79299 826 1.0
81032 844 1.0
81220 846 1.0
83816 873 0.0
86985 906 1.0
88513 922 1.0
88649 923 0.0
92354 962 1.0
93696 976 1.0
97251 1013 1.0
99360 1035 1.0
99497 1036 0.0
99655 1038 1.0
102550 1068 0.0
105935 1103 0.0
109833 1144 1.0
114472 1192 0.0
114821 1196 1.0
116646 1215 1.0
117216 1221 1.0
120102 1251 1.0
121073 1261 0.0
121374 1264 0.0
122883 1280 1.0
123505 1286 0.0
126918 1322 1.0
132672 1382 1.0
133056 1386 1.0
137418 1431 0.0
137665 1434 1.0
140451 1463 1.0
141408 1473 1.0
143011 1489 0.0
144585 1506 1.0
146599 1527 1.0
148515 1547 1.0
149095 1553 1.0
150843 1571 0.0
153028 1594 1.0
80065 834 1.0
148423 1546 1.0
3013 31 0.0
3189 33 0.0
5779 60 0.0
6255 65 0.0
6862 71 0.0
9224 96 0.0
11528 120 0.0
14325 149 0.0
19400 202 0.0
19892 207 0.0
20302 211 0.0
25449 265 0.0
29775 310 0.0
31306 326 1.0
34095 355 0.0
37744 393 0.0
38131 397 0.0
43804 456 0.0
44751 466 0.0
47055 490 0.0
53872 561 0.0
54159 564 0.0
54914 572 0.0
55407 577 0.0
61650 642 0.0
62032 646 0.0
62229 648 0.0
62812 654 0.0
66727 695 1.0
67023 698 0.0
69696 726 1.0
71249 742 0.0
74408 775 0.0
77395 806 0.0
79156 824 0.0
80368 837 0.0
80655 840 0.0
82671 861 0.0
85935 895 0.0
86416 900 0.0
88239 919 0.0
95651 996 0.0
95814 998 0.0
99108 1032 0.0
100047 1042 0.0
104671 1090 0.0
108207 1127 0.0
112143 1168 0.0
114353 1191 0.0
114720 1195 1.0
118308 1232 0.0
119919 1249 0.0
121167 1262 0.0
122607 1277 0.0
128751 1341 0.0
131635 1371 0.0
132776 1383 0.0
134309 1399 1.0
139215 1450 0.0
142000 1479 0.0
146312 1524 0.0
151713 1580 0.0
315 3 0.0
391 4 1.0
481 5 1.0
2213 23 1.0
2312 24 1.0
2599 27 1.0
3186 33 0.0
5778 60 0.0
6254 65 0.0
6344 66 1.0
6861 71 0.0
9223 96 0.0
9902 103 0.0
11147 116 0.0
11527 120 0.0
12678 132 1.0
13065 136 0.0
14324 149 0.0
16706 174 1.0
17200 179 0.0
18915 197 1.0
19146 199 0.0
19201 200 0.0
19302 201 1.0
19399 202 0.0
20301 211 0.0
20483 213 0.0
20555 214 0.0
22754 237 1.0
24774 258 0.0
25275 263 0.0
25537 266 1.0
25735 268 0.0
26980 281 0.0
29774 310 0.0
30632 319 1.0
31112 324 1.0
31216 325 0.0
31305 326 1.0
31879 332 1.0
32359 337 1.0
32554 339 1.0
33801 352 1.0
34094 355 0.0
34567 360 1.0
35334 368 1.0
35454 369 0.0
37743 393 0.0
38130 397 0.0
38233 398 0.0
40705 424 1.0
41958 437 1.0
42824 446 1.0
43246 450 0.0
43608 454 0.0
44750 466 0.0
44934 468 1.0
45123 470 1.0
45988 479 1.0
47054 490 0.0
48962 510 1.0
50116 522 1.0
51370 535 1.0
51651 538 1.0
53282 555 0.0
54158 564 0.0
54337 566 1.0
55406 577 0.0
55494 578 1.0
57026 594 1.0
57123 595 1.0
58665 611 1.0
58764 612 0.0
61263 638 0.0
61444 640 1.0
62031 646 0.0
62226 648 0.0
64323 670 1.0
65953 687 0.0
66058 688 1.0
66338 691 1.0
67022 698 0.0
67490 703 1.0
68657 715 0.0
70777 737 0.0
71527 745 1.0
73830 769 1.0
74121 772 1.0
74407 775 0.0
75758 789 0.0
76711 799 1.0
77394 806 0.0
77670 809 1.0
79155 824 0.0
79493 828 1.0
79594 829 1.0
80073 834 1.0
80367 837 0.0
80448 838 1.0
80654 840 0.0
80836 842 1.0
81704 851 1.0
82670 861 0.0
82848 863 1.0
82952 864 0.0
85934 895 0.0
86415 900 0.0
88238 919 0.0
95650 996 0.0
95813 998 0.0
97061 1011 1.0
99097 1032 0.0
100046 1042 0.0
100228 1044 1.0
100732 1049 0.0
104654 1090 0.0
104838 1092 1.0
105696 1101 1.0
107443 1119 0.0
107617 1121 1.0
108206 1127 0.0
108962 1135 1.0
109736 1143 1.0
110790 1154 1.0
111270 1159 1.0
112142 1168 0.0
112417 1171 1.0
114250 1190 1.0
114249 1190 1.0
114350 1191 0.0
115612 1204 0.0
118286 1232 0.0
119041 1240 1.0
119936 1249 0.0
119918 1249 0.0
120768 1258 1.0
120874 1259 1.0
121166 1262 0.0
121441 1265 1.0
121633 1267 1.0
122535 1276 0.0
122624 1277 0.0
122882 1280 1.0
124645 1298 0.0
125382 1306 1.0
125859 1311 1.0
126145 1314 1.0
128360 1337 1.0
128750 1341 0.0
131634 1371 0.0
132775 1383 0.0
133254 1388 1.0
133581 1391 0.0
135375 1410 0.0
137192 1429 1.0
137281 1430 1.0
139214 1450 0.0
140938 1468 1.0
141998 1479 0.0
144969 1510 1.0
146311 1524 0.0
146793 1529 1.0
149186 1554 0.0
149577 1558 1.0
149958 1562 1.0
151712 1580 0.0
151828 1581 0.0
151978 1583 1.0
152166 1585 1.0
20560 214 0.0
29780 310 0.0
65959 687 0.0
94378 983 1.0
47814 498 1.0
47816 498 1.0
66725 695 1.0
115201 1200 1.0
 fin motif
# 7 target:0 c+:211 c-:104 score:248.675277800595 score+:554.5759749605902 score-:1250.8667528022563 nb:3 =l_2c_0 l_2c_18 l_2c_3 
6723 70 1.0
74307 774 1.0
94850 988 1.0
14594 152 1.0
30823 321 0.0
31207 325 0.0
58375 608 0.0
59616 621 1.0
60298 628 1.0
71239 742 0.0
72484 755 1.0
91680 955 1.0
124034 1292 1.0
124806 1300 1.0
136320 1420 1.0
142752 1487 1.0
143334 1493 1.0
152640 1590 1.0
28131 293 1.0
92643 965 1.0
769 8 1.0
4132 43 1.0
4898 51 1.0
6724 70 1.0
21218 221 1.0
24199 252 0.0
26119 272 1.0
26210 273 1.0
41189 429 1.0
59907 624 1.0
75264 784 1.0
83332 868 1.0
117316 1222 1.0
6057 63 1.0
8554 89 1.0
8662 90 0.0
9316 97 1.0
11235 117 1.0
17281 180 1.0
19892 207 0.0
20454 213 0.0
23137 241 0.0
25156 262 1.0
26496 276 1.0
26598 277 1.0
28420 296 1.0
29474 307 1.0
32450 338 0.0
33605 350 1.0
37543 391 1.0
41188 429 1.0
42915 447 0.0
43104 449 0.0
43617 454 0.0
44165 460 1.0
51562 537 1.0
52427 546 1.0
53001 552 1.0
53872 561 0.0
54441 567 1.0
55422 577 0.0
56162 585 1.0
57216 596 1.0
58382 608 0.0
58758 612 0.0
60228 627 0.0
64519 672 1.0
66917 697 1.0
68287 711 0.0
68353 712 0.0
69604 725 1.0
71249 742 0.0
71822 748 0.0
74208 773 1.0
80386 837 0.0
80748 841 0.0
81410 848 1.0
82179 856 1.0
82686 861 0.0
82974 864 0.0
84291 878 1.0
84675 882 1.0
86433 900 0.0
87989 916 0.0
89187 929 1.0
90050 938 0.0
91896 957 0.0
96489 1005 1.0
97829 1019 1.0
97831 1019 1.0
98598 1027 1.0
98601 1027 1.0
99265 1034 1.0
99480 1036 0.0
101381 1056 0.0
101867 1061 0.0
104162 1085 1.0
106176 1106 1.0
107447 1119 0.0
110019 1146 0.0
110032 1146 0.0
111559 1162 1.0
113287 1180 1.0
115972 1208 1.0
116339 1211 0.0
116451 1213 1.0
119239 1242 1.0
127972 1333 1.0
132964 1385 1.0
134912 1405 0.0
135843 1415 1.0
136040 1417 1.0
136128 1418 1.0
137953 1437 1.0
138439 1442 1.0
138632 1444 1.0
139874 1457 1.0
142962 1489 0.0
145388 1514 0.0
147365 1535 1.0
148421 1546 1.0
149473 1557 1.0
150944 1572 0.0
152546 1589 1.0
153316 1597 1.0
9 0 1.0
775 8 1.0
2211 23 1.0
2304 24 1.0
2599 27 1.0
3169 33 0.0
3847 40 1.0
4513 47 1.0
5192 54 1.0
5768 60 0.0
6916 72 1.0
7012 73 0.0
8068 84 0.0
9313 97 1.0
9992 104 1.0
11140 116 0.0
11151 116 0.0
11147 116 0.0
11331 118 1.0
11430 119 1.0
11534 120 0.0
12771 133 1.0
13443 140 1.0
13922 145 1.0
14313 149 0.0
14401 150 1.0
14789 154 1.0
14787 154 1.0
15074 157 0.0
15173 158 0.0
16133 168 1.0
16137 168 1.0
17282 180 1.0
19403 202 0.0
19498 203 0.0
19590 204 1.0
19776 206 1.0
19884 207 0.0
22281 232 1.0
22949 239 0.0
23045 240 1.0
24205 252 0.0
24485 255 1.0
25733 268 0.0
25735 268 0.0
26121 272 1.0
26214 273 1.0
26498 276 1.0
26792 279 1.0
27760 289 0.0
27937 291 1.0
28994 302 1.0
30530 318 1.0
31211 325 0.0
31216 325 0.0
31880 332 1.0
31879 332 1.0
32162 335 1.0
32744 341 1.0
33601 350 1.0
34465 359 0.0
36490 380 1.0
36489 380 1.0
36480 380 1.0
37647 392 0.0
38310 399 1.0
38788 404 1.0
39011 406 0.0
40613 423 1.0
41096 428 1.0
41958 437 1.0
42339 441 1.0
42341 441 1.0
43686 455 1.0
44257 461 1.0
44448 463 1.0
45601 475 1.0
47619 496 1.0
48775 508 1.0
49448 515 1.0
49445 515 1.0
50498 526 1.0
50499 526 1.0
50695 528 1.0
50798 529 0.0
51082 532 1.0
52132 543 1.0
52928 551 0.0
53861 561 0.0
54945 572 0.0
54951 572 0.0
55494 578 1.0
56649 590 1.0
56737 591 1.0
59237 617 1.0
59232 617 1.0
59723 622 0.0
60001 625 1.0
60108 626 0.0
60482 630 1.0
61257 638 0.0
61263 638 0.0
62216 648 0.0
63650 663 1.0
63945 666 1.0
64425 671 1.0
65571 683 1.0
65763 685 1.0
65761 685 1.0
66528 693 1.0
67307 701 0.0
67681 705 1.0
67785 706 0.0
68657 715 0.0
68653 715 0.0
69512 724 1.0
69514 724 1.0
70188 731 0.0
71244 742 0.0
72392 754 1.0
72389 754 1.0
73250 763 1.0
74209 773 1.0
74413 775 0.0
75468 786 0.0
75563 787 0.0
76427 796 0.0
76705 799 1.0
77377 806 0.0
77473 807 1.0
78152 814 1.0
78630 819 1.0
79208 825 0.0
82084 855 1.0
83241 867 1.0
83334 868 1.0
84961 885 1.0
86123 897 1.0
87085 907 0.0
87180 908 0.0
87185 908 0.0
87559 912 1.0
88633 923 0.0
88993 927 1.0
88996 927 1.0
90049 938 0.0
90632 944 1.0
90726 945 1.0
93798 977 1.0
94187 981 0.0
94951 989 1.0
97442 1015 1.0
99267 1034 1.0
102629 1069 1.0
102730 1070 0.0
105903 1103 0.0
106474 1109 0.0
106759 1112 1.0
110021 1146 0.0
110791 1154 1.0
110790 1154 1.0
113283 1180 1.0
113286 1180 1.0
113770 1185 1.0
114456 1192 0.0
115785 1206 1.0
115878 1207 1.0
115976 1208 1.0
117224 1221 1.0
117891 1228 1.0
118564 1235 1.0
120196 1252 1.0
120865 1259 1.0
121058 1261 0.0
121637 1267 1.0
121927 1270 1.0
123372 1285 0.0
124322 1295 0.0
125966 1312 0.0
126153 1314 1.0
126339 1316 1.0
126531 1318 1.0
126533 1318 1.0
128167 1335 1.0
131432 1369 1.0
131617 1371 0.0
132781 1383 0.0
132965 1385 1.0
134786 1404 1.0
135274 1409 1.0
135369 1410 0.0
135375 1410 0.0
135951 1416 0.0
136520 1422 1.0
137409 1431 0.0
137955 1437 1.0
138624 1444 1.0
139110 1449 1.0
139106 1449 1.0
139875 1457 1.0
140832 1467 1.0
141132 1470 0.0
142084 1480 1.0
142660 1486 1.0
145544 1516 0.0
145925 1520 1.0
146787 1529 1.0
148613 1548 1.0
148901 1551 0.0
149283 1555 1.0
149385 1556 0.0
151593 1579 0.0
152166 1585 1.0
152354 1587 1.0
153217 1596 1.0
153315 1597 1.0
153421 1598 0.0
587 6 1.0
7028 73 0.0
22675 236 0.0
27758 289 0.0
59718 622 0.0
80756 841 0.0
80843 842 1.0
93523 974 0.0
98122 1022 1.0
101579 1058 1.0
104160 1085 1.0
104553 1089 1.0
105313 1097 1.0
109354 1139 1.0
129696 1351 1.0
134112 1397 1.0
135560 1412 1.0
142756 1487 1.0
35520 370 1.0
91875 957 0.0
101379 1056 0.0
101865 1061 0.0
770 8 1.0
9123 95 1.0
24480 255 1.0
62882 655 1.0
72482 755 1.0
139008 1448 1.0
147366 1535 1.0
9230 96 0.0
11539 120 0.0
14317 149 0.0
19407 202 0.0
24484 255 1.0
38121 397 0.0
54051 563 1.0
60964 635 1.0
62217 648 0.0
93408 973 1.0
97443 1015 1.0
105798 1102 0.0
107337 1118 0.0
114365 1191 0.0
125095 1303 1.0
128770 1341 0.0
130178 1356 1.0
132387 1379 1.0
136422 1421 1.0
139009 1448 1.0
146318 1524 0.0
145545 1516 0.0
 fin motif
# 8 target:0 c+:202 c-:131 score:218.89956191560887 score+:580.4780126607951 score-:1324.7365231738654 nb:4 =l_2c_12 l_2c_6 l_2c_5 l_2c_14 
6336 66 1.0
62304 649 1.0
77280 805 1.0
1195 12 0.0
5959 62 1.0
8262 86 1.0
8649 90 0.0
14211 148 1.0
14405 150 1.0
15840 165 1.0
17603 183 0.0
19119 199 0.0
19531 203 0.0
23162 241 0.0
23522 245 1.0
26312 274 1.0
27363 285 1.0
29958 312 1.0
34277 357 1.0
36617 381 0.0
40133 418 1.0
42075 438 0.0
42973 447 0.0
43493 453 1.0
44849 467 0.0
45033 469 1.0
50219 523 0.0
53383 556 0.0
54054 563 1.0
57410 598 1.0
58563 610 1.0
60008 625 1.0
60968 635 1.0
61730 643 1.0
62695 653 1.0
64075 667 0.0
65189 679 1.0
71136 741 1.0
76617 798 1.0
78048 813 1.0
79008 823 1.0
79299 826 1.0
81032 844 1.0
81220 846 1.0
83816 873 0.0
86985 906 1.0
88513 922 1.0
88649 923 0.0
92354 962 1.0
93696 976 1.0
97251 1013 1.0
99360 1035 1.0
99497 1036 0.0
99655 1038 1.0
102550 1068 0.0
105935 1103 0.0
109833 1144 1.0
114472 1192 0.0
114821 1196 1.0
116646 1215 1.0
117216 1221 1.0
120102 1251 1.0
121073 1261 0.0
121374 1264 0.0
122883 1280 1.0
123505 1286 0.0
126918 1322 1.0
132672 1382 1.0
133056 1386 1.0
137418 1431 0.0
137665 1434 1.0
140451 1463 1.0
141408 1473 1.0
143011 1489 0.0
144585 1506 1.0
146599 1527 1.0
148515 1547 1.0
149095 1553 1.0
150843 1571 0.0
153028 1594 1.0
585 6 1.0
900 9 0.0
1543 16 1.0
1733 18 1.0
2023 21 1.0
3080 32 1.0
4241 44 0.0
5438 56 0.0
6259 65 0.0
6545 68 0.0
7109 74 1.0
7592 79 1.0
9797 102 0.0
10281 107 1.0
11915 124 1.0
12195 127 1.0
14691 153 1.0
15658 163 1.0
16328 170 1.0
17378 181 1.0
17587 183 0.0
18451 192 0.0
20550 214 0.0
20942 218 0.0
21505 224 1.0
22490 234 0.0
23335 243 1.0
24608 256 0.0
24967 260 1.0
27657 288 1.0
27945 291 1.0
28915 301 0.0
29188 304 1.0
29575 308 1.0
29779 310 0.0
32469 338 0.0
32648 340 1.0
33313 347 1.0
33991 354 1.0
35648 371 0.0
36391 379 1.0
36785 383 0.0
36963 385 1.0
38592 402 1.0
39081 407 1.0
39699 413 0.0
40328 420 1.0
41289 430 1.0
44645 465 1.0
45218 471 1.0
46191 481 0.0
46658 486 1.0
47059 490 0.0
48386 504 0.0
48608 506 0.0
49541 516 1.0
50025 521 1.0
50123 522 1.0
50602 527 1.0
51750 539 0.0
53672 559 1.0
55411 577 0.0
56068 584 1.0
57130 595 1.0
59040 615 1.0
60583 631 1.0
61561 641 0.0
62034 646 0.0
63751 664 1.0
64225 669 1.0
65966 687 0.0
67027 698 0.0
67883 707 1.0
68273 711 0.0
68739 716 1.0
69703 726 1.0
70657 736 1.0
71430 744 1.0
73651 767 1.0
75658 788 1.0
77482 807 1.0
80370 837 0.0
82675 861 0.0
82853 863 1.0
83625 871 1.0
84965 885 1.0
85939 895 0.0
86418 900 0.0
87084 907 0.0
87285 909 0.0
88325 920 1.0
88425 921 1.0
90368 941 0.0
93132 970 1.0
93991 979 1.0
94376 983 1.0
94377 983 1.0
94677 986 0.0
94761 987 1.0
95713 997 1.0
95831 998 0.0
96097 1001 1.0
96777 1008 1.0
96866 1009 1.0
98024 1021 1.0
99092 1032 0.0
99560 1037 1.0
99650 1038 1.0
99942 1041 1.0
100051 1042 0.0
100323 1045 1.0
101577 1058 1.0
101868 1061 0.0
103396 1077 1.0
103785 1081 1.0
104358 1087 1.0
104355 1087 1.0
104657 1090 0.0
104750 1091 0.0
105224 1096 1.0
105413 1098 1.0
105984 1104 1.0
106081 1105 1.0
106282 1107 1.0
107062 1115 0.0
107344 1118 0.0
107910 1124 0.0
108307 1128 0.0
110216 1148 1.0
110888 1155 1.0
111082 1157 1.0
112147 1168 0.0
112231 1169 1.0
112712 1174 1.0
112807 1175 0.0
112999 1177 0.0
113126 1178 0.0
114355 1191 0.0
114537 1193 1.0
114931 1197 0.0
115119 1199 0.0
116358 1212 0.0
118289 1232 0.0
118948 1239 1.0
119923 1249 0.0
120400 1254 0.0
121171 1262 0.0
122016 1271 1.0
122611 1277 0.0
122689 1278 1.0
122978 1281 1.0
124710 1299 1.0
125575 1308 1.0
125673 1309 1.0
126631 1319 1.0
126831 1321 0.0
127111 1324 1.0
128352 1337 1.0
128755 1341 0.0
129030 1344 1.0
129147 1345 0.0
129135 1345 0.0
129419 1348 1.0
130470 1359 1.0
131247 1367 0.0
131631 1371 0.0
133354 1389 1.0
134496 1401 1.0
134793 1404 1.0
134897 1405 0.0
135846 1415 1.0
136811 1425 1.0
137124 1428 0.0
137670 1434 1.0
138919 1447 0.0
139219 1450 0.0
139400 1452 1.0
140550 1464 1.0
141321 1472 1.0
141320 1472 1.0
141600 1475 1.0
142003 1479 0.0
143912 1499 1.0
144292 1503 1.0
146697 1528 1.0
147172 1533 1.0
148256 1544 0.0
148724 1549 0.0
148801 1550 1.0
149090 1553 1.0
150344 1566 0.0
150535 1568 1.0
150935 1572 0.0
153032 1594 1.0
46657 486 1.0
102341 1066 1.0
114250 1190 1.0
114249 1190 1.0
123077 1282 1.0
139105 1449 1.0
3182 33 0.0
4240 44 0.0
5442 56 0.0
5776 60 0.0
6258 65 0.0
6544 68 0.0
9120 95 1.0
9221 96 0.0
11525 120 0.0
13159 137 1.0
14322 149 0.0
15268 159 1.0
17622 183 0.0
19397 202 0.0
20560 214 0.0
29780 310 0.0
30149 314 1.0
36784 383 0.0
37719 392 0.0
38128 397 0.0
39018 406 0.0
40919 426 0.0
46660 486 1.0
47058 490 0.0
49536 516 1.0
50021 521 1.0
50306 524 0.0
55410 577 0.0
62046 646 0.0
62223 648 0.0
65959 687 0.0
67026 698 0.0
68272 711 0.0
70854 738 1.0
74405 775 0.0
77391 806 0.0
79270 825 0.0
80382 837 0.0
80657 840 0.0
82674 861 0.0
85938 895 0.0
86430 900 0.0
94378 983 1.0
100050 1042 0.0
102725 1070 0.0
104656 1090 0.0
105808 1102 0.0
106469 1109 0.0
109257 1138 1.0
110313 1149 1.0
112146 1168 0.0
114352 1191 0.0
118288 1232 0.0
119922 1249 0.0
121170 1262 0.0
122130 1272 0.0
122610 1277 0.0
122890 1280 1.0
126264 1315 0.0
127306 1326 1.0
127876 1332 1.0
128754 1341 0.0
129225 1346 1.0
131813 1373 1.0
132773 1383 0.0
134896 1405 0.0
138720 1445 1.0
139218 1450 0.0
141803 1477 1.0
142002 1479 0.0
143822 1498 0.0
145552 1516 0.0
146309 1524 0.0
147174 1533 1.0
148997 1552 1.0
5450 56 0.0
12000 125 1.0
17600 183 0.0
60385 629 1.0
72096 751 1.0
102632 1069 1.0
147651 1538 1.0
149288 1555 1.0
115201 1200 1.0
3 0 1.0
12578 131 1.0
15744 164 1.0
19780 206 1.0
22192 231 0.0
30144 314 1.0
37257 388 1.0
37254 388 1.0
40915 426 0.0
54844 571 0.0
60884 634 0.0
64902 676 1.0
73344 764 1.0
74902 780 0.0
77771 810 0.0
78632 819 1.0
95646 996 0.0
95823 998 0.0
109254 1138 1.0
110592 1152 1.0
126269 1315 0.0
148370 1545 0.0
148992 1552 1.0
151695 1580 0.0
152554 1589 1.0
 fin motif
# 9 target:0 c+:368 c-:279 score:209.0318810677103 score+:2440.01689374602 score-:3903.2400612199917 nb:10 =l_2c_0 l_2c_12 l_2c_7 l_2c_16 l_2c_14 l_2c_9 l_2c_11 l_2c_19 l_2c_3 l_2c_4 
15654 163 1.0
36601 381 0.0
89282 930 1.0
96 1 1.0
210 2 0.0
288 3 0.0
485 5 1.0
576 6 1.0
674 7 1.0
890 9 0.0
968 10 0.0
1175 12 0.0
1274 13 0.0
1829 19 1.0
1929 20 1.0
2020 21 1.0
2596 27 1.0
2787 29 1.0
3023 31 0.0
3464 36 1.0
3557 37 1.0
3946 41 1.0
4037 42 1.0
4237 44 0.0
4324 45 1.0
4416 46 1.0
4512 47 1.0
5770 60 0.0
5861 61 1.0
5955 62 1.0
6268 65 0.0
6541 68 0.0
6842 71 0.0
7027 73 0.0
7401 77 1.0
8036 83 0.0
8088 84 0.0
8160 85 1.0
8662 90 0.0
9604 100 1.0
9700 101 1.0
9805 102 0.0
9937 103 0.0
9985 104 1.0
10379 108 0.0
10475 109 1.0
10851 113 1.0
11159 116 0.0
11329 118 1.0
11908 124 1.0
12097 126 1.0
12288 128 1.0
12585 131 1.0
12682 132 1.0
13083 136 0.0
13256 138 1.0
13539 141 0.0
13736 143 1.0
14113 147 1.0
14209 148 1.0
14408 150 1.0
14978 156 1.0
15087 157 0.0
15177 158 0.0
15849 165 1.0
16224 169 1.0
16418 171 0.0
16520 172 1.0
17032 177 0.0
17384 181 1.0
17668 184 1.0
18439 192 0.0
18529 193 1.0
18921 197 1.0
19143 199 0.0
19245 200 0.0
19418 202 0.0
19520 203 0.0
19892 207 0.0
19889 207 0.0
20071 209 1.0
20282 211 0.0
20497 213 0.0
20548 214 0.0
20649 215 1.0
20740 216 1.0
20946 218 0.0
21126 220 1.0
21317 222 1.0
21724 226 0.0
21992 229 1.0
22221 231 0.0
22483 234 0.0
22663 236 0.0
22761 237 1.0
22962 239 0.0
23137 241 0.0
23426 244 1.0
24144 251 0.0
24217 252 0.0
24291 253 1.0
24487 255 1.0
24580 256 0.0
24675 257 0.0
24769 258 0.0
24963 260 1.0
25156 262 1.0
25289 263 0.0
25352 264 1.0
25443 265 0.0
25641 267 1.0
25750 268 0.0
25927 270 1.0
26502 276 1.0
26785 279 1.0
27003 281 0.0
27362 285 1.0
27757 289 0.0
27941 291 1.0
28927 301 0.0
28996 302 1.0
29383 306 1.0
29792 310 0.0
29894 311 0.0
30339 316 1.0
30628 319 1.0
30839 321 0.0
31221 325 0.0
31296 326 1.0
31399 327 1.0
31776 331 1.0
31873 332 1.0
32004 333 0.0
32066 334 0.0
32164 335 1.0
32256 336 1.0
32454 338 0.0
32450 338 0.0
32548 339 1.0
32647 340 1.0
32933 343 0.0
33026 344 1.0
33125 345 1.0
33519 349 0.0
33602 350 1.0
33697 351 1.0
33984 354 1.0
34106 355 0.0
34279 357 1.0
34479 359 0.0
34562 360 1.0
34658 361 1.0
34849 363 1.0
35232 367 1.0
35445 369 0.0
35620 371 0.0
35718 372 1.0
35909 374 0.0
36019 375 0.0
36292 378 0.0
36389 379 1.0
36578 381 0.0
36781 383 0.0
36867 384 1.0
37350 389 1.0
37448 390 0.0
38216 398 0.0
38406 400 1.0
38506 401 1.0
39705 413 0.0
39851 415 1.0
40321 420 1.0
40423 421 1.0
40531 422 0.0
40897 426 0.0
41400 431 0.0
41664 434 1.0
41768 435 1.0
42068 438 0.0
42155 439 1.0
42657 444 0.0
42949 447 0.0
42915 447 0.0
43017 448 1.0
43108 449 0.0
43235 450 0.0
43298 451 0.0
43610 454 0.0
43823 456 0.0
44845 467 0.0
45025 469 1.0
45128 470 1.0
45222 471 1.0
45322 472 0.0
45992 479 1.0
46196 481 0.0
46569 485 1.0
46854 488 1.0
47069 490 0.0
47241 492 1.0
47442 494 0.0
47718 497 1.0
47910 499 1.0
48104 501 1.0
48393 504 0.0
48580 506 0.0
49152 512 1.0
49347 514 0.0
49350 514 0.0
49641 517 1.0
49735 518 1.0
49923 520 1.0
50255 523 0.0
50309 524 0.0
50310 524 0.0
50496 526 1.0
50888 530 1.0
51365 535 1.0
51360 535 1.0
51460 536 1.0
51768 539 0.0
52064 542 0.0
52135 543 1.0
52336 545 0.0
52903 551 0.0
53097 553 1.0
53324 555 0.0
53390 556 0.0
53479 557 0.0
53573 558 1.0
53769 560 1.0
53868 561 0.0
53872 561 0.0
54822 571 0.0
54936 572 0.0
55107 574 1.0
55201 575 1.0
55422 577 0.0
55488 578 1.0
56450 588 1.0
56745 591 1.0
57031 594 1.0
57531 599 0.0
58187 606 0.0
58382 608 0.0
58659 611 1.0
58795 612 0.0
58858 613 1.0
58951 614 1.0
59146 616 1.0
59713 622 0.0
60117 626 0.0
60248 627 0.0
60875 634 0.0
61157 637 1.0
61248 638 0.0
61442 640 1.0
61536 641 0.0
61659 642 0.0
61833 644 1.0
61925 645 0.0
62044 646 0.0
62598 652 1.0
62833 654 0.0
63561 662 1.0
63648 663 1.0
63745 664 1.0
63937 666 1.0
64071 667 0.0
64422 671 1.0
64713 674 1.0
64805 675 1.0
64996 677 0.0
65382 681 1.0
65568 683 1.0
65664 684 0.0
65963 687 0.0
66344 691 1.0
66538 693 1.0
66730 695 1.0
67207 700 1.0
67315 701 0.0
67787 706 0.0
67978 708 1.0
68069 709 0.0
68176 710 0.0
68269 711 0.0
68363 712 0.0
68353 712 0.0
68456 713 1.0
68660 715 0.0
68747 716 1.0
68849 717 0.0
69127 720 1.0
69222 721 0.0
69988 729 1.0
70195 731 0.0
70760 737 0.0
71012 739 0.0
71144 741 1.0
71249 742 0.0
71251 742 0.0
71334 743 1.0
71520 745 1.0
71623 746 0.0
71735 747 0.0
71857 748 0.0
72001 750 1.0
72200 752 1.0
72303 753 1.0
72388 754 1.0
72874 759 1.0
72962 760 1.0
73152 762 1.0
73637 767 1.0
73738 768 0.0
73922 770 1.0
74113 772 1.0
74415 775 0.0
74692 778 1.0
74788 779 1.0
74891 780 0.0
75275 784 1.0
75470 786 0.0
75567 787 0.0
75649 788 1.0
75749 789 0.0
76038 792 1.0
76431 796 0.0
76521 797 1.0
76904 801 1.0
77002 802 1.0
77096 803 1.0
77389 806 0.0
77390 806 0.0
77476 807 1.0
77792 810 0.0
77957 812 1.0
78435 817 1.0
78530 818 1.0
78819 821 1.0
79130 824 0.0
79403 827 1.0
79588 829 1.0
79685 830 1.0
79975 833 1.0
80169 835 1.0
80380 837 0.0
80749 841 0.0
80837 842 1.0
81029 844 1.0
81121 845 1.0
81797 852 1.0
82179 856 1.0
82281 857 1.0
82494 859 0.0
82682 861 0.0
82686 861 0.0
82963 864 0.0
83140 866 1.0
83616 871 1.0
83849 873 0.0
84000 875 1.0
84105 876 1.0
84216 877 0.0
84393 879 1.0
84488 880 1.0
85160 887 1.0
85449 890 0.0
85735 893 0.0
86121 897 1.0
86427 900 0.0
87075 907 0.0
87173 908 0.0
87278 909 0.0
87360 910 1.0
87652 913 0.0
87750 914 1.0
87841 915 1.0
87987 916 0.0
88033 917 1.0
88134 918 1.0
88417 921 1.0
88610 923 0.0
88809 925 1.0
89092 928 1.0
89765 935 1.0
89959 937 1.0
90060 938 0.0
90250 940 1.0
90362 941 0.0
90723 945 1.0
91200 950 1.0
91904 957 0.0
91896 957 0.0
91974 958 1.0
92179 960 0.0
92264 961 1.0
92598 964 0.0
92762 966 0.0
92944 968 0.0
93218 971 1.0
93519 974 0.0
93604 975 1.0
94196 981 0.0
94368 983 1.0
94562 985 1.0
94656 986 0.0
94753 987 1.0
94854 988 1.0
95238 992 1.0
95522 995 1.0
95625 996 0.0
95873 998 0.0
96295 1003 1.0
96481 1005 1.0
96678 1007 1.0
96769 1008 1.0
96872 1009 1.0
96961 1010 1.0
97344 1014 1.0
97729 1018 1.0
97831 1019 1.0
98020 1021 1.0
98117 1022 1.0
98311 1024 1.0
98402 1025 1.0
98601 1027 1.0
98787 1029 1.0
98913 1030 0.0
99080 1032 0.0
99457 1036 0.0
99480 1036 0.0
99558 1037 1.0
99851 1040 0.0
99938 1041 1.0
100063 1042 0.0
100233 1044 1.0
100329 1045 1.0
100749 1049 0.0
100999 1052 1.0
101289 1055 1.0
101386 1056 0.0
101381 1056 0.0
101571 1058 1.0
101769 1060 1.0
101880 1061 0.0
101867 1061 0.0
101958 1062 1.0
102051 1063 1.0
102149 1064 1.0
102529 1068 0.0
102722 1070 0.0
102721 1070 0.0
103019 1073 1.0
103113 1074 1.0
103397 1077 1.0
103512 1078 0.0
103875 1082 1.0
103969 1083 1.0
104354 1087 1.0
104461 1088 0.0
104545 1089 1.0
104669 1090 0.0
104748 1091 0.0
104833 1092 1.0
105032 1094 1.0
105125 1095 1.0
105425 1098 1.0
105807 1102 0.0
105806 1102 0.0
105918 1103 0.0
106088 1105 1.0
106278 1107 1.0
106466 1109 0.0
106465 1109 0.0
106564 1110 1.0
106950 1114 1.0
107048 1115 0.0
107136 1116 1.0
107233 1117 1.0
107328 1118 0.0
107441 1119 0.0
107743 1122 0.0
107815 1123 0.0
107934 1124 0.0
108219 1127 0.0
108300 1128 0.0
108874 1134 1.0
109346 1139 1.0
109825 1144 1.0
109923 1145 1.0
110035 1146 0.0
110208 1148 1.0
110786 1154 1.0
110883 1155 1.0
110976 1156 1.0
111559 1162 1.0
111840 1165 1.0
112085 1167 0.0
112159 1168 0.0
112422 1171 1.0
112704 1174 1.0
112825 1175 0.0
112997 1177 0.0
113100 1178 0.0
113862 1186 1.0
113953 1187 1.0
114434 1192 0.0
114639 1194 0.0
114816 1196 1.0
114914 1197 0.0
115108 1199 0.0
115304 1201 1.0
115400 1202 1.0
115592 1204 0.0
115721 1205 0.0
116065 1209 1.0
116162 1210 1.0
116286 1211 0.0
116362 1212 0.0
117700 1226 1.0
117801 1227 1.0
117989 1229 1.0
118301 1232 0.0
118377 1233 0.0
118562 1235 1.0
118755 1237 0.0
119330 1243 1.0
120100 1251 1.0
120295 1253 1.0
120386 1254 0.0
121106 1261 0.0
121183 1262 0.0
121258 1263 0.0
121344 1264 0.0
121447 1265 1.0
121735 1268 1.0
121833 1269 1.0
121920 1270 1.0
122019 1271 1.0
122132 1272 0.0
122312 1274 1.0
122504 1276 0.0
122618 1277 0.0
123265 1284 1.0
123365 1285 0.0
123463 1286 0.0
123552 1287 1.0
123658 1288 1.0
123747 1289 1.0
123850 1290 1.0
124225 1294 1.0
124321 1295 0.0
124616 1298 0.0
124901 1301 1.0
125384 1306 1.0
125861 1311 1.0
125957 1312 0.0
126289 1315 0.0
126536 1318 1.0
126630 1319 1.0
126834 1321 0.0
127879 1332 1.0
127972 1333 1.0
128083 1334 0.0
128085 1334 0.0
128165 1335 1.0
128258 1336 1.0
128358 1337 1.0
128591 1339 0.0
128764 1341 0.0
129130 1345 0.0
129408 1348 1.0
129984 1354 1.0
130177 1356 1.0
130277 1357 1.0
130475 1359 1.0
130851 1363 1.0
130953 1364 1.0
131234 1367 0.0
131629 1371 0.0
131917 1374 0.0
132783 1383 0.0
132966 1385 1.0
133063 1386 1.0
133349 1389 1.0
133541 1391 0.0
133737 1393 0.0
134409 1400 1.0
134504 1401 1.0
134893 1405 0.0
134977 1406 1.0
135174 1408 1.0
135270 1409 1.0
135368 1410 0.0
135458 1411 1.0
135561 1412 1.0
135653 1413 0.0
135936 1416 0.0
136032 1417 1.0
136324 1420 1.0
137114 1428 0.0
137387 1431 0.0
137477 1432 1.0
138240 1440 1.0
138340 1441 1.0
138537 1443 1.0
138832 1446 0.0
138921 1447 0.0
139230 1450 0.0
139306 1451 1.0
139494 1453 1.0
139688 1455 0.0
139704 1455 0.0
139972 1458 1.0
140551 1464 1.0
140744 1466 0.0
140835 1467 1.0
141078 1469 0.0
141134 1470 0.0
141216 1471 1.0
141417 1473 1.0
141896 1478 1.0
142016 1479 0.0
142185 1481 1.0
142755 1487 1.0
142989 1489 0.0
142962 1489 0.0
143436 1494 0.0
143626 1496 1.0
143819 1498 0.0
143820 1498 0.0
143913 1499 1.0
144294 1503 1.0
144395 1504 0.0
145259 1513 1.0
145361 1514 0.0
145550 1516 0.0
145551 1516 0.0
145639 1517 1.0
146593 1527 1.0
146981 1531 1.0
147168 1533 1.0
147274 1534 1.0
147574 1537 0.0
147657 1538 1.0
147744 1539 0.0
148132 1543 1.0
148250 1544 0.0
148365 1545 0.0
148421 1546 1.0
148705 1549 0.0
148809 1550 1.0
148907 1551 0.0
149196 1554 0.0
149952 1562 1.0
150144 1564 1.0
150360 1566 0.0
150533 1568 1.0
150833 1571 0.0
150944 1572 0.0
150925 1572 0.0
151303 1576 1.0
151490 1578 1.0
151592 1579 0.0
151758 1580 0.0
151811 1581 0.0
151973 1583 1.0
152160 1585 1.0
152552 1589 1.0
152546 1589 1.0
153430 1598 0.0
 fin motif
