# 0 target:0 c+:451 c-:283 score:1129.8213592386103 score+:1492.8382378724314 score-:3978.445228197374 nb:2 =l_1c_17 l_1c_11 
324 3 0.0
489 5 1.0
876 9 0.0
979 10 0.0
1271 13 0.0
4320 45 1.0
7024 73 0.0
8081 84 0.0
11158 116 0.0
15177 158 0.0
15554 162 1.0
19874 207 0.0
20736 216 1.0
20945 218 0.0
22485 234 0.0
22962 239 0.0
24588 256 0.0
25747 268 0.0
27073 282 1.0
35628 371 0.0
38503 401 1.0
39707 413 0.0
41377 431 0.0
46183 481 0.0
47073 490 0.0
47438 494 0.0
48397 504 0.0
48588 506 0.0
49347 514 0.0
50245 523 0.0
50788 529 0.0
51765 539 0.0
52330 545 0.0
53764 560 1.0
53867 561 0.0
61249 638 0.0
61831 644 1.0
67298 701 0.0
70194 731 0.0
71141 741 1.0
72869 759 1.0
73744 768 0.0
74785 779 1.0
75554 787 0.0
76418 796 0.0
78534 818 1.0
79687 830 1.0
82176 856 1.0
87171 908 0.0
87746 914 1.0
90348 941 0.0
91884 957 0.0
94178 981 0.0
96868 1009 1.0
99940 1041 1.0
101858 1061 0.0
108295 1128 0.0
112811 1175 0.0
113004 1177 0.0
113097 1178 0.0
116373 1212 0.0
118302 1232 0.0
118374 1233 0.0
118755 1237 0.0
121345 1264 0.0
123363 1285 0.0
125955 1312 0.0
128768 1341 0.0
129132 1345 0.0
137100 1428 0.0
137859 1436 1.0
138826 1446 0.0
138924 1447 0.0
140545 1464 1.0
140740 1466 0.0
143717 1497 1.0
147652 1538 1.0
147747 1539 0.0
148236 1544 0.0
150357 1566 0.0
151303 1576 1.0
153428 1598 0.0
153508 1599 1.0
210 2 0.0
485 5 1.0
576 6 1.0
674 7 1.0
869 9 0.0
969 10 0.0
968 10 0.0
1175 12 0.0
1274 13 0.0
1729 18 1.0
1829 19 1.0
1929 20 1.0
2020 21 1.0
2211 23 1.0
2596 27 1.0
2787 29 1.0
3027 31 0.0
3464 36 1.0
3557 37 1.0
3946 41 1.0
4037 42 1.0
4251 44 0.0
4321 45 1.0
5396 56 0.0
5861 61 1.0
5955 62 1.0
6268 65 0.0
6548 68 0.0
6842 71 0.0
8036 83 0.0
8088 84 0.0
8661 90 0.0
8839 92 1.0
9027 94 1.0
9699 101 1.0
9937 103 0.0
9985 104 1.0
10084 105 1.0
10181 106 1.0
10379 108 0.0
10464 109 1.0
10954 114 1.0
11153 116 0.0
11329 118 1.0
11427 119 1.0
11617 121 1.0
11908 124 1.0
12097 126 1.0
12288 128 1.0
12682 132 1.0
13083 136 0.0
13256 138 1.0
13540 141 0.0
13736 143 1.0
14113 147 1.0
14209 148 1.0
14411 150 1.0
14885 155 1.0
14981 156 1.0
15089 157 0.0
15655 163 1.0
15849 165 1.0
16134 168 1.0
16224 169 1.0
16418 171 0.0
16520 172 1.0
17032 177 0.0
17184 179 0.0
17384 181 1.0
17632 183 0.0
18147 189 1.0
18439 192 0.0
18529 193 1.0
18921 197 1.0
19143 199 0.0
19245 200 0.0
19303 201 1.0
19418 202 0.0
19520 203 0.0
19593 204 1.0
20071 209 1.0
20282 211 0.0
20497 213 0.0
20645 215 1.0
20740 216 1.0
21126 220 1.0
21317 222 1.0
21724 226 0.0
22221 231 0.0
22672 236 0.0
22663 236 0.0
22761 237 1.0
23167 241 0.0
23520 245 1.0
24144 251 0.0
24217 252 0.0
24291 253 1.0
24580 256 0.0
24675 257 0.0
24687 257 0.0
24769 258 0.0
24963 260 1.0
25152 262 1.0
25295 263 0.0
25442 265 0.0
25641 267 1.0
25927 270 1.0
26116 272 1.0
26502 276 1.0
26785 279 1.0
26882 280 1.0
27003 281 0.0
27463 286 1.0
27653 288 1.0
27757 289 0.0
27941 291 1.0
28927 301 0.0
28996 302 1.0
29195 304 1.0
29383 306 1.0
29792 310 0.0
29894 311 0.0
29952 312 1.0
30346 316 1.0
30532 318 1.0
30838 321 0.0
31108 324 1.0
31296 326 1.0
31776 331 1.0
31873 332 1.0
32004 333 0.0
32066 334 0.0
32164 335 1.0
32454 338 0.0
32548 339 1.0
32933 343 0.0
33026 344 1.0
33125 345 1.0
33315 347 1.0
33519 349 0.0
33697 351 1.0
33984 354 1.0
34106 355 0.0
34279 357 1.0
34479 359 0.0
34562 360 1.0
34658 361 1.0
34753 362 1.0
35232 367 1.0
35445 369 0.0
35620 371 0.0
35909 374 0.0
36013 375 0.0
36292 378 0.0
36388 379 1.0
36578 381 0.0
36797 383 0.0
36867 384 1.0
37350 389 1.0
37476 390 0.0
37448 390 0.0
37652 392 0.0
38213 398 0.0
38406 400 1.0
39010 406 0.0
39076 407 1.0
39705 413 0.0
39747 414 1.0
40321 420 1.0
40423 421 1.0
40531 422 0.0
40711 424 1.0
40922 426 0.0
41400 431 0.0
41577 433 1.0
41665 434 1.0
41768 435 1.0
42066 438 0.0
42432 442 1.0
42657 444 0.0
42949 447 0.0
43017 448 1.0
43108 449 0.0
43233 450 0.0
43298 451 0.0
43489 453 1.0
43610 454 0.0
43688 455 1.0
43827 456 0.0
43881 457 1.0
44549 464 1.0
44845 467 0.0
45025 469 1.0
45128 470 1.0
45224 471 1.0
45322 472 0.0
46569 485 1.0
46854 488 1.0
47140 491 1.0
47241 492 1.0
47443 494 0.0
47718 497 1.0
47811 498 1.0
48580 506 0.0
48963 510 1.0
49060 511 1.0
49153 512 1.0
49641 517 1.0
49735 518 1.0
49926 520 1.0
50120 522 1.0
50255 523 0.0
50888 530 1.0
51368 535 1.0
51460 536 1.0
51649 538 1.0
52064 542 0.0
52417 546 1.0
52807 550 1.0
52903 551 0.0
53097 553 1.0
53324 555 0.0
53390 556 0.0
53479 557 0.0
53573 558 1.0
54051 563 1.0
54865 571 0.0
54936 572 0.0
55108 574 1.0
55201 575 1.0
55417 577 0.0
55488 578 1.0
56066 584 1.0
56745 591 1.0
57531 599 0.0
57605 600 1.0
57889 603 1.0
57987 604 1.0
58187 606 0.0
58386 608 0.0
58467 609 1.0
58562 610 1.0
58659 611 1.0
58795 612 0.0
58858 613 1.0
58951 614 1.0
59144 616 1.0
59333 618 1.0
59521 620 1.0
59713 622 0.0
60117 626 0.0
60248 627 0.0
60961 635 1.0
61157 637 1.0
61344 639 1.0
61442 640 1.0
61568 641 0.0
61664 642 0.0
61925 645 0.0
62044 646 0.0
62598 652 1.0
62698 653 1.0
62836 654 0.0
63561 662 1.0
63744 664 1.0
63937 666 1.0
64071 667 0.0
64228 669 1.0
64325 670 1.0
64713 674 1.0
64801 675 1.0
64805 675 1.0
64996 677 0.0
65187 679 1.0
65376 681 1.0
65382 681 1.0
65574 683 1.0
65688 684 0.0
66052 688 1.0
66344 691 1.0
66538 693 1.0
66730 695 1.0
67031 698 0.0
67208 700 1.0
67497 703 1.0
67682 705 1.0
67794 706 0.0
67876 707 1.0
67978 708 1.0
68069 709 0.0
68176 710 0.0
68282 711 0.0
68361 712 0.0
68640 715 0.0
68849 717 0.0
69027 719 1.0
69127 720 1.0
69222 721 0.0
69988 729 1.0
70090 730 1.0
70176 731 0.0
70377 733 1.0
70565 735 1.0
70794 737 0.0
71012 739 0.0
71520 745 1.0
71623 746 0.0
71735 747 0.0
71857 748 0.0
71910 749 1.0
72001 750 1.0
72303 753 1.0
73152 762 1.0
73637 767 1.0
73831 769 1.0
73922 770 1.0
74113 772 1.0
74692 778 1.0
74788 779 1.0
75275 784 1.0
75456 786 0.0
75574 787 0.0
75649 788 1.0
75749 789 0.0
76038 792 1.0
76521 797 1.0
76611 798 1.0
76896 801 1.0
77002 802 1.0
77096 803 1.0
77476 807 1.0
77673 809 1.0
77792 810 0.0
77863 811 1.0
77957 812 1.0
78054 813 1.0
78819 821 1.0
79013 823 1.0
79130 824 0.0
79209 825 0.0
79296 826 1.0
79588 829 1.0
79685 830 1.0
79975 833 1.0
80168 835 1.0
80380 837 0.0
80455 838 1.0
80753 841 0.0
80837 842 1.0
81029 844 1.0
81121 845 1.0
81217 846 1.0
81797 852 1.0
82281 857 1.0
82494 859 0.0
82682 861 0.0
82963 864 0.0
83140 866 1.0
83237 867 1.0
83424 869 1.0
83618 871 1.0
83849 873 0.0
84000 875 1.0
84105 876 1.0
84216 877 0.0
84488 880 1.0
84679 882 1.0
85160 887 1.0
85449 890 0.0
85736 893 0.0
85944 895 0.0
86121 897 1.0
86427 900 0.0
87075 907 0.0
87188 908 0.0
87278 909 0.0
87557 912 1.0
87750 914 1.0
87841 915 1.0
88033 917 1.0
88257 919 0.0
88610 923 0.0
88809 925 1.0
88907 926 0.0
89092 928 1.0
89288 930 1.0
89765 935 1.0
89959 937 1.0
90061 938 0.0
90250 940 1.0
90820 946 1.0
91200 950 1.0
91908 957 0.0
91974 958 1.0
92165 960 0.0
92173 960 0.0
92264 961 1.0
92356 962 1.0
92598 964 0.0
92762 966 0.0
92949 968 0.0
93408 973 1.0
93514 974 0.0
93700 976 1.0
93985 979 1.0
94196 981 0.0
94368 983 1.0
94562 985 1.0
94687 986 0.0
94753 987 1.0
94856 988 1.0
95241 992 1.0
95336 993 1.0
95522 995 1.0
95873 998 0.0
96295 1003 1.0
96769 1008 1.0
97344 1014 1.0
97441 1015 1.0
97731 1018 1.0
97929 1020 1.0
98020 1021 1.0
98117 1022 1.0
98311 1024 1.0
98404 1025 1.0
98500 1026 1.0
98692 1028 1.0
98787 1029 1.0
98913 1030 0.0
99080 1032 0.0
99457 1036 0.0
99558 1037 1.0
99851 1040 0.0
100063 1042 0.0
100233 1044 1.0
100615 1048 1.0
100752 1049 0.0
101088 1053 1.0
101289 1055 1.0
101386 1056 0.0
101571 1058 1.0
101769 1060 1.0
102054 1063 1.0
102149 1064 1.0
102344 1066 1.0
102529 1068 0.0
102626 1069 1.0
103108 1074 1.0
103397 1077 1.0
103512 1078 0.0
103781 1081 1.0
103875 1082 1.0
103969 1083 1.0
104461 1088 0.0
104669 1090 0.0
104833 1092 1.0
105032 1094 1.0
105320 1097 1.0
105918 1103 0.0
105987 1104 1.0
106088 1105 1.0
106278 1107 1.0
106564 1110 1.0
106950 1114 1.0
107048 1115 0.0
107233 1117 1.0
107441 1119 0.0
107743 1122 0.0
107815 1123 0.0
107934 1124 0.0
108219 1127 0.0
108300 1128 0.0
108489 1130 1.0
108580 1131 1.0
109346 1139 1.0
109450 1140 1.0
109825 1144 1.0
109925 1145 1.0
110035 1146 0.0
110114 1147 1.0
110208 1148 1.0
110786 1154 1.0
110883 1155 1.0
110977 1156 1.0
111273 1159 1.0
111562 1162 1.0
111840 1165 1.0
112085 1167 0.0
112159 1168 0.0
112422 1171 1.0
113114 1178 0.0
113862 1186 1.0
114368 1191 0.0
114434 1192 0.0
114639 1194 0.0
114820 1196 1.0
114944 1197 0.0
115108 1199 0.0
115592 1204 0.0
115721 1205 0.0
116065 1209 1.0
116163 1210 1.0
116286 1211 0.0
117700 1226 1.0
117801 1227 1.0
118183 1231 1.0
118471 1234 1.0
118562 1235 1.0
119330 1243 1.0
119934 1249 0.0
120009 1250 1.0
120100 1251 1.0
120295 1253 1.0
121106 1261 0.0
121183 1262 0.0
121258 1263 0.0
121361 1264 0.0
121447 1265 1.0
121833 1269 1.0
121920 1270 1.0
122132 1272 0.0
122312 1274 1.0
122500 1276 0.0
122618 1277 0.0
122881 1280 1.0
123265 1284 1.0
123380 1285 0.0
123463 1286 0.0
123553 1287 1.0
123747 1289 1.0
124225 1294 1.0
124337 1295 0.0
124616 1298 0.0
124708 1299 1.0
124901 1301 1.0
125281 1305 1.0
125861 1311 1.0
125973 1312 0.0
126151 1314 1.0
126289 1315 0.0
126536 1318 1.0
126627 1319 1.0
126834 1321 0.0
126912 1322 1.0
127781 1331 1.0
127879 1332 1.0
127975 1333 1.0
128085 1334 0.0
128165 1335 1.0
128258 1336 1.0
128358 1337 1.0
128591 1339 0.0
128931 1343 1.0
129027 1344 1.0
129130 1345 0.0
129408 1348 1.0
129984 1354 1.0
130277 1357 1.0
130853 1363 1.0
130953 1364 1.0
131047 1365 1.0
131146 1366 1.0
131917 1374 0.0
132581 1381 1.0
133063 1386 1.0
133344 1389 1.0
133541 1391 0.0
133737 1393 0.0
134409 1400 1.0
134504 1401 1.0
134784 1404 1.0
134907 1405 0.0
134977 1406 1.0
135270 1409 1.0
135561 1412 1.0
135653 1413 0.0
135936 1416 0.0
136032 1417 1.0
136324 1420 1.0
136520 1422 1.0
136805 1425 1.0
137285 1430 1.0
137387 1431 0.0
137477 1432 1.0
138240 1440 1.0
138537 1443 1.0
139230 1450 0.0
139494 1453 1.0
139688 1455 0.0
140833 1467 1.0
140932 1468 1.0
141078 1469 0.0
141120 1470 0.0
141417 1473 1.0
141602 1475 1.0
141897 1478 1.0
142016 1479 0.0
142185 1481 1.0
142758 1487 1.0
142989 1489 0.0
143436 1494 0.0
143626 1496 1.0
144294 1503 1.0
144395 1504 0.0
144583 1506 1.0
144963 1510 1.0
145259 1513 1.0
145361 1514 0.0
145445 1515 1.0
145641 1517 1.0
146211 1523 1.0
146593 1527 1.0
146694 1528 1.0
146790 1529 1.0
146981 1531 1.0
147083 1532 1.0
147274 1534 1.0
147574 1537 0.0
148132 1543 1.0
148224 1544 0.0
148365 1545 0.0
148421 1546 1.0
148732 1549 0.0
148809 1550 1.0
148903 1551 0.0
149196 1554 0.0
149383 1556 0.0
149571 1558 1.0
149765 1560 1.0
149952 1562 1.0
150529 1568 1.0
150632 1569 1.0
150833 1571 0.0
150925 1572 0.0
151493 1578 1.0
151758 1580 0.0
151811 1581 0.0
151968 1583 1.0
152160 1585 1.0
152552 1589 1.0
34850 363 1.0
34849 363 1.0
55422 577 0.0
93216 971 1.0
93217 971 1.0
148422 1546 1.0
152353 1587 1.0
1270 13 0.0
17281 180 1.0
17282 180 1.0
19499 203 0.0
23619 246 1.0
26598 277 1.0
30528 318 1.0
31211 325 0.0
32457 338 0.0
33601 350 1.0
35526 370 1.0
41185 429 1.0
42933 447 0.0
48775 508 1.0
50500 526 1.0
54433 567 1.0
55423 577 0.0
58381 608 0.0
58382 608 0.0
60001 625 1.0
62216 648 0.0
63649 663 1.0
64424 671 1.0
71244 742 0.0
78152 814 1.0
82687 861 0.0
88647 923 0.0
89185 929 1.0
93798 977 1.0
97831 1019 1.0
98601 1027 1.0
99495 1036 0.0
101380 1056 0.0
105902 1103 0.0
114457 1192 0.0
121069 1261 0.0
121926 1270 1.0
124517 1297 1.0
126339 1316 1.0
135369 1410 0.0
136133 1418 1.0
137406 1431 0.0
138440 1442 1.0
142963 1489 0.0
143721 1497 1.0
143714 1497 1.0
145544 1516 0.0
147366 1535 1.0
150942 1572 0.0
151593 1579 0.0
577 6 1.0
4237 44 0.0
4236 44 0.0
6541 68 0.0
6540 68 0.0
20544 214 0.0
22664 236 0.0
27756 289 0.0
36781 383 0.0
36780 383 0.0
40896 426 0.0
40897 426 0.0
50310 524 0.0
50309 524 0.0
54822 571 0.0
54821 571 0.0
59714 622 0.0
68268 711 0.0
68269 711 0.0
71632 746 0.0
77389 806 0.0
77390 806 0.0
80750 841 0.0
80841 842 1.0
85056 886 1.0
93517 974 0.0
98112 1022 1.0
101570 1058 1.0
102722 1070 0.0
102721 1070 0.0
104747 1091 0.0
105806 1102 0.0
105807 1102 0.0
106466 1109 0.0
106465 1109 0.0
109345 1139 1.0
114249 1190 1.0
119935 1249 0.0
125761 1310 1.0
127877 1332 1.0
134892 1405 0.0
134893 1405 0.0
135558 1412 1.0
143819 1498 0.0
143820 1498 0.0
145550 1516 0.0
145551 1516 0.0
148704 1549 0.0
148705 1549 0.0
587 6 1.0
4238 44 0.0
6542 68 0.0
7028 73 0.0
7031 73 0.0
20560 214 0.0
21752 226 0.0
22675 236 0.0
25537 266 1.0
27758 289 0.0
29782 310 0.0
34856 363 1.0
36782 383 0.0
40909 426 0.0
48964 510 1.0
50311 524 0.0
54250 565 0.0
54840 571 0.0
59718 622 0.0
60893 634 0.0
65959 687 0.0
68270 711 0.0
77396 806 0.0
79493 828 1.0
80756 841 0.0
80843 842 1.0
85062 886 1.0
93222 971 1.0
93523 974 0.0
94379 983 1.0
98122 1022 1.0
101579 1058 1.0
102738 1070 0.0
104749 1091 0.0
105810 1102 0.0
106482 1109 0.0
107620 1121 1.0
107616 1121 1.0
109354 1139 1.0
122884 1280 1.0
125766 1310 1.0
127878 1332 1.0
134894 1405 0.0
135560 1412 1.0
143821 1498 0.0
145554 1516 0.0
148730 1549 0.0
 fin motif
# 1 target:0 c+:700 c-:267 score:551.6534365021225 score+:1940.206797349591 score-:3153.8443576542604 nb:2 =l_1c_3 l_1c_5 
389 4 1.0
585 6 1.0
874 9 0.0
984 10 0.0
1065 11 1.0
1254 13 0.0
1544 16 1.0
1633 17 1.0
2023 21 1.0
2112 22 1.0
3024 31 0.0
3080 32 1.0
3183 33 0.0
3272 34 1.0
3365 35 1.0
3840 40 1.0
4242 44 0.0
4420 46 1.0
4617 48 1.0
4802 50 1.0
5393 56 0.0
5777 60 0.0
6150 64 1.0
6260 65 0.0
6336 66 1.0
6446 67 1.0
6546 68 0.0
6858 71 0.0
7016 73 0.0
7110 74 1.0
7493 78 1.0
7687 80 1.0
8012 83 0.0
8072 84 0.0
8265 86 1.0
8448 88 1.0
8544 89 1.0
8642 90 0.0
8937 93 1.0
9120 95 1.0
9222 96 0.0
9314 97 1.0
9507 99 1.0
9798 102 0.0
9990 104 1.0
10176 106 1.0
10282 107 1.0
10656 111 1.0
11526 120 0.0
11810 123 1.0
11915 124 1.0
12102 126 1.0
12390 129 1.0
13061 136 0.0
13162 137 1.0
13632 142 1.0
13926 145 1.0
14323 149 0.0
14407 150 1.0
14691 153 1.0
14889 155 1.0
15658 163 1.0
16036 167 1.0
16329 170 1.0
16801 175 1.0
16896 176 1.0
17095 178 1.0
17379 181 1.0
17602 183 0.0
17666 184 1.0
17761 185 1.0
17959 187 1.0
18057 188 1.0
18452 192 0.0
18537 193 1.0
19008 198 1.0
19148 199 0.0
19398 202 0.0
19785 206 1.0
19975 208 1.0
20298 211 0.0
20477 213 0.0
20551 214 0.0
20943 218 0.0
21411 223 1.0
21505 224 1.0
21988 229 1.0
22226 231 0.0
22377 233 1.0
22491 234 0.0
23158 241 0.0
23241 242 1.0
23336 243 1.0
24211 252 0.0
24297 253 1.0
24586 256 0.0
24967 260 1.0
25266 263 0.0
25345 264 1.0
26790 279 1.0
27168 283 1.0
27269 284 1.0
27658 288 1.0
28226 294 1.0
28916 301 0.0
29194 304 1.0
29287 305 1.0
29576 308 1.0
29780 310 0.0
30150 314 1.0
30341 316 1.0
30633 319 1.0
30832 321 0.0
31016 323 1.0
31785 331 1.0
32354 337 1.0
32480 338 0.0
32648 340 1.0
32839 342 1.0
32835 342 1.0
32946 343 0.0
33313 347 1.0
33506 349 0.0
33703 351 1.0
33792 352 1.0
33897 353 1.0
33991 354 1.0
34092 355 0.0
34570 360 1.0
35147 366 1.0
35626 371 0.0
35816 373 1.0
36201 377 1.0
36306 378 0.0
36392 379 1.0
36786 383 0.0
36967 385 1.0
37160 387 1.0
37511 390 0.0
37645 392 0.0
37742 393 0.0
38129 397 0.0
38247 398 0.0
38304 399 1.0
38600 402 1.0
39027 406 0.0
39081 407 1.0
39176 408 1.0
39701 413 0.0
40329 420 1.0
40611 423 1.0
40939 426 0.0
40992 427 1.0
41094 428 1.0
41285 430 1.0
41767 435 1.0
42151 439 1.0
42246 440 1.0
42536 443 1.0
42636 444 0.0
42823 446 1.0
43116 449 0.0
43494 453 1.0
43794 456 0.0
44261 461 1.0
44551 464 1.0
44644 465 1.0
44748 466 0.0
45216 471 1.0
45986 479 1.0
46197 481 0.0
46661 486 1.0
47060 490 0.0
47136 491 1.0
47523 495 1.0
47618 496 1.0
47712 497 1.0
48100 501 1.0
48199 502 1.0
48405 504 0.0
48480 505 1.0
48586 506 0.0
48779 508 1.0
49351 514 0.0
49542 516 1.0
49634 517 1.0
50026 521 1.0
50248 523 0.0
50307 524 0.0
50408 525 1.0
50694 528 1.0
51080 532 1.0
51757 539 0.0
51848 540 1.0
52045 542 0.0
52131 543 1.0
52517 547 1.0
52617 548 1.0
53191 554 1.0
53568 558 1.0
53959 562 1.0
54156 564 0.0
54338 566 1.0
54852 571 0.0
54956 572 0.0
55412 577 0.0
55495 578 1.0
55590 579 1.0
55688 580 1.0
55879 582 1.0
55973 583 1.0
56070 584 1.0
56359 587 1.0
56453 588 1.0
56938 593 1.0
57126 595 1.0
57222 596 1.0
57411 598 1.0
57704 601 1.0
58192 606 0.0
58565 610 1.0
58666 611 1.0
58802 612 0.0
58948 614 1.0
59430 619 1.0
59730 622 0.0
60111 626 0.0
60211 627 0.0
60489 630 1.0
61560 641 0.0
61653 642 0.0
61732 643 1.0
61953 645 0.0
62035 646 0.0
62224 648 0.0
62304 649 1.0
62802 654 0.0
63273 659 1.0
63752 664 1.0
63946 666 1.0
64224 669 1.0
64609 673 1.0
64997 677 0.0
65093 678 1.0
65476 682 1.0
65967 687 0.0
66144 689 1.0
66436 692 1.0
67028 698 0.0
67312 701 0.0
67393 702 1.0
67691 705 1.0
67883 707 1.0
68084 709 0.0
68184 710 0.0
68274 711 0.0
68742 716 1.0
69321 722 1.0
69511 724 1.0
69798 727 1.0
69897 728 1.0
70192 731 0.0
70372 733 1.0
70468 734 1.0
70660 736 1.0
70800 737 0.0
70855 738 1.0
71147 741 1.0
71431 744 1.0
71530 745 1.0
71810 748 0.0
72768 758 1.0
73542 766 1.0
73652 767 1.0
74218 773 1.0
74406 775 0.0
75473 786 0.0
75569 787 0.0
75658 788 1.0
76133 793 1.0
76224 794 1.0
76321 795 1.0
76433 796 0.0
76709 799 1.0
77190 804 1.0
77280 805 1.0
77392 806 0.0
77483 807 1.0
77779 810 0.0
78440 817 1.0
78624 819 1.0
78726 820 1.0
79146 824 0.0
79250 825 0.0
79301 826 1.0
80074 834 1.0
80371 837 0.0
80658 840 0.0
81130 845 1.0
81896 853 1.0
82082 855 1.0
82272 857 1.0
82676 861 0.0
84217 877 0.0
84674 882 1.0
84966 885 1.0
85351 889 1.0
85536 891 1.0
85834 894 1.0
85940 895 0.0
86311 899 1.0
86419 900 0.0
86987 906 1.0
87084 907 0.0
87286 909 0.0
87459 911 1.0
87560 912 1.0
87660 913 0.0
87944 916 0.0
88043 917 1.0
88236 919 0.0
88326 920 1.0
88425 921 1.0
88520 922 1.0
89864 936 1.0
90150 939 1.0
90346 941 0.0
90922 947 1.0
91297 951 1.0
91592 954 1.0
92741 966 0.0
92843 967 1.0
92943 968 0.0
93030 969 1.0
93897 978 1.0
93990 979 1.0
94192 981 0.0
94378 983 1.0
94676 986 0.0
94761 987 1.0
95242 992 1.0
95641 996 0.0
95713 997 1.0
95832 998 0.0
96000 1000 1.0
96100 1001 1.0
96485 1005 1.0
96777 1008 1.0
97062 1011 1.0
97445 1015 1.0
97638 1017 1.0
98025 1021 1.0
98305 1024 1.0
98504 1026 1.0
98981 1031 1.0
99104 1032 0.0
99561 1037 1.0
99659 1038 1.0
99947 1041 1.0
100052 1042 0.0
100224 1044 1.0
100323 1045 1.0
100420 1046 1.0
100750 1049 0.0
100896 1051 1.0
101000 1052 1.0
101189 1054 1.0
101280 1055 1.0
101577 1058 1.0
101869 1061 0.0
101954 1062 1.0
102346 1066 1.0
102726 1070 0.0
102917 1072 1.0
103208 1075 1.0
103296 1076 1.0
103550 1078 0.0
103785 1081 1.0
104257 1086 1.0
104359 1087 1.0
104548 1089 1.0
104658 1090 0.0
104751 1091 0.0
104839 1092 1.0
105126 1095 1.0
105415 1098 1.0
105809 1102 0.0
105991 1104 1.0
106080 1105 1.0
106376 1108 1.0
106470 1109 0.0
107045 1115 0.0
107141 1116 1.0
107345 1118 0.0
107527 1120 1.0
107813 1123 0.0
107928 1124 0.0
108008 1125 1.0
108204 1127 0.0
108305 1128 0.0
108679 1132 1.0
109444 1140 1.0
109737 1143 1.0
109834 1144 1.0
110217 1148 1.0
110314 1149 1.0
110496 1151 1.0
110593 1152 1.0
110986 1156 1.0
111082 1157 1.0
111659 1163 1.0
111753 1164 1.0
112148 1168 0.0
112228 1169 1.0
112420 1171 1.0
112713 1174 1.0
112817 1175 0.0
113002 1177 0.0
113144 1178 0.0
113766 1185 1.0
114150 1189 1.0
114356 1191 0.0
114528 1193 1.0
114932 1197 0.0
115014 1198 1.0
115120 1199 0.0
115783 1206 1.0
115880 1207 1.0
116281 1211 0.0
116365 1212 0.0
116650 1215 1.0
116838 1217 1.0
117222 1221 1.0
117312 1222 1.0
118290 1232 0.0
118660 1236 1.0
119924 1249 0.0
120106 1251 1.0
120401 1254 0.0
121172 1262 0.0
121366 1264 0.0
121440 1265 1.0
121930 1270 1.0
122016 1271 1.0
122118 1272 0.0
122405 1275 1.0
122523 1276 0.0
122612 1277 0.0
122688 1278 1.0
122883 1280 1.0
122983 1281 1.0
123377 1285 0.0
123472 1286 0.0
124042 1292 1.0
124648 1298 0.0
124711 1299 1.0
124994 1302 1.0
125290 1305 1.0
125472 1307 1.0
125969 1312 0.0
126144 1314 1.0
126265 1315 0.0
126528 1318 1.0
126632 1319 1.0
126823 1321 0.0
126920 1322 1.0
127306 1326 1.0
127686 1330 1.0
127778 1331 1.0
128067 1334 0.0
128361 1337 1.0
128640 1340 1.0
128756 1341 0.0
128842 1342 1.0
128942 1343 1.0
129136 1345 0.0
129226 1346 1.0
129504 1349 1.0
129600 1350 1.0
130376 1358 1.0
130471 1359 1.0
131045 1365 1.0
131248 1367 0.0
131632 1371 0.0
131815 1373 1.0
132007 1375 1.0
132484 1380 1.0
132674 1382 1.0
132774 1383 0.0
132872 1384 1.0
133252 1388 1.0
133448 1390 1.0
133824 1394 1.0
134501 1401 1.0
134596 1402 1.0
134898 1405 0.0
135072 1407 1.0
135170 1408 1.0
135462 1411 1.0
135663 1413 0.0
135847 1415 1.0
136039 1417 1.0
136615 1423 1.0
136806 1425 1.0
137098 1428 0.0
137288 1430 1.0
137667 1434 1.0
137958 1437 1.0
138343 1441 1.0
138435 1442 1.0
138831 1446 0.0
138922 1447 0.0
139220 1450 0.0
139715 1455 0.0
140071 1459 1.0
140554 1464 1.0
140843 1467 1.0
141137 1470 0.0
141316 1472 1.0
141506 1474 1.0
141600 1475 1.0
141702 1476 1.0
141803 1477 1.0
141889 1478 1.0
142004 1479 0.0
142182 1481 1.0
142374 1483 1.0
142660 1486 1.0
143237 1492 1.0
143445 1494 0.0
143525 1495 1.0
143616 1496 1.0
143823 1498 0.0
143912 1499 1.0
144485 1505 1.0
145346 1514 0.0
145553 1516 0.0
146026 1521 1.0
146219 1523 1.0
146310 1524 0.0
146698 1528 1.0
146795 1529 1.0
146880 1530 1.0
147091 1532 1.0
147173 1533 1.0
147264 1534 1.0
147459 1536 1.0
147751 1539 0.0
148234 1544 0.0
148348 1545 0.0
148723 1549 0.0
148800 1550 1.0
148998 1552 1.0
149377 1556 0.0
149575 1558 1.0
149860 1561 1.0
149959 1562 1.0
150056 1563 1.0
150346 1566 0.0
150537 1568 1.0
150936 1572 0.0
151010 1573 1.0
151114 1574 1.0
151397 1577 1.0
151600 1579 0.0
151745 1580 0.0
151875 1582 1.0
152169 1585 1.0
152937 1593 1.0
153028 1594 1.0
153425 1598 0.0
153514 1599 1.0
3 0 1.0
218 2 0.0
303 3 0.0
902 9 0.0
1066 11 1.0
1197 12 0.0
1174 12 0.0
1255 13 0.0
1344 14 1.0
1448 15 1.0
1734 18 1.0
2217 23 1.0
2409 25 1.0
2795 29 1.0
2881 30 1.0
2998 31 0.0
3937 41 1.0
4137 43 1.0
4619 48 1.0
4992 52 1.0
5960 62 1.0
6816 71 0.0
6860 71 0.0
6916 72 1.0
7593 79 1.0
7780 81 1.0
8027 83 0.0
8655 90 0.0
9705 101 1.0
9946 103 0.0
9914 103 0.0
10468 109 1.0
10560 110 1.0
12000 125 1.0
12488 130 1.0
12578 131 1.0
12773 133 1.0
13063 136 0.0
13445 140 1.0
14213 148 1.0
14789 154 1.0
15272 159 1.0
15842 165 1.0
16137 168 1.0
16615 173 1.0
17012 177 0.0
17089 178 1.0
17224 179 0.0
17291 180 1.0
17478 182 1.0
17862 186 1.0
18634 194 1.0
18818 196 1.0
19126 199 0.0
19123 199 0.0
19254 200 0.0
19225 200 0.0
19533 203 0.0
19685 205 1.0
19780 206 1.0
20256 211 0.0
20300 211 0.0
20465 213 0.0
21028 219 1.0
21125 220 1.0
21417 223 1.0
21604 225 1.0
21748 226 0.0
22192 231 0.0
22274 232 1.0
22466 234 0.0
22857 238 1.0
23165 241 0.0
23427 244 1.0
23527 245 1.0
23914 249 1.0
24133 251 0.0
24208 252 0.0
24803 258 0.0
25291 263 0.0
26306 274 1.0
27030 281 0.0
27080 282 1.0
27365 285 1.0
28805 300 1.0
28919 301 0.0
29482 307 1.0
29874 311 0.0
29956 312 1.0
30155 314 1.0
32003 333 0.0
32645 340 1.0
32834 342 1.0
33218 346 1.0
33609 350 1.0
33705 351 1.0
33898 353 1.0
34100 355 0.0
34093 355 0.0
34280 357 1.0
34953 364 1.0
35427 369 0.0
35654 371 0.0
35717 372 1.0
36030 375 0.0
36481 380 1.0
36609 381 0.0
37061 386 1.0
37157 387 1.0
37719 392 0.0
37746 393 0.0
38225 398 0.0
38405 400 1.0
38794 404 1.0
39018 406 0.0
39171 408 1.0
39845 415 1.0
39945 416 1.0
40134 418 1.0
40613 423 1.0
40915 426 0.0
41097 428 1.0
41866 436 1.0
42080 438 0.0
42341 441 1.0
42641 444 0.0
42634 444 0.0
42724 445 1.0
42984 447 0.0
43014 448 1.0
43135 449 0.0
43226 450 0.0
43254 450 0.0
43321 451 0.0
43641 454 0.0
43803 456 0.0
44262 461 1.0
44360 462 1.0
44453 463 1.0
44756 466 0.0
44749 466 0.0
44867 467 0.0
44885 467 0.0
45035 469 1.0
45331 472 0.0
46089 480 1.0
46277 482 1.0
46561 485 1.0
46664 486 1.0
48001 500 1.0
48005 500 1.0
48096 501 1.0
48614 506 0.0
48968 510 1.0
49442 515 1.0
49729 518 1.0
49825 519 1.0
50594 527 1.0
50696 528 1.0
50794 529 0.0
51079 532 1.0
51264 534 1.0
52117 542 0.0
52899 551 0.0
52928 551 0.0
53301 555 0.0
53407 556 0.0
53384 556 0.0
53523 557 0.0
53669 559 1.0
54055 563 1.0
54157 564 0.0
54164 564 0.0
54844 571 0.0
54838 571 0.0
54967 572 0.0
55684 580 1.0
55782 581 1.0
56456 588 1.0
56649 590 1.0
56737 591 1.0
56832 592 1.0
57518 599 0.0
58755 612 0.0
59049 615 1.0
59139 616 1.0
59813 623 1.0
60008 625 1.0
60255 627 0.0
60385 629 1.0
60586 631 1.0
60773 633 1.0
60883 634 0.0
60970 635 1.0
61065 636 1.0
61554 641 0.0
61677 642 0.0
61829 644 1.0
62114 647 1.0
62696 653 1.0
62810 654 0.0
64064 667 0.0
64040 667 0.0
64130 668 1.0
64900 676 1.0
65194 679 1.0
65576 683 1.0
65763 685 1.0
67110 699 1.0
68861 717 0.0
69267 721 0.0
69414 723 1.0
69514 724 1.0
69607 725 1.0
69899 728 1.0
70768 737 0.0
71429 744 1.0
71761 747 0.0
71871 748 0.0
72096 751 1.0
72586 756 1.0
72965 760 1.0
73250 763 1.0
73345 764 1.0
74696 778 1.0
74895 780 0.0
75365 785 1.0
75787 789 0.0
75769 789 0.0
75842 790 1.0
76618 798 1.0
76705 799 1.0
77771 810 0.0
77860 811 1.0
78050 813 1.0
78249 815 1.0
78628 819 1.0
78635 819 1.0
78729 820 1.0
78912 822 1.0
79018 823 1.0
79148 824 0.0
79104 824 0.0
79270 825 0.0
79397 827 1.0
80071 834 1.0
80266 836 1.0
81033 844 1.0
81222 846 1.0
81508 849 1.0
81991 854 1.0
82088 855 1.0
82484 859 0.0
82561 860 1.0
83000 864 0.0
83046 865 1.0
83529 870 1.0
83623 871 1.0
83842 873 0.0
83854 873 0.0
83911 874 1.0
84227 877 0.0
84580 881 1.0
84772 883 1.0
87460 911 1.0
87562 912 1.0
87846 915 1.0
88011 916 0.0
88244 919 0.0
88237 919 0.0
88641 923 0.0
88947 926 0.0
88996 927 1.0
89376 931 1.0
89481 932 1.0
89669 934 1.0
90374 941 0.0
90632 944 1.0
91392 952 1.0
91777 956 1.0
92357 962 1.0
92584 964 0.0
92744 966 0.0
93127 970 1.0
93322 972 1.0
93698 976 1.0
94674 986 0.0
95647 996 0.0
95646 996 0.0
95817 998 0.0
96197 1002 1.0
96864 1009 1.0
97152 1012 1.0
97256 1013 1.0
98936 1030 0.0
99093 1032 0.0
99362 1035 1.0
99499 1036 0.0
99655 1038 1.0
99748 1039 1.0
100134 1043 1.0
100421 1046 1.0
100514 1047 1.0
100731 1049 0.0
102434 1067 1.0
102558 1068 0.0
102574 1068 0.0
102632 1069 1.0
103401 1077 1.0
103535 1078 0.0
103680 1080 1.0
104070 1084 1.0
104064 1084 1.0
104161 1085 1.0
105936 1103 0.0
106369 1108 1.0
106754 1112 1.0
107046 1115 0.0
107147 1116 1.0
107453 1119 0.0
107622 1121 1.0
107738 1122 0.0
107814 1123 0.0
108212 1127 0.0
108205 1127 0.0
108678 1132 1.0
110592 1152 1.0
110889 1155 1.0
111457 1161 1.0
112087 1167 0.0
113476 1182 1.0
113571 1183 1.0
113666 1184 1.0
113770 1185 1.0
114155 1189 1.0
114241 1190 1.0
114474 1192 0.0
114624 1194 0.0
114721 1195 1.0
114822 1196 1.0
114935 1197 0.0
115497 1203 1.0
115587 1204 0.0
115693 1205 0.0
115977 1208 1.0
116347 1211 0.0
116450 1213 1.0
117218 1221 1.0
117514 1224 1.0
117794 1227 1.0
117891 1228 1.0
118569 1235 1.0
118858 1238 1.0
118949 1239 1.0
119237 1242 1.0
119427 1244 1.0
119715 1247 1.0
120196 1252 1.0
121074 1261 0.0
122117 1272 0.0
122519 1276 0.0
123081 1282 1.0
123459 1286 0.0
123508 1286 0.0
124611 1298 0.0
125577 1308 1.0
126057 1313 1.0
126269 1315 0.0
126730 1320 1.0
126824 1321 0.0
127109 1324 1.0
128071 1334 0.0
128265 1336 1.0
128458 1338 1.0
128642 1340 1.0
128840 1342 1.0
129513 1349 1.0
129793 1352 1.0
129896 1353 1.0
131714 1372 1.0
131967 1374 0.0
132586 1381 1.0
133058 1386 1.0
133551 1391 0.0
133638 1392 1.0
133776 1393 0.0
133783 1393 0.0
134696 1403 1.0
135555 1412 1.0
136139 1418 1.0
136617 1423 1.0
137419 1431 0.0
137961 1437 1.0
138528 1443 1.0
138629 1444 1.0
138937 1447 0.0
139109 1449 1.0
139397 1452 1.0
139777 1456 1.0
140453 1463 1.0
141061 1469 0.0
141409 1473 1.0
141707 1476 1.0
142084 1480 1.0
142378 1483 1.0
142464 1484 1.0
142662 1486 1.0
143012 1489 0.0
143467 1494 0.0
143720 1497 1.0
144197 1502 1.0
144293 1503 1.0
144406 1504 0.0
144587 1506 1.0
145413 1514 0.0
146410 1525 1.0
146600 1527 1.0
146983 1531 1.0
147650 1538 1.0
148370 1545 0.0
148517 1547 1.0
148720 1549 0.0
149003 1552 1.0
149095 1553 1.0
149217 1554 0.0
149288 1555 1.0
150242 1565 1.0
150851 1571 0.0
151691 1580 0.0
151695 1580 0.0
151801 1581 0.0
151817 1581 0.0
151878 1582 1.0
152264 1586 1.0
152359 1587 1.0
152554 1589 1.0
152934 1593 1.0
153029 1594 1.0
102 1 1.0
100 1 1.0
204 2 0.0
299 3 0.0
1183 12 0.0
2690 28 1.0
2999 31 0.0
4611 48 1.0
4712 49 1.0
5280 55 1.0
6048 63 1.0
7686 80 1.0
8028 83 0.0
8166 85 1.0
8359 87 1.0
8454 88 1.0
9702 101 1.0
9943 103 0.0
9993 104 1.0
13553 141 0.0
13835 144 1.0
14496 151 1.0
15094 157 0.0
15365 160 1.0
16425 171 0.0
16514 172 1.0
17014 177 0.0
17221 179 0.0
17673 184 1.0
19117 199 0.0
19214 200 0.0
19681 205 1.0
20066 209 1.0
20461 213 0.0
21032 219 1.0
21121 220 1.0
21747 226 0.0
22474 234 0.0
22571 235 1.0
22851 238 1.0
23425 244 1.0
24145 251 0.0
24202 252 0.0
24800 258 0.0
25288 263 0.0
25451 265 0.0
25462 265 0.0
26507 276 1.0
26597 277 1.0
26596 277 1.0
26696 278 1.0
26793 279 1.0
26999 281 0.0
28039 292 1.0
29479 307 1.0
29867 311 0.0
29881 311 0.0
31394 327 1.0
31986 333 0.0
32081 334 0.0
32641 340 1.0
34176 356 1.0
34474 359 0.0
34857 363 1.0
34950 364 1.0
35465 369 0.0
35713 372 1.0
36044 375 0.0
36107 376 1.0
36875 384 1.0
37057 386 1.0
37153 387 1.0
38237 398 0.0
38401 400 1.0
39169 408 1.0
42720 445 1.0
43010 448 1.0
43137 449 0.0
43253 450 0.0
43624 454 0.0
43799 456 0.0
43974 458 1.0
44850 467 0.0
46080 480 1.0
46273 482 1.0
50890 530 1.0
51363 535 1.0
52123 542 0.0
52896 551 0.0
53089 553 1.0
53308 555 0.0
53394 556 0.0
53524 557 0.0
53665 559 1.0
54437 567 1.0
54943 572 0.0
55681 580 1.0
57543 599 0.0
58080 605 1.0
58765 612 0.0
59809 623 1.0
60254 627 0.0
61675 642 0.0
61825 644 1.0
61950 645 0.0
62807 654 0.0
63460 661 1.0
64050 667 0.0
65667 684 0.0
66532 693 1.0
68103 709 0.0
68371 712 0.0
68873 717 0.0
69255 721 0.0
69509 724 1.0
69891 728 1.0
70275 732 1.0
70666 736 1.0
70781 737 0.0
71747 747 0.0
71876 748 0.0
72961 760 1.0
74592 777 1.0
75361 785 1.0
75756 789 0.0
78336 816 1.0
81315 847 1.0
82481 859 0.0
82968 864 0.0
83144 866 1.0
83435 869 1.0
83520 870 1.0
83619 871 1.0
83851 873 0.0
84259 877 0.0
84386 879 1.0
84769 883 1.0
84872 884 1.0
85459 890 0.0
85749 893 0.0
87996 916 0.0
88330 920 1.0
88806 925 1.0
88915 926 0.0
89774 935 1.0
90067 938 0.0
91589 954 1.0
92581 964 0.0
93225 971 1.0
93318 972 1.0
93316 972 1.0
95234 992 1.0
95530 995 1.0
95906 999 1.0
96193 1002 1.0
98597 1027 1.0
98933 1030 0.0
99855 1040 0.0
100727 1049 0.0
102555 1068 0.0
103528 1078 0.0
103590 1079 1.0
103880 1082 1.0
104466 1088 0.0
104555 1089 1.0
107452 1119 0.0
107735 1122 0.0
109152 1137 1.0
110983 1156 1.0
112066 1167 0.0
112512 1172 1.0
113569 1183 1.0
113953 1187 1.0
115623 1204 0.0
115714 1205 0.0
116297 1211 0.0
117513 1224 1.0
119233 1242 1.0
121262 1263 0.0
122544 1276 0.0
123456 1286 0.0
124608 1298 0.0
125864 1311 1.0
126052 1313 1.0
126726 1320 1.0
126724 1320 1.0
127105 1324 1.0
128260 1336 1.0
128836 1342 1.0
129698 1351 1.0
131962 1374 0.0
132291 1378 1.0
133571 1391 0.0
133634 1392 1.0
133780 1393 0.0
134114 1397 1.0
134690 1403 1.0
136230 1419 1.0
138144 1439 1.0
139393 1452 1.0
139706 1455 0.0
141060 1469 0.0
141222 1471 1.0
141220 1471 1.0
141799 1477 1.0
143466 1494 0.0
143910 1499 1.0
144193 1502 1.0
145408 1514 0.0
145632 1517 1.0
147466 1536 1.0
147941 1541 1.0
148913 1551 0.0
149206 1554 0.0
151597 1579 0.0
151812 1581 0.0
28136 293 1.0
57560 599 0.0
7307 76 1.0
8939 93 1.0
10408 108 0.0
10571 110 1.0
12011 125 1.0
15946 166 1.0
23240 242 1.0
26406 275 1.0
27553 287 1.0
31019 323 1.0
31593 329 1.0
33418 348 1.0
34858 363 1.0
36346 378 0.0
38023 396 1.0
39562 412 1.0
44553 464 1.0
45417 473 1.0
58086 605 1.0
60384 629 1.0
61955 645 0.0
63077 657 1.0
68104 709 0.0
69033 719 1.0
69322 722 1.0
70944 739 0.0
72107 751 1.0
73162 762 1.0
73447 765 1.0
78154 814 1.0
85254 888 1.0
91205 950 1.0
92456 963 1.0
97547 1016 1.0
98506 1026 1.0
99178 1033 1.0
105609 1100 1.0
111938 1166 1.0
118953 1239 1.0
119522 1245 1.0
119520 1245 1.0
120487 1255 1.0
123940 1291 1.0
124234 1294 1.0
124420 1296 1.0
124519 1297 1.0
130752 1362 1.0
132011 1375 1.0
132970 1385 1.0
133931 1395 1.0
134987 1406 1.0
136425 1421 1.0
136715 1424 1.0
140457 1463 1.0
142659 1486 1.0
151200 1575 1.0
153226 1596 1.0
 fin motif
# 2 target:0 c+:582 c-:237 score:494.71067179898375 score+:2174.0386331319155 score-:4152.8813203278505 nb:5 =l_1c_0 l_1c_14 l_1c_19 l_1c_10 l_1c_18 
8 0 1.0
221 2 0.0
773 8 1.0
987 10 0.0
1638 17 1.0
1827 19 1.0
1921 20 1.0
2403 25 1.0
2883 30 1.0
2984 31 0.0
3269 34 1.0
3556 37 1.0
4032 42 1.0
4421 46 1.0
4708 49 1.0
4805 50 1.0
4896 51 1.0
5482 57 1.0
5481 57 1.0
5573 58 1.0
5664 59 1.0
5669 59 1.0
6251 65 0.0
6634 69 1.0
6724 70 1.0
6856 71 0.0
6822 71 0.0
7021 73 0.0
7108 74 1.0
7304 76 1.0
7393 77 1.0
7586 79 1.0
7872 82 1.0
8000 83 0.0
8078 84 0.0
8549 89 1.0
8641 90 0.0
8738 91 1.0
8835 92 1.0
8930 93 1.0
9696 101 1.0
10088 105 1.0
10184 106 1.0
10393 108 0.0
10661 111 1.0
10756 112 1.0
11047 115 1.0
11142 116 0.0
11620 121 1.0
12007 125 1.0
12100 126 1.0
12869 134 1.0
12967 135 1.0
13152 137 1.0
13344 139 1.0
13555 141 0.0
13833 144 1.0
14022 146 1.0
14600 152 1.0
14698 153 1.0
14887 155 1.0
15081 157 0.0
15269 159 1.0
15750 164 1.0
15936 166 1.0
16038 167 1.0
16231 169 1.0
16323 170 1.0
16997 177 0.0
17187 179 0.0
17479 182 1.0
17769 185 1.0
18247 190 1.0
18342 191 1.0
18336 191 1.0
19014 198 1.0
19130 199 0.0
19877 207 0.0
19978 208 1.0
19969 208 1.0
20165 210 1.0
20296 211 0.0
20262 211 0.0
20501 213 0.0
20745 216 1.0
20938 218 0.0
21222 221 1.0
21512 224 1.0
21601 225 1.0
21743 226 0.0
21794 227 1.0
21888 228 1.0
22080 230 1.0
22205 231 0.0
22368 233 1.0
22492 234 0.0
22668 236 0.0
22656 236 0.0
22952 239 0.0
23153 241 0.0
23233 242 1.0
23624 246 1.0
23623 246 1.0
23816 248 1.0
23908 249 1.0
23909 249 1.0
24004 250 1.0
24212 252 0.0
24394 254 1.0
24680 257 0.0
24683 257 0.0
24813 258 0.0
24864 259 1.0
25056 261 1.0
25256 263 0.0
25348 264 1.0
25452 265 0.0
25742 268 0.0
26019 271 1.0
26017 271 1.0
26122 272 1.0
26310 274 1.0
26404 275 1.0
26887 280 1.0
27173 283 1.0
27266 284 1.0
27457 286 1.0
27650 288 1.0
27751 289 0.0
28034 292 1.0
28130 293 1.0
28611 298 1.0
28930 301 0.0
29001 302 1.0
29672 309 1.0
29771 310 0.0
30059 313 1.0
30146 314 1.0
30438 317 1.0
30631 319 1.0
30722 320 1.0
30822 321 0.0
30912 322 1.0
31008 323 1.0
31688 330 1.0
32169 335 1.0
32260 336 1.0
32553 339 1.0
32738 341 1.0
32960 343 0.0
33318 347 1.0
33416 348 1.0
33534 349 0.0
34080 355 0.0
34471 359 0.0
34571 360 1.0
35332 368 1.0
35919 374 0.0
36192 377 1.0
36326 378 0.0
36303 378 0.0
36679 382 1.0
37446 390 0.0
37644 392 0.0
37921 395 1.0
38245 398 0.0
38883 405 1.0
38999 406 0.0
39368 410 1.0
39463 411 1.0
39754 414 1.0
40035 417 1.0
40520 422 0.0
40704 424 1.0
40998 427 1.0
40999 427 1.0
41280 430 1.0
41672 434 1.0
41761 435 1.0
41863 436 1.0
42149 439 1.0
42243 440 1.0
42439 442 1.0
42820 446 1.0
43127 449 0.0
43392 452 1.0
43784 456 0.0
44259 461 1.0
44736 466 0.0
44932 468 1.0
45317 472 0.0
45312 472 0.0
45416 473 1.0
45512 474 1.0
45696 476 1.0
45888 478 1.0
45994 479 1.0
46371 483 1.0
46471 484 1.0
46760 487 1.0
46951 489 1.0
47044 490 0.0
47139 491 1.0
47233 492 1.0
47334 493 1.0
47430 494 0.0
47525 495 1.0
47714 497 1.0
48486 505 1.0
48679 507 1.0
48677 507 1.0
48680 507 1.0
48768 508 1.0
48865 509 1.0
49062 511 1.0
49254 513 1.0
50409 525 1.0
50985 531 1.0
52044 542 0.0
52326 545 0.0
52420 546 1.0
52710 549 1.0
52908 551 0.0
53571 558 1.0
54144 564 0.0
54245 565 0.0
54345 566 1.0
54949 572 0.0
55300 576 1.0
55396 577 0.0
55592 579 1.0
55786 581 1.0
55877 582 1.0
55974 583 1.0
56360 587 1.0
56551 589 1.0
56928 593 1.0
57313 597 1.0
57415 598 1.0
57565 599 0.0
57607 600 1.0
58176 606 0.0
58464 609 1.0
58470 609 1.0
58790 612 0.0
58944 614 1.0
59335 618 1.0
59620 621 1.0
59719 622 0.0
59911 624 1.0
60101 626 0.0
60203 627 0.0
60291 628 1.0
60292 628 1.0
60390 629 1.0
60576 631 1.0
60675 632 1.0
60778 633 1.0
60889 634 0.0
61066 636 1.0
61347 639 1.0
61654 642 0.0
61933 645 0.0
62017 646 0.0
62121 647 1.0
62792 654 0.0
62884 655 1.0
63266 659 1.0
63552 662 1.0
64618 673 1.0
64706 674 1.0
65671 684 0.0
66057 688 1.0
66821 696 1.0
66922 697 1.0
67019 698 0.0
67104 699 1.0
67301 701 0.0
67491 703 1.0
67588 704 1.0
67777 706 0.0
67789 706 0.0
68077 709 0.0
68177 710 0.0
68368 712 0.0
68548 714 1.0
68544 714 1.0
68646 715 0.0
68931 718 1.0
68936 718 1.0
69120 720 1.0
69316 722 1.0
69794 727 1.0
70184 731 0.0
70368 733 1.0
70473 734 1.0
70564 735 1.0
70789 737 0.0
70950 739 0.0
71023 739 0.0
71328 743 1.0
71427 744 1.0
71531 745 1.0
71618 746 0.0
71769 747 0.0
71811 748 0.0
71865 748 0.0
71907 749 1.0
72007 750 1.0
72102 751 1.0
72306 753 1.0
72484 755 1.0
72772 758 1.0
72867 759 1.0
73057 761 1.0
73159 762 1.0
73537 766 1.0
73741 768 0.0
73929 770 1.0
74216 773 1.0
74309 774 1.0
74499 776 1.0
74905 780 0.0
74985 781 1.0
75366 785 1.0
75367 785 1.0
75462 786 0.0
75557 787 0.0
75847 790 1.0
76226 794 1.0
76421 796 0.0
76616 798 1.0
76899 801 1.0
77088 803 1.0
78144 814 1.0
78438 817 1.0
79110 824 0.0
79144 824 0.0
79223 825 0.0
79304 826 1.0
79593 829 1.0
80265 836 1.0
80353 837 0.0
80743 841 0.0
80742 841 0.0
80930 843 1.0
81129 845 1.0
81411 848 1.0
81604 850 1.0
81602 850 1.0
81888 853 1.0
81985 854 1.0
82182 856 1.0
82566 860 1.0
82562 860 1.0
82663 861 0.0
83042 865 1.0
83335 868 1.0
84097 876 1.0
84248 877 0.0
84582 881 1.0
84774 883 1.0
84874 884 1.0
85060 886 1.0
85154 887 1.0
85252 888 1.0
85456 890 0.0
85729 893 0.0
85827 894 1.0
85931 895 0.0
86022 896 1.0
86211 898 1.0
86401 900 0.0
86695 903 1.0
86789 904 1.0
86881 905 1.0
87174 908 0.0
87365 910 1.0
87848 915 1.0
87968 916 0.0
88038 917 1.0
88224 919 0.0
88704 924 1.0
88901 926 0.0
89000 927 1.0
89577 933 1.0
89665 934 1.0
89674 934 1.0
89860 936 1.0
90055 938 0.0
90243 940 1.0
90537 943 1.0
90725 945 1.0
91013 948 1.0
91104 949 1.0
91396 952 1.0
91495 953 1.0
91684 955 1.0
92175 960 0.0
92163 960 0.0
92161 960 0.0
92449 963 1.0
92601 964 0.0
92940 968 0.0
93028 969 1.0
93511 974 0.0
94181 981 0.0
94274 982 1.0
94951 989 1.0
95136 991 1.0
95331 993 1.0
95617 996 0.0
95722 997 1.0
95808 998 0.0
96005 1000 1.0
96104 1001 1.0
96198 1002 1.0
96586 1006 1.0
97252 1013 1.0
97536 1016 1.0
97925 1020 1.0
98121 1022 1.0
98307 1024 1.0
98497 1026 1.0
98793 1029 1.0
98928 1030 0.0
98983 1031 1.0
99112 1032 0.0
100043 1042 0.0
100515 1047 1.0
100712 1049 0.0
100809 1050 1.0
100903 1051 1.0
101094 1053 1.0
101186 1054 1.0
101282 1055 1.0
101387 1056 0.0
101482 1057 1.0
101664 1059 1.0
101859 1061 0.0
101957 1062 1.0
102144 1064 1.0
102250 1065 1.0
102821 1071 1.0
103111 1074 1.0
103300 1076 1.0
103301 1076 1.0
103536 1078 0.0
103976 1083 1.0
104260 1086 1.0
104641 1090 0.0
104936 1093 1.0
105124 1095 1.0
105120 1095 1.0
105316 1097 1.0
105418 1098 1.0
105606 1100 1.0
105699 1101 1.0
106852 1113 1.0
107144 1116 1.0
107520 1120 1.0
108192 1127 0.0
108967 1135 1.0
109064 1136 1.0
109353 1139 1.0
109543 1141 1.0
109922 1145 1.0
110024 1146 0.0
110121 1147 1.0
110691 1153 1.0
110987 1156 1.0
111369 1160 1.0
111651 1163 1.0
111847 1165 1.0
111940 1166 1.0
112035 1167 0.0
112139 1168 0.0
112225 1169 1.0
112328 1170 1.0
112323 1170 1.0
112613 1173 1.0
112611 1173 1.0
112610 1173 1.0
112708 1174 1.0
112907 1176 1.0
113282 1180 1.0
113479 1182 1.0
114049 1188 1.0
114152 1189 1.0
114347 1191 0.0
115296 1201 1.0
115499 1203 1.0
116072 1209 1.0
116268 1211 0.0
116456 1213 1.0
116549 1214 1.0
116742 1216 1.0
117603 1225 1.0
117987 1229 1.0
118088 1230 1.0
118176 1231 1.0
118283 1232 0.0
118371 1233 0.0
118662 1236 1.0
118759 1237 0.0
118855 1238 1.0
119141 1241 1.0
119429 1244 1.0
119717 1247 1.0
119908 1249 0.0
120001 1250 1.0
120393 1254 0.0
120582 1256 1.0
120673 1257 1.0
120960 1260 1.0
121163 1262 0.0
121353 1264 0.0
122404 1275 1.0
122528 1276 0.0
122599 1277 0.0
122697 1278 1.0
122788 1279 1.0
123366 1285 0.0
123482 1286 0.0
123844 1290 1.0
123944 1291 1.0
124333 1295 0.0
124328 1295 0.0
124659 1298 0.0
124805 1300 1.0
124896 1301 1.0
125284 1305 1.0
125568 1308 1.0
125769 1310 1.0
125958 1312 0.0
127299 1326 1.0
127392 1327 1.0
127488 1328 1.0
127593 1329 1.0
127782 1331 1.0
128572 1339 0.0
128738 1341 0.0
128833 1342 1.0
128928 1343 1.0
129608 1350 1.0
129700 1351 1.0
130371 1358 1.0
130656 1361 1.0
130954 1364 1.0
130944 1364 1.0
131141 1366 1.0
131238 1367 0.0
131808 1373 1.0
132001 1375 1.0
132098 1376 1.0
132294 1378 1.0
132392 1379 1.0
132485 1380 1.0
132868 1384 1.0
132963 1385 1.0
133248 1388 1.0
133440 1390 1.0
133766 1393 0.0
134119 1397 1.0
134217 1398 1.0
134305 1399 1.0
134400 1400 1.0
134984 1406 1.0
135363 1410 0.0
135466 1411 1.0
135745 1414 1.0
135841 1415 1.0
135943 1416 0.0
136042 1417 1.0
136227 1419 1.0
136321 1420 1.0
136417 1421 1.0
136608 1423 1.0
136898 1426 1.0
136907 1426 1.0
137000 1427 1.0
138151 1439 1.0
138534 1443 1.0
138830 1446 0.0
139202 1450 0.0
139301 1451 1.0
139587 1454 1.0
139708 1455 0.0
139877 1457 1.0
140070 1459 1.0
140266 1461 1.0
140454 1463 1.0
140649 1465 1.0
140737 1466 0.0
140840 1467 1.0
140937 1468 1.0
141033 1469 0.0
141126 1470 0.0
141706 1476 1.0
141995 1479 0.0
142177 1481 1.0
142376 1483 1.0
143046 1490 1.0
143138 1491 1.0
143239 1492 1.0
143333 1493 1.0
143446 1494 0.0
143524 1495 1.0
144004 1500 1.0
144199 1502 1.0
144296 1503 1.0
144487 1505 1.0
144778 1508 1.0
144867 1509 1.0
145065 1511 1.0
145351 1514 0.0
145400 1514 0.0
145733 1518 1.0
145826 1519 1.0
145926 1520 1.0
146114 1522 1.0
146217 1523 1.0
146407 1525 1.0
147077 1532 1.0
147552 1537 0.0
147756 1539 0.0
148342 1545 0.0
148519 1547 1.0
148915 1551 0.0
148994 1552 1.0
149285 1555 1.0
149378 1556 0.0
149482 1557 1.0
149764 1560 1.0
149865 1561 1.0
150049 1563 1.0
150149 1564 1.0
151014 1573 1.0
151106 1574 1.0
151301 1576 1.0
151495 1578 1.0
151608 1579 0.0
151702 1580 0.0
151879 1582 1.0
152070 1584 1.0
152064 1584 1.0
152455 1588 1.0
152641 1590 1.0
152743 1591 1.0
152833 1592 1.0
152929 1593 1.0
153120 1595 1.0
153317 1597 1.0
153417 1598 0.0
327 3 0.0
877 9 0.0
1062 11 1.0
1267 13 0.0
1920 20 1.0
3178 33 0.0
3361 35 1.0
3656 38 1.0
4035 42 1.0
4132 43 1.0
4234 44 0.0
4239 44 0.0
4713 49 1.0
4807 50 1.0
4997 52 1.0
5089 53 1.0
5441 56 0.0
5770 60 0.0
5865 61 1.0
6153 64 1.0
6257 65 0.0
6538 68 0.0
6543 68 0.0
7009 73 0.0
7022 73 0.0
7680 80 1.0
7781 81 1.0
8065 84 0.0
8079 84 0.0
8163 85 1.0
8552 89 1.0
9216 96 0.0
9796 102 0.0
10372 108 0.0
10403 108 0.0
10664 111 1.0
10856 113 1.0
11157 116 0.0
11143 116 0.0
11335 118 1.0
11539 120 0.0
11813 123 1.0
12584 131 1.0
12871 134 1.0
12867 134 1.0
13637 142 1.0
14023 146 1.0
14021 146 1.0
14317 149 0.0
14594 152 1.0
15552 162 1.0
15560 162 1.0
16612 173 1.0
16806 175 1.0
16807 175 1.0
17481 182 1.0
17568 183 0.0
17674 184 1.0
18343 191 1.0
19392 202 0.0
19878 207 0.0
19873 207 0.0
19970 208 1.0
20546 214 0.0
20939 218 0.0
20931 218 0.0
21416 223 1.0
21600 225 1.0
21793 227 1.0
21799 227 1.0
21984 229 1.0
22488 234 0.0
22954 239 0.0
22953 239 0.0
24199 252 0.0
24589 256 0.0
25066 261 1.0
25744 268 0.0
25746 268 0.0
25921 270 1.0
26016 271 1.0
26119 272 1.0
26210 273 1.0
26692 278 1.0
27175 283 1.0
27649 288 1.0
27754 289 0.0
28519 297 1.0
28514 297 1.0
28896 301 0.0
29475 307 1.0
29777 310 0.0
30823 321 0.0
31207 325 0.0
31491 328 1.0
31687 330 1.0
32360 337 1.0
33033 344 1.0
33894 353 1.0
34667 361 1.0
34948 364 1.0
35629 371 0.0
35918 374 0.0
36778 383 0.0
36783 383 0.0
37728 393 0.0
37828 394 1.0
38114 397 0.0
38594 402 1.0
40803 425 1.0
40804 425 1.0
40917 426 0.0
40899 426 0.0
41001 427 1.0
41386 431 0.0
41382 431 0.0
42532 443 1.0
42627 444 0.0
42936 447 0.0
44162 460 1.0
45601 475 1.0
46085 480 1.0
46182 481 0.0
47072 490 0.0
47435 494 0.0
48396 504 0.0
48589 506 0.0
49538 516 1.0
50018 521 1.0
50237 523 0.0
50304 524 0.0
50597 527 1.0
50784 529 0.0
51764 539 0.0
52327 545 0.0
53184 554 1.0
53188 554 1.0
53760 560 1.0
54178 564 0.0
54824 571 0.0
54922 572 0.0
55409 577 0.0
56641 590 1.0
57312 597 1.0
58375 608 0.0
58384 608 0.0
58471 609 1.0
58848 613 1.0
59427 619 1.0
59616 621 1.0
59720 622 0.0
59907 624 1.0
60102 626 0.0
60298 628 1.0
61539 641 0.0
61832 644 1.0
62021 646 0.0
62219 648 0.0
63368 660 1.0
63461 661 1.0
63559 662 1.0
63844 665 1.0
65290 680 1.0
65861 686 1.0
65862 686 1.0
65965 687 0.0
66434 692 1.0
66435 692 1.0
67025 698 0.0
67302 701 0.0
67297 701 0.0
68266 711 0.0
68271 711 0.0
68547 714 1.0
68647 715 0.0
70375 733 1.0
71239 742 0.0
71627 746 0.0
72197 752 1.0
72310 753 1.0
72680 757 1.0
72677 757 1.0
73745 768 0.0
73930 770 1.0
74307 774 1.0
74415 775 0.0
74787 779 1.0
75170 783 1.0
75264 784 1.0
75463 786 0.0
75555 787 0.0
75558 787 0.0
75942 791 1.0
76323 795 1.0
76419 796 0.0
76422 796 0.0
77094 803 1.0
77387 806 0.0
77577 808 1.0
77763 810 0.0
78535 818 1.0
79781 831 1.0
80160 835 1.0
80357 837 0.0
80650 840 0.0
80746 841 0.0
81603 850 1.0
81703 851 1.0
81700 851 1.0
82086 855 1.0
82673 861 0.0
83332 868 1.0
83524 870 1.0
84288 878 1.0
84392 879 1.0
84480 880 1.0
85937 895 0.0
86217 898 1.0
86405 900 0.0
86503 901 1.0
86885 905 1.0
86882 905 1.0
87172 908 0.0
87175 908 0.0
87265 909 0.0
87669 913 0.0
87658 913 0.0
87754 914 1.0
88422 921 1.0
89570 933 1.0
89772 935 1.0
90349 941 0.0
90721 945 1.0
90915 947 1.0
91591 954 1.0
91680 955 1.0
91781 956 1.0
91782 956 1.0
91879 957 0.0
92067 959 1.0
92068 959 1.0
92450 963 1.0
92643 965 1.0
93515 974 0.0
94182 981 0.0
94177 981 0.0
94568 985 1.0
94659 986 0.0
94850 988 1.0
95424 994 1.0
95432 994 1.0
95719 997 1.0
95828 998 0.0
96007 1000 1.0
96673 1007 1.0
97828 1019 1.0
97931 1020 1.0
99111 1032 0.0
100049 1042 0.0
100328 1045 1.0
100610 1048 1.0
100807 1050 1.0
101389 1056 0.0
101383 1056 0.0
101860 1061 0.0
101856 1061 0.0
102724 1070 0.0
102919 1072 1.0
104162 1085 1.0
104550 1089 1.0
104655 1090 0.0
104745 1091 0.0
105504 1099 1.0
105804 1102 0.0
106468 1109 0.0
106665 1111 1.0
107238 1117 1.0
107330 1118 0.0
108392 1129 1.0
110026 1146 0.0
111171 1158 1.0
111648 1163 1.0
112145 1168 0.0
112327 1170 1.0
112810 1175 0.0
113005 1177 0.0
113118 1178 0.0
113570 1183 1.0
114351 1191 0.0
114912 1197 0.0
116074 1209 1.0
116070 1209 1.0
116160 1210 1.0
116366 1212 0.0
116834 1217 1.0
117123 1220 1.0
117316 1222 1.0
117412 1223 1.0
117505 1224 1.0
117798 1227 1.0
118090 1230 1.0
118298 1232 0.0
118368 1233 0.0
118467 1234 1.0
119240 1242 1.0
119619 1246 1.0
119618 1246 1.0
119921 1249 0.0
120384 1254 0.0
121169 1262 0.0
121348 1264 0.0
121736 1268 1.0
121824 1269 1.0
122213 1273 1.0
122216 1273 1.0
122609 1277 0.0
123362 1285 0.0
123367 1285 0.0
124034 1292 1.0
124807 1300 1.0
124806 1300 1.0
125959 1312 0.0
125956 1312 0.0
126248 1315 0.0
127207 1325 1.0
127489 1328 1.0
127492 1328 1.0
128074 1334 0.0
128767 1341 0.0
129702 1351 1.0
129800 1352 1.0
130086 1355 1.0
130082 1355 1.0
130469 1359 1.0
130465 1359 1.0
131232 1367 0.0
131627 1371 0.0
131717 1372 1.0
132783 1383 0.0
134118 1397 1.0
134407 1400 1.0
134890 1405 0.0
134895 1405 0.0
135361 1410 0.0
135651 1413 0.0
135654 1413 0.0
135946 1416 0.0
136320 1420 1.0
137101 1428 0.0
137472 1432 1.0
137575 1433 1.0
137769 1435 1.0
137763 1435 1.0
138632 1444 1.0
138729 1445 1.0
138825 1446 0.0
138925 1447 0.0
139011 1448 1.0
139217 1450 0.0
139490 1453 1.0
140264 1461 1.0
140546 1464 1.0
140736 1466 0.0
140738 1466 0.0
141127 1470 0.0
141892 1478 1.0
142001 1479 0.0
142752 1487 1.0
142951 1489 0.0
143241 1492 1.0
143334 1493 1.0
143335 1493 1.0
143817 1498 0.0
144399 1504 0.0
145249 1513 1.0
145548 1516 0.0
145824 1519 1.0
145923 1520 1.0
146304 1524 0.0
146985 1531 1.0
147363 1535 1.0
147653 1538 1.0
148033 1542 1.0
148237 1544 0.0
148707 1549 0.0
150350 1566 0.0
151721 1580 0.0
152640 1590 1.0
152935 1593 1.0
153125 1595 1.0
153408 1598 0.0
153504 1599 1.0
 fin motif
# 3 target:0 c+:177 c-:157 score:485.5148325225624 score+:731.3086146776072 score-:2382.0590452543197 nb:4 =l_1c_11 l_1c_14 l_1c_19 l_1c_6 
6 0 1.0
96 1 1.0
324 3 0.0
489 5 1.0
876 9 0.0
890 9 0.0
979 10 0.0
1271 13 0.0
1737 18 1.0
2595 27 1.0
4320 45 1.0
4324 45 1.0
4416 46 1.0
4715 49 1.0
5418 56 0.0
5860 61 1.0
7027 73 0.0
7024 73 0.0
7786 81 1.0
8043 83 0.0
8081 84 0.0
8084 84 0.0
8160 85 1.0
9805 102 0.0
9922 103 0.0
10474 109 1.0
10851 113 1.0
10951 114 1.0
11158 116 0.0
11159 116 0.0
11542 120 0.0
12585 131 1.0
12774 133 1.0
13539 141 0.0
14320 149 0.0
15087 157 0.0
15177 158 0.0
15554 162 1.0
16229 169 1.0
16518 172 1.0
16712 174 1.0
19237 200 0.0
19592 204 1.0
19889 207 0.0
19874 207 0.0
20070 209 1.0
20490 213 0.0
20649 215 1.0
20736 216 1.0
20946 218 0.0
20945 218 0.0
21992 229 1.0
22485 234 0.0
22962 239 0.0
24194 252 0.0
24289 253 1.0
24588 256 0.0
25156 262 1.0
25443 265 0.0
25637 267 1.0
25750 268 0.0
25747 268 0.0
26503 276 1.0
26982 281 0.0
27073 282 1.0
27362 285 1.0
30834 321 0.0
31399 327 1.0
32064 334 0.0
32256 336 1.0
34851 363 1.0
35628 371 0.0
35718 372 1.0
35924 374 0.0
36019 375 0.0
38216 398 0.0
38506 401 1.0
38503 401 1.0
39707 413 0.0
39851 415 1.0
40528 422 0.0
41387 431 0.0
41377 431 0.0
42049 438 0.0
42155 439 1.0
42539 443 1.0
43109 449 0.0
43235 450 0.0
44766 466 0.0
45349 472 0.0
45505 474 1.0
45992 479 1.0
46183 481 0.0
46851 488 1.0
47073 490 0.0
47438 494 0.0
47816 498 1.0
48104 501 1.0
48397 504 0.0
48588 506 0.0
49152 512 1.0
49347 514 0.0
50242 523 0.0
50245 523 0.0
50691 528 1.0
50788 529 0.0
50887 530 1.0
51765 539 0.0
52062 542 0.0
52330 545 0.0
53505 557 0.0
53764 560 1.0
53868 561 0.0
53867 561 0.0
54728 570 1.0
54925 572 0.0
55011 573 1.0
55301 576 1.0
56162 585 1.0
56450 588 1.0
57031 594 1.0
57707 601 1.0
58762 612 0.0
59146 616 1.0
59715 622 0.0
60113 626 0.0
60253 627 0.0
61248 638 0.0
61249 638 0.0
61831 644 1.0
61924 645 0.0
62599 652 1.0
62984 656 1.0
63755 664 1.0
63846 665 1.0
64418 671 1.0
64999 677 0.0
66917 697 1.0
67207 700 1.0
67298 701 0.0
67315 701 0.0
68068 709 0.0
68363 712 0.0
68839 717 0.0
69799 727 1.0
69994 729 1.0
70195 731 0.0
70194 731 0.0
70276 732 1.0
70760 737 0.0
71141 741 1.0
71144 741 1.0
71251 742 0.0
71824 748 0.0
72387 754 1.0
72582 756 1.0
72869 759 1.0
72962 760 1.0
73649 767 1.0
73744 768 0.0
73920 770 1.0
74785 779 1.0
74784 779 1.0
75475 786 0.0
75554 787 0.0
75567 787 0.0
75752 789 0.0
75851 790 1.0
76431 796 0.0
76418 796 0.0
76904 801 1.0
77478 807 1.0
77959 812 1.0
78534 818 1.0
78536 818 1.0
79403 827 1.0
79689 830 1.0
79687 830 1.0
79875 832 1.0
80749 841 0.0
81697 851 1.0
82176 856 1.0
82492 859 0.0
83425 869 1.0
84211 877 0.0
84290 878 1.0
84391 879 1.0
85061 886 1.0
85451 890 0.0
85735 893 0.0
86115 897 1.0
87173 908 0.0
87171 908 0.0
87360 910 1.0
87466 911 1.0
87746 914 1.0
87851 915 1.0
87991 916 0.0
88035 917 1.0
88416 921 1.0
89856 936 1.0
90060 938 0.0
90348 941 0.0
91884 957 0.0
91904 957 0.0
92763 966 0.0
92834 967 1.0
92944 968 0.0
93218 971 1.0
93519 974 0.0
94178 981 0.0
94199 981 0.0
94372 983 1.0
94565 985 1.0
95238 992 1.0
95829 998 0.0
96480 1005 1.0
96678 1007 1.0
96868 1009 1.0
98598 1027 1.0
98789 1029 1.0
98925 1030 0.0
99840 1040 0.0
99940 1041 1.0
100325 1045 1.0
100996 1052 1.0
101858 1061 0.0
101880 1061 0.0
102151 1064 1.0
103019 1073 1.0
103113 1074 1.0
103498 1078 0.0
103586 1079 1.0
103876 1082 1.0
104354 1087 1.0
104463 1088 0.0
105125 1095 1.0
105425 1098 1.0
105705 1101 1.0
105994 1104 1.0
106084 1105 1.0
106954 1114 1.0
107136 1116 1.0
107237 1117 1.0
107833 1123 0.0
108295 1128 0.0
108874 1134 1.0
109923 1145 1.0
110976 1156 1.0
112811 1175 0.0
113004 1177 0.0
113097 1178 0.0
113867 1186 1.0
114532 1193 1.0
114634 1194 0.0
115104 1199 0.0
115302 1201 1.0
115400 1202 1.0
116337 1211 0.0
116373 1212 0.0
117697 1226 1.0
117989 1229 1.0
118302 1232 0.0
118374 1233 0.0
118756 1237 0.0
118755 1237 0.0
118952 1239 1.0
119042 1240 1.0
121256 1263 0.0
121345 1264 0.0
121730 1268 1.0
121826 1269 1.0
122504 1276 0.0
123076 1282 1.0
123264 1284 1.0
123365 1285 0.0
123363 1285 0.0
123461 1286 0.0
123552 1287 1.0
123658 1288 1.0
125379 1306 1.0
125670 1309 1.0
125957 1312 0.0
125955 1312 0.0
126240 1315 0.0
126630 1319 1.0
127012 1323 1.0
128162 1335 1.0
128562 1339 0.0
128768 1341 0.0
129132 1345 0.0
130475 1359 1.0
130851 1363 1.0
131924 1374 0.0
132197 1377 1.0
133536 1391 0.0
133642 1392 1.0
134498 1401 1.0
134689 1403 1.0
135174 1408 1.0
135267 1409 1.0
135556 1412 1.0
137100 1428 0.0
137114 1428 0.0
137859 1436 1.0
138826 1446 0.0
138817 1446 0.0
138924 1447 0.0
139306 1451 1.0
139691 1455 0.0
140545 1464 1.0
140744 1466 0.0
140740 1466 0.0
141216 1471 1.0
141896 1478 1.0
142667 1486 1.0
143449 1494 0.0
143624 1496 1.0
143717 1497 1.0
144384 1504 0.0
144773 1508 1.0
145360 1514 0.0
145639 1517 1.0
147168 1533 1.0
147562 1537 0.0
147652 1538 1.0
147747 1539 0.0
148236 1544 0.0
148250 1544 0.0
148805 1550 1.0
148907 1551 0.0
149193 1554 0.0
149473 1557 1.0
150144 1564 1.0
150357 1566 0.0
150532 1568 1.0
151303 1576 1.0
151603 1579 0.0
151814 1581 0.0
153428 1598 0.0
153430 1598 0.0
153508 1599 1.0
4237 44 0.0
4236 44 0.0
6541 68 0.0
6540 68 0.0
20544 214 0.0
36781 383 0.0
36780 383 0.0
40896 426 0.0
40897 426 0.0
50310 524 0.0
50309 524 0.0
54822 571 0.0
54821 571 0.0
65952 687 0.0
68268 711 0.0
68269 711 0.0
71632 746 0.0
77389 806 0.0
77390 806 0.0
85056 886 1.0
102722 1070 0.0
102721 1070 0.0
104747 1091 0.0
105806 1102 0.0
105807 1102 0.0
106466 1109 0.0
106465 1109 0.0
114249 1190 1.0
127877 1332 1.0
134892 1405 0.0
134893 1405 0.0
143819 1498 0.0
143820 1498 0.0
145550 1516 0.0
145551 1516 0.0
148704 1549 0.0
148705 1549 0.0
21752 226 0.0
25537 266 1.0
60893 634 0.0
125766 1310 1.0
 fin motif
# 4 target:0 c+:23 c-:62 score:440.33859061665913 score+:141.63380485985056 score-:1638.7850129564918 nb:4 =l_1c_4 l_1c_8 l_1c_11 l_1c_15 
2312 24 1.0
12678 132 1.0
19302 201 1.0
33801 352 1.0
35334 368 1.0
44934 468 1.0
73830 769 1.0
74118 772 1.0
77670 809 1.0
111270 1159 1.0
120874 1259 1.0
137192 1429 1.0
32359 337 1.0
74121 772 1.0
3189 33 0.0
5779 60 0.0
6255 65 0.0
6862 71 0.0
9224 96 0.0
11528 120 0.0
14325 149 0.0
19400 202 0.0
20302 211 0.0
29775 310 0.0
31306 326 1.0
34095 355 0.0
37744 393 0.0
38131 397 0.0
43642 454 0.0
44751 466 0.0
47055 490 0.0
54159 564 0.0
55407 577 0.0
57888 603 1.0
62032 646 0.0
62229 648 0.0
67023 698 0.0
74408 775 0.0
77394 806 0.0
79156 824 0.0
80368 837 0.0
80655 840 0.0
82671 861 0.0
85935 895 0.0
86416 900 0.0
88239 919 0.0
95651 996 0.0
95814 998 0.0
99108 1032 0.0
100047 1042 0.0
104671 1090 0.0
108207 1127 0.0
112143 1168 0.0
114353 1191 0.0
118308 1232 0.0
119919 1249 0.0
121167 1262 0.0
122607 1277 0.0
128751 1341 0.0
131634 1371 0.0
132776 1383 0.0
139215 1450 0.0
142000 1479 0.0
146312 1524 0.0
151713 1580 0.0
18817 196 1.0
18923 197 1.0
19541 203 0.0
28931 301 0.0
36576 381 0.0
40232 419 1.0
42084 438 0.0
45130 470 1.0
57563 599 0.0
66336 691 1.0
81505 849 1.0
88608 923 0.0
99511 1036 0.0
105941 1103 0.0
114432 1192 0.0
114938 1197 0.0
121109 1261 0.0
136713 1424 1.0
144407 1504 0.0
146602 1527 1.0
150852 1571 0.0
 fin motif
# 5 target:0 c+:252 c-:145 score:337.64423739789135 score+:613.2847353903401 score-:1356.102057665701 nb:2 =l_1c_3 l_1c_14 
490 5 1.0
909 9 0.0
982 10 0.0
1350 14 1.0
1546 16 1.0
1735 18 1.0
2887 30 1.0
3019 31 0.0
3364 35 1.0
3648 38 1.0
3942 41 1.0
4235 44 0.0
4328 45 1.0
5397 56 0.0
5775 60 0.0
6271 65 0.0
6539 68 0.0
7112 74 1.0
7595 79 1.0
8073 84 0.0
8832 92 1.0
8928 93 1.0
9236 96 0.0
9809 102 0.0
9988 104 1.0
10273 107 1.0
11041 115 1.0
11717 122 1.0
13076 136 0.0
13158 137 1.0
13448 140 1.0
15268 159 1.0
16331 170 1.0
16423 171 0.0
17376 181 1.0
17587 183 0.0
18465 192 0.0
19682 205 1.0
20746 216 1.0
20840 217 1.0
20949 218 0.0
22194 231 0.0
22375 233 1.0
22502 234 0.0
23338 243 1.0
23715 247 1.0
24296 253 1.0
24393 254 1.0
24582 256 0.0
26594 277 1.0
26689 278 1.0
26788 279 1.0
27656 288 1.0
28128 293 1.0
28326 295 1.0
28810 300 1.0
28918 301 0.0
29185 304 1.0
29280 305 1.0
29670 309 1.0
30144 314 1.0
30624 319 1.0
30833 321 0.0
31011 323 1.0
31488 328 1.0
32482 338 0.0
35522 370 1.0
35622 371 0.0
35714 372 1.0
36393 379 1.0
36779 383 0.0
38127 397 0.0
38597 402 1.0
39662 413 0.0
40128 418 1.0
40325 420 1.0
40900 426 0.0
41395 431 0.0
42537 443 1.0
43222 450 0.0
43317 451 0.0
43810 456 0.0
44640 465 1.0
45221 471 1.0
45343 472 0.0
46190 481 0.0
46565 485 1.0
48192 502 1.0
48385 504 0.0
48582 506 0.0
49544 516 1.0
50021 521 1.0
50211 523 0.0
50305 524 0.0
50403 525 1.0
50880 530 1.0
51751 539 0.0
54182 564 0.0
54825 571 0.0
55785 581 1.0
56072 584 1.0
56263 586 1.0
56932 593 1.0
57705 601 1.0
58784 612 0.0
59731 622 0.0
60112 626 0.0
61158 637 1.0
61351 639 1.0
61643 642 0.0
61927 645 0.0
62048 646 0.0
62829 654 0.0
63753 664 1.0
64998 677 0.0
66630 694 1.0
66915 697 1.0
67403 702 1.0
68071 709 0.0
68267 711 0.0
68452 713 1.0
68737 716 1.0
70198 731 0.0
70656 736 1.0
70848 738 1.0
71145 741 1.0
71433 744 1.0
72195 752 1.0
72385 754 1.0
72864 759 1.0
73650 767 1.0
74420 775 0.0
75083 782 1.0
75474 786 0.0
75937 791 1.0
76322 795 1.0
77388 806 0.0
77480 807 1.0
79690 830 1.0
80164 835 1.0
80551 839 1.0
81415 848 1.0
82180 856 1.0
82520 859 0.0
82679 861 0.0
83427 869 1.0
87093 907 0.0
87458 911 1.0
87661 913 0.0
87744 914 1.0
88129 918 1.0
88254 919 0.0
88328 920 1.0
89380 931 1.0
89865 936 1.0
90342 941 0.0
92932 968 0.0
93035 969 1.0
94193 981 0.0
94377 983 1.0
95139 991 1.0
96096 1001 1.0
96677 1007 1.0
97065 1011 1.0
97447 1015 1.0
98794 1029 1.0
99486 1036 0.0
99563 1037 1.0
99656 1038 1.0
100618 1048 1.0
102720 1070 0.0
103011 1073 1.0
104355 1087 1.0
105409 1098 1.0
105805 1102 0.0
105992 1104 1.0
106082 1105 1.0
106377 1108 1.0
106464 1109 0.0
107343 1118 0.0
107926 1124 0.0
108307 1128 0.0
108582 1131 1.0
109254 1138 1.0
110305 1149 1.0
112151 1168 0.0
112232 1169 1.0
112710 1174 1.0
112708 1174 1.0
112806 1175 0.0
113000 1177 0.0
113121 1178 0.0
113184 1179 1.0
114535 1193 1.0
114934 1197 0.0
115118 1199 0.0
115728 1205 0.0
116359 1212 0.0
116544 1214 1.0
116745 1216 1.0
116840 1217 1.0
116930 1218 1.0
118950 1239 1.0
120482 1255 1.0
121180 1262 0.0
121360 1264 0.0
121353 1264 0.0
122024 1271 1.0
122129 1272 0.0
122615 1277 0.0
122986 1281 1.0
123378 1285 0.0
124512 1297 1.0
124713 1299 1.0
125970 1312 0.0
126242 1315 0.0
126435 1317 1.0
126633 1319 1.0
128256 1336 1.0
128595 1339 0.0
129025 1344 1.0
129134 1345 0.0
129217 1346 1.0
129988 1354 1.0
130473 1359 1.0
131812 1373 1.0
132004 1375 1.0
132788 1383 0.0
133640 1392 1.0
133925 1395 1.0
134497 1401 1.0
134891 1405 0.0
135849 1415 1.0
137094 1428 0.0
138432 1442 1.0
138720 1445 1.0
138918 1447 0.0
140751 1466 0.0
141315 1472 1.0
142278 1482 1.0
142466 1484 1.0
142571 1485 1.0
143042 1490 1.0
143818 1498 0.0
144870 1509 1.0
145549 1516 0.0
146020 1521 1.0
146324 1524 0.0
146693 1528 1.0
147175 1533 1.0
147651 1538 1.0
148230 1544 0.0
148708 1549 0.0
148803 1550 1.0
148992 1552 1.0
149475 1557 1.0
150345 1566 0.0
150536 1568 1.0
150921 1572 0.0
151298 1576 1.0
151601 1579 0.0
151724 1580 0.0
152073 1584 1.0
153031 1594 1.0
153426 1598 0.0
36481 380 1.0
36602 381 0.0
44065 459 1.0
49442 515 1.0
59523 620 1.0
89281 930 1.0
100130 1043 1.0
100419 1046 1.0
142273 1482 1.0
146018 1521 1.0
327 3 0.0
877 9 0.0
1270 13 0.0
1267 13 0.0
4239 44 0.0
4713 49 1.0
5441 56 0.0
6049 63 1.0
6257 65 0.0
6442 67 1.0
6557 68 0.0
6543 68 0.0
7009 73 0.0
8065 84 0.0
11157 116 0.0
12582 131 1.0
15552 162 1.0
17568 183 0.0
18433 192 0.0
19873 207 0.0
20931 218 0.0
21032 219 1.0
22488 234 0.0
22566 235 1.0
22954 239 0.0
24589 256 0.0
25746 268 0.0
29777 310 0.0
31491 328 1.0
35629 371 0.0
36783 383 0.0
37063 386 1.0
38594 402 1.0
40917 426 0.0
41382 431 0.0
42936 447 0.0
44070 459 1.0
46081 480 1.0
47072 490 0.0
48589 506 0.0
49538 516 1.0
50018 521 1.0
50784 529 0.0
53760 560 1.0
54178 564 0.0
54922 572 0.0
55409 577 0.0
58384 608 0.0
62021 646 0.0
67039 698 0.0
67025 698 0.0
67297 701 0.0
68271 711 0.0
69409 723 1.0
69411 723 1.0
72197 752 1.0
72196 752 1.0
75555 787 0.0
75942 791 1.0
76323 795 1.0
76419 796 0.0
78917 822 1.0
80160 835 1.0
80357 837 0.0
81703 851 1.0
82086 855 1.0
82673 861 0.0
83431 869 1.0
83521 870 1.0
85937 895 0.0
85950 895 0.0
86405 900 0.0
87172 908 0.0
87669 913 0.0
87754 914 1.0
90349 941 0.0
91879 957 0.0
94177 981 0.0
96673 1007 1.0
99111 1032 0.0
100049 1042 0.0
101383 1056 0.0
101856 1061 0.0
104068 1084 1.0
104655 1090 0.0
107238 1117 1.0
107906 1124 0.0
110982 1156 1.0
112145 1168 0.0
113005 1177 0.0
114351 1191 0.0
118298 1232 0.0
119921 1249 0.0
121169 1262 0.0
122609 1277 0.0
123083 1282 1.0
123362 1285 0.0
125956 1312 0.0
126432 1317 1.0
128767 1341 0.0
133158 1387 1.0
134895 1405 0.0
137101 1428 0.0
138729 1445 1.0
138925 1447 0.0
139217 1450 0.0
140736 1466 0.0
142001 1479 0.0
142951 1489 0.0
143714 1497 1.0
148237 1544 0.0
151721 1580 0.0
153408 1598 0.0
153504 1599 1.0
28136 293 1.0
1269 13 0.0
3078 32 1.0
3184 33 0.0
5774 60 0.0
6722 70 1.0
7307 76 1.0
8939 93 1.0
10408 108 0.0
10571 110 1.0
11538 120 0.0
12011 125 1.0
14321 149 0.0
15946 166 1.0
19410 202 0.0
20360 212 1.0
23240 242 1.0
26406 275 1.0
27553 287 1.0
31019 323 1.0
31593 329 1.0
33418 348 1.0
34858 363 1.0
36346 378 0.0
38023 396 1.0
39562 412 1.0
44073 459 1.0
44553 464 1.0
45417 473 1.0
48000 500 1.0
51938 541 1.0
58086 605 1.0
59906 624 1.0
60384 629 1.0
61955 645 0.0
62880 655 1.0
63077 657 1.0
66625 694 1.0
68104 709 0.0
69033 719 1.0
69322 722 1.0
70944 739 0.0
72107 751 1.0
72202 752 1.0
72489 755 1.0
73162 762 1.0
73447 765 1.0
74304 774 1.0
74419 775 0.0
77385 806 0.0
78154 814 1.0
82184 856 1.0
84293 878 1.0
85254 888 1.0
91205 950 1.0
92456 963 1.0
92642 965 1.0
93412 973 1.0
97547 1016 1.0
98506 1026 1.0
99178 1033 1.0
100131 1043 1.0
100422 1046 1.0
102737 1070 0.0
105609 1100 1.0
106481 1109 0.0
110122 1147 1.0
111938 1166 1.0
114144 1189 1.0
115307 1201 1.0
117705 1226 1.0
118953 1239 1.0
119522 1245 1.0
119520 1245 1.0
120487 1255 1.0
123940 1291 1.0
124234 1294 1.0
124420 1296 1.0
124519 1297 1.0
126434 1317 1.0
131625 1371 0.0
132011 1375 1.0
132787 1383 0.0
132970 1385 1.0
133163 1387 1.0
133931 1395 1.0
134987 1406 1.0
136424 1421 1.0
136425 1421 1.0
136614 1423 1.0
136715 1424 1.0
136808 1425 1.0
140457 1463 1.0
142659 1486 1.0
143718 1497 1.0
146022 1521 1.0
151200 1575 1.0
153226 1596 1.0
 fin motif
# 6 target:0 c+:263 c-:114 score:326.31881328531045 score+:794.5722783188344 score-:1512.4736675465174 nb:2 =l_1c_7 l_1c_13 
775 8 1.0
1063 11 1.0
4032 42 1.0
5472 57 1.0
5481 57 1.0
5863 61 1.0
6634 69 1.0
14022 146 1.0
16038 167 1.0
23816 248 1.0
24004 250 1.0
24864 259 1.0
27841 290 1.0
35809 373 1.0
37832 394 1.0
39463 411 1.0
39947 416 1.0
41673 434 1.0
41672 434 1.0
42149 439 1.0
45506 474 1.0
46951 489 1.0
48486 505 1.0
48674 507 1.0
55300 576 1.0
55592 579 1.0
58470 609 1.0
59335 618 1.0
62980 656 1.0
70473 734 1.0
72583 756 1.0
77955 812 1.0
79784 831 1.0
79973 833 1.0
86497 901 1.0
89671 934 1.0
90537 943 1.0
91104 949 1.0
93601 975 1.0
93600 975 1.0
94466 984 1.0
94567 985 1.0
95331 993 1.0
96586 1006 1.0
98216 1023 1.0
98983 1031 1.0
101664 1059 1.0
102144 1064 1.0
102147 1064 1.0
102250 1065 1.0
108388 1129 1.0
110691 1153 1.0
112328 1170 1.0
112614 1173 1.0
114630 1194 0.0
117024 1219 1.0
118662 1236 1.0
120582 1256 1.0
123557 1287 1.0
124231 1294 1.0
124230 1294 1.0
124899 1301 1.0
124896 1301 1.0
130085 1355 1.0
132098 1376 1.0
132102 1376 1.0
134403 1400 1.0
139712 1455 0.0
140167 1460 1.0
140354 1462 1.0
144004 1500 1.0
144674 1507 1.0
144778 1508 1.0
150247 1565 1.0
150435 1567 1.0
152455 1588 1.0
152743 1591 1.0
680 7 1.0
8355 87 1.0
26694 278 1.0
43973 458 1.0
54436 567 1.0
63456 661 1.0
70272 732 1.0
98593 1027 1.0
103879 1082 1.0
109153 1137 1.0
3937 41 1.0
8164 85 1.0
10560 110 1.0
17089 178 1.0
18818 196 1.0
33218 346 1.0
41862 436 1.0
43321 451 0.0
46561 485 1.0
48001 500 1.0
49825 519 1.0
51264 534 1.0
64130 668 1.0
78912 822 1.0
81508 849 1.0
82561 860 1.0
83046 865 1.0
87460 911 1.0
89376 931 1.0
97152 1012 1.0
99748 1039 1.0
100421 1046 1.0
102434 1067 1.0
103680 1080 1.0
104070 1084 1.0
106369 1108 1.0
110592 1152 1.0
111457 1161 1.0
113666 1184 1.0
114624 1194 0.0
114721 1195 1.0
119715 1247 1.0
129896 1353 1.0
139777 1456 1.0
142464 1484 1.0
144672 1507 1.0
151878 1582 1.0
100 1 1.0
204 2 0.0
299 3 0.0
1183 12 0.0
1345 14 1.0
1920 20 1.0
2999 31 0.0
4035 42 1.0
4608 48 1.0
5094 53 1.0
5865 61 1.0
6727 70 1.0
7022 73 0.0
7682 80 1.0
8028 83 0.0
8079 84 0.0
8165 85 1.0
8166 85 1.0
9511 99 1.0
9702 101 1.0
9943 103 0.0
10762 112 1.0
11143 116 0.0
11809 123 1.0
12200 127 1.0
13351 139 1.0
13637 142 1.0
14023 146 1.0
14594 152 1.0
15181 158 0.0
16807 175 1.0
17014 177 0.0
17221 179 0.0
17289 180 1.0
17671 184 1.0
18153 189 1.0
19117 199 0.0
19214 200 0.0
19681 205 1.0
19878 207 0.0
19973 208 1.0
20160 210 1.0
20461 213 0.0
20939 218 0.0
21121 220 1.0
21747 226 0.0
21793 227 1.0
22084 230 1.0
22657 236 0.0
22849 238 1.0
22953 239 0.0
23238 242 1.0
23425 244 1.0
23904 249 1.0
24145 251 0.0
24681 257 0.0
24800 258 0.0
25288 263 0.0
25449 265 0.0
25744 268 0.0
26119 272 1.0
26217 273 1.0
26596 277 1.0
26999 281 0.0
29091 303 1.0
29479 307 1.0
29867 311 0.0
30823 321 0.0
30921 322 1.0
31207 325 0.0
31687 330 1.0
31986 333 0.0
32360 337 1.0
32641 340 1.0
32833 342 1.0
34950 364 1.0
35465 369 0.0
35713 372 1.0
36044 375 0.0
37057 386 1.0
37153 387 1.0
38237 398 0.0
38401 400 1.0
38698 403 1.0
39169 408 1.0
40803 425 1.0
41002 427 1.0
42720 445 1.0
43010 448 1.0
43137 449 0.0
43253 450 0.0
43624 454 0.0
43799 456 0.0
44850 467 0.0
45897 478 1.0
45894 478 1.0
46273 482 1.0
51360 535 1.0
52123 542 0.0
52896 551 0.0
53089 553 1.0
53308 555 0.0
53394 556 0.0
53524 557 0.0
53665 559 1.0
53865 561 0.0
54943 572 0.0
55681 580 1.0
57318 597 1.0
57543 599 0.0
58375 608 0.0
58471 609 1.0
58765 612 0.0
58848 613 1.0
59616 621 1.0
59622 621 1.0
59720 622 0.0
59809 623 1.0
60102 626 0.0
60254 627 0.0
60298 628 1.0
60296 628 1.0
61253 638 0.0
61675 642 0.0
61825 644 1.0
62402 650 1.0
62807 654 0.0
63460 661 1.0
63461 661 1.0
63559 662 1.0
64050 667 0.0
65290 680 1.0
65768 685 1.0
65861 686 1.0
67302 701 0.0
67790 706 0.0
68545 714 1.0
68647 715 0.0
68873 717 0.0
69255 721 0.0
69505 724 1.0
69888 728 1.0
70275 732 1.0
70781 737 0.0
71239 742 0.0
71631 746 0.0
71747 747 0.0
71876 748 0.0
72961 760 1.0
73930 770 1.0
74592 777 1.0
75174 783 1.0
75264 784 1.0
75361 785 1.0
75463 786 0.0
75558 787 0.0
75756 789 0.0
76422 796 0.0
77094 803 1.0
78336 816 1.0
81312 847 1.0
81605 850 1.0
81988 854 1.0
82481 859 0.0
82968 864 0.0
83044 865 1.0
83332 868 1.0
83619 871 1.0
83851 873 0.0
84259 877 0.0
84769 883 1.0
86503 901 1.0
86792 904 1.0
87175 908 0.0
87996 916 0.0
88915 926 0.0
89570 933 1.0
89958 937 1.0
90627 944 1.0
91008 948 1.0
91587 954 1.0
91680 955 1.0
91901 957 0.0
92160 960 0.0
92454 963 1.0
92581 964 0.0
93316 972 1.0
94087 980 1.0
94182 981 0.0
94568 985 1.0
95530 995 1.0
95529 995 1.0
96193 1002 1.0
97931 1020 1.0
98597 1027 1.0
98933 1030 0.0
100727 1049 0.0
101389 1056 0.0
101860 1061 0.0
102555 1068 0.0
103528 1078 0.0
103880 1082 1.0
103881 1082 1.0
107452 1119 0.0
107735 1122 0.0
108480 1130 1.0
109060 1136 1.0
109152 1137 1.0
110026 1146 0.0
112066 1167 0.0
112327 1170 1.0
113289 1180 1.0
113569 1183 1.0
113952 1187 1.0
115015 1198 1.0
115623 1204 0.0
115714 1205 0.0
116160 1210 1.0
116297 1211 0.0
116835 1217 1.0
117124 1220 1.0
117411 1223 1.0
118467 1234 1.0
119233 1242 1.0
119619 1246 1.0
119621 1246 1.0
119713 1247 1.0
119814 1248 1.0
120965 1260 1.0
122544 1276 0.0
123367 1285 0.0
123456 1286 0.0
124034 1292 1.0
124330 1295 0.0
124608 1298 0.0
124808 1300 1.0
124806 1300 1.0
125959 1312 0.0
126052 1313 1.0
126724 1320 1.0
127105 1324 1.0
127492 1328 1.0
128260 1336 1.0
128836 1342 1.0
129702 1351 1.0
129800 1352 1.0
130374 1358 1.0
130560 1360 1.0
131962 1374 0.0
132288 1378 1.0
132864 1384 1.0
133571 1391 0.0
133634 1392 1.0
133780 1393 0.0
134118 1397 1.0
134690 1403 1.0
135361 1410 0.0
136137 1418 1.0
136320 1420 1.0
139393 1452 1.0
139704 1455 0.0
140264 1461 1.0
140738 1466 0.0
141060 1469 0.0
141127 1470 0.0
141220 1471 1.0
141505 1474 1.0
142752 1487 1.0
143334 1493 1.0
143336 1493 1.0
143466 1494 0.0
143906 1499 1.0
144193 1502 1.0
144488 1505 1.0
145063 1511 1.0
145408 1514 0.0
145824 1519 1.0
145923 1520 1.0
146113 1522 1.0
147937 1541 1.0
149206 1554 0.0
149672 1559 1.0
150054 1563 1.0
151812 1581 0.0
152640 1590 1.0
153128 1595 1.0
125761 1310 1.0
125764 1310 1.0
79493 828 1.0
125766 1310 1.0
 fin motif
# 7 target:0 c+:168 c-:95 score:298.30997020116854 score+:593.978832757294 score-:1429.246749320566 nb:3 =l_1c_1 l_1c_13 l_1c_10 
5472 57 1.0
124231 1294 1.0
8355 87 1.0
26694 278 1.0
43973 458 1.0
54436 567 1.0
63456 661 1.0
70272 732 1.0
98593 1027 1.0
103879 1082 1.0
109153 1137 1.0
115970 1208 1.0
218 2 0.0
303 3 0.0
1174 12 0.0
1344 14 1.0
2998 31 0.0
3937 41 1.0
4137 43 1.0
8027 83 0.0
8164 85 1.0
8664 90 0.0
9705 101 1.0
9946 103 0.0
10560 110 1.0
11624 121 1.0
12000 125 1.0
17012 177 0.0
17089 178 1.0
17224 179 0.0
17291 180 1.0
18818 196 1.0
19123 199 0.0
19225 200 0.0
19685 205 1.0
20465 213 0.0
21125 220 1.0
21748 226 0.0
23427 244 1.0
24133 251 0.0
24803 258 0.0
25291 263 0.0
27030 281 0.0
29482 307 1.0
29874 311 0.0
32003 333 0.0
32645 340 1.0
32834 342 1.0
33218 346 1.0
34953 364 1.0
35427 369 0.0
35717 372 1.0
36030 375 0.0
37061 386 1.0
37157 387 1.0
38225 398 0.0
38405 400 1.0
39171 408 1.0
41862 436 1.0
42724 445 1.0
43014 448 1.0
43135 449 0.0
43254 450 0.0
43321 451 0.0
43641 454 0.0
43803 456 0.0
44867 467 0.0
46277 482 1.0
46561 485 1.0
46664 486 1.0
48001 500 1.0
48005 500 1.0
49825 519 1.0
51264 534 1.0
52117 542 0.0
52899 551 0.0
53301 555 0.0
53407 556 0.0
53523 557 0.0
53669 559 1.0
54967 572 0.0
55684 580 1.0
57518 599 0.0
58755 612 0.0
59232 617 1.0
59813 623 1.0
60255 627 0.0
60385 629 1.0
61677 642 0.0
61829 644 1.0
62810 654 0.0
64064 667 0.0
64130 668 1.0
68861 717 0.0
69267 721 0.0
70768 737 0.0
71761 747 0.0
71871 748 0.0
72096 751 1.0
72965 760 1.0
75365 785 1.0
75787 789 0.0
78912 822 1.0
81508 849 1.0
82484 859 0.0
82561 860 1.0
83000 864 0.0
83046 865 1.0
83623 871 1.0
83854 873 0.0
84227 877 0.0
84772 883 1.0
87460 911 1.0
88011 916 0.0
88947 926 0.0
89376 931 1.0
92584 964 0.0
93322 972 1.0
96197 1002 1.0
97152 1012 1.0
98936 1030 0.0
99748 1039 1.0
100421 1046 1.0
100731 1049 0.0
102434 1067 1.0
102558 1068 0.0
103535 1078 0.0
103680 1080 1.0
104070 1084 1.0
106369 1108 1.0
107453 1119 0.0
107738 1122 0.0
110592 1152 1.0
111457 1161 1.0
112087 1167 0.0
113571 1183 1.0
113666 1184 1.0
114624 1194 0.0
114721 1195 1.0
115587 1204 0.0
115693 1205 0.0
116347 1211 0.0
119237 1242 1.0
119715 1247 1.0
122519 1276 0.0
123459 1286 0.0
124611 1298 0.0
126057 1313 1.0
126730 1320 1.0
127109 1324 1.0
128265 1336 1.0
128840 1342 1.0
129896 1353 1.0
131967 1374 0.0
133551 1391 0.0
133638 1392 1.0
133783 1393 0.0
134696 1403 1.0
136139 1418 1.0
139397 1452 1.0
139777 1456 1.0
141061 1469 0.0
142464 1484 1.0
143467 1494 0.0
144197 1502 1.0
144672 1507 1.0
145413 1514 0.0
149217 1554 0.0
151817 1581 0.0
151878 1582 1.0
102 1 1.0
100 1 1.0
204 2 0.0
299 3 0.0
1183 12 0.0
1345 14 1.0
2688 28 1.0
2999 31 0.0
4608 48 1.0
4710 49 1.0
5094 53 1.0
5280 55 1.0
6727 70 1.0
7682 80 1.0
7686 80 1.0
8028 83 0.0
8166 85 1.0
8359 87 1.0
9702 101 1.0
9943 103 0.0
9993 104 1.0
10565 110 1.0
11809 123 1.0
12200 127 1.0
13551 141 0.0
13830 144 1.0
14496 151 1.0
14593 152 1.0
15091 157 0.0
15363 160 1.0
16424 171 0.0
17014 177 0.0
17221 179 0.0
17289 180 1.0
17673 184 1.0
17671 184 1.0
19117 199 0.0
19214 200 0.0
19681 205 1.0
20461 213 0.0
21121 220 1.0
21747 226 0.0
22474 234 0.0
22851 238 1.0
22849 238 1.0
23425 244 1.0
24145 251 0.0
24201 252 0.0
24202 252 0.0
24800 258 0.0
25288 263 0.0
25460 265 0.0
25449 265 0.0
25451 265 0.0
25448 265 0.0
26217 273 1.0
26597 277 1.0
26596 277 1.0
26696 278 1.0
26793 279 1.0
26999 281 0.0
29479 307 1.0
29867 311 0.0
29878 311 0.0
31986 333 0.0
32079 334 0.0
32641 340 1.0
32833 342 1.0
34176 356 1.0
34950 364 1.0
35465 369 0.0
35713 372 1.0
36044 375 0.0
37057 386 1.0
37153 387 1.0
38017 396 1.0
38237 398 0.0
38401 400 1.0
38698 403 1.0
39169 408 1.0
40225 419 1.0
42720 445 1.0
43010 448 1.0
43137 449 0.0
43253 450 0.0
43624 454 0.0
43799 456 0.0
44850 467 0.0
45894 478 1.0
46273 482 1.0
51073 532 1.0
51361 535 1.0
51360 535 1.0
51363 535 1.0
52123 542 0.0
52896 551 0.0
53089 553 1.0
53308 555 0.0
53394 556 0.0
53524 557 0.0
53665 559 1.0
54437 567 1.0
54943 572 0.0
55681 580 1.0
57543 599 0.0
58080 605 1.0
58087 605 1.0
58765 612 0.0
59809 623 1.0
60254 627 0.0
61675 642 0.0
61825 644 1.0
61948 645 0.0
61950 645 0.0
62807 654 0.0
63460 661 1.0
64050 667 0.0
64135 668 1.0
65479 682 1.0
65667 684 0.0
66529 693 1.0
68101 709 0.0
68369 712 0.0
68873 717 0.0
69255 721 0.0
69505 724 1.0
69509 724 1.0
69507 724 1.0
69891 728 1.0
69889 728 1.0
69888 728 1.0
70275 732 1.0
70781 737 0.0
71747 747 0.0
71876 748 0.0
72961 760 1.0
73440 765 1.0
74592 777 1.0
75174 783 1.0
75361 785 1.0
75756 789 0.0
78336 816 1.0
79488 828 1.0
81312 847 1.0
81511 849 1.0
82481 859 0.0
82968 864 0.0
83619 871 1.0
83851 873 0.0
83908 874 1.0
84259 877 0.0
84769 883 1.0
85457 890 0.0
85747 893 0.0
86793 904 1.0
87996 916 0.0
88915 926 0.0
89958 937 1.0
90065 938 0.0
91589 954 1.0
91587 954 1.0
92581 964 0.0
93314 972 1.0
93316 972 1.0
95234 992 1.0
95530 995 1.0
95529 995 1.0
95904 999 1.0
96193 1002 1.0
98597 1027 1.0
98933 1030 0.0
99853 1040 0.0
100727 1049 0.0
102555 1068 0.0
103528 1078 0.0
103880 1082 1.0
104454 1088 0.0
104553 1089 1.0
107452 1119 0.0
107735 1122 0.0
109152 1137 1.0
112066 1167 0.0
112512 1172 1.0
113289 1180 1.0
113569 1183 1.0
113953 1187 1.0
113952 1187 1.0
113959 1187 1.0
115623 1204 0.0
115714 1205 0.0
116297 1211 0.0
119233 1242 1.0
121261 1263 0.0
122544 1276 0.0
123456 1286 0.0
124608 1298 0.0
126052 1313 1.0
126722 1320 1.0
126724 1320 1.0
127105 1324 1.0
128260 1336 1.0
128836 1342 1.0
129696 1351 1.0
129890 1353 1.0
131962 1374 0.0
132288 1378 1.0
132289 1378 1.0
132291 1378 1.0
133571 1391 0.0
133634 1392 1.0
133780 1393 0.0
134112 1397 1.0
134690 1403 1.0
136137 1418 1.0
136233 1419 1.0
136704 1424 1.0
138627 1444 1.0
139393 1452 1.0
139707 1455 0.0
139706 1455 0.0
139704 1455 0.0
141060 1469 0.0
141222 1471 1.0
141220 1471 1.0
141512 1474 1.0
141505 1474 1.0
141797 1477 1.0
143466 1494 0.0
143906 1499 1.0
143910 1499 1.0
144193 1502 1.0
145408 1514 0.0
146113 1522 1.0
147941 1541 1.0
147937 1541 1.0
147939 1541 1.0
148911 1551 0.0
149206 1554 0.0
151201 1575 1.0
151597 1579 0.0
151589 1579 0.0
151812 1581 0.0
1445 15 1.0
30052 313 1.0
52706 549 1.0
76995 802 1.0
104166 1085 1.0
108869 1134 1.0
117889 1228 1.0
123651 1288 1.0
125764 1310 1.0
131428 1369 1.0
142565 1485 1.0
 fin motif
# 8 target:0 c+:52 c-:60 score:295.6017239297872 score+:296.6722303158902 score-:1479.079126035039 nb:5 =l_1c_17 l_1c_0 l_1c_18 l_1c_14 l_1c_5 
768 8 1.0
7018 73 0.0
8074 84 0.0
9127 95 1.0
11145 116 0.0
11333 118 1.0
11424 119 1.0
14019 146 1.0
15092 157 0.0
15174 158 0.0
17284 180 1.0
19504 203 0.0
19886 207 0.0
22950 239 0.0
23622 246 1.0
24198 252 0.0
25734 268 0.0
26504 276 1.0
27763 289 0.0
27946 291 1.0
29002 302 1.0
30534 318 1.0
30836 321 0.0
31218 325 0.0
32170 335 1.0
32465 338 0.0
33610 350 1.0
34481 359 0.0
41194 429 1.0
42935 447 0.0
47621 496 1.0
48778 508 1.0
50502 526 1.0
53862 561 0.0
54959 572 0.0
57225 596 1.0
57227 596 1.0
58383 608 0.0
59728 622 0.0
60006 625 1.0
60115 626 0.0
61261 638 0.0
62217 648 0.0
63657 663 1.0
64426 671 1.0
64992 677 0.0
67310 701 0.0
67690 705 1.0
67786 706 0.0
68372 712 0.0
68655 715 0.0
70197 731 0.0
71247 742 0.0
74217 773 1.0
75471 786 0.0
75566 787 0.0
76430 796 0.0
77188 804 1.0
77186 804 1.0
77472 807 1.0
78153 814 1.0
83243 867 1.0
87086 907 0.0
87183 908 0.0
88635 923 0.0
89193 929 1.0
90068 938 0.0
91897 957 0.0
93800 977 1.0
94190 981 0.0
94948 989 1.0
97443 1015 1.0
97832 1019 1.0
98603 1027 1.0
99264 1034 1.0
99502 1036 0.0
101382 1056 0.0
101871 1061 0.0
105905 1103 0.0
110022 1146 0.0
113762 1185 1.0
113764 1185 1.0
114458 1192 0.0
115877 1207 1.0
120864 1259 1.0
121070 1261 0.0
121931 1270 1.0
123375 1285 0.0
124326 1295 0.0
125967 1312 0.0
126155 1314 1.0
126341 1316 1.0
128170 1335 1.0
134016 1396 1.0
134794 1404 1.0
135362 1410 0.0
135955 1416 0.0
136136 1418 1.0
136519 1422 1.0
137423 1431 0.0
137952 1437 1.0
140839 1467 1.0
141135 1470 0.0
142967 1489 0.0
145545 1516 0.0
146784 1529 1.0
148916 1551 0.0
149387 1556 0.0
150943 1572 0.0
151598 1579 0.0
153427 1598 0.0
9125 95 1.0
14016 146 1.0
29285 305 1.0
35527 370 1.0
66919 697 1.0
149481 1557 1.0
 fin motif
# 9 target:0 c+:664 c-:204 score:218.04361617434267 score+:1362.490773741286 score-:1842.1867293248397 nb:2 =l_1c_15 l_1c_19 
8 0 1.0
773 8 1.0
1444 15 1.0
2401 25 1.0
2883 30 1.0
3031 31 0.0
3269 34 1.0
5092 53 1.0
5472 57 1.0
5482 57 1.0
5481 57 1.0
5669 59 1.0
6634 69 1.0
6724 70 1.0
6856 71 0.0
7396 77 1.0
7584 79 1.0
8261 86 1.0
8738 91 1.0
8837 92 1.0
9509 99 1.0
9696 101 1.0
10401 108 0.0
10756 112 1.0
10857 113 1.0
11234 117 1.0
11336 118 1.0
11622 121 1.0
12007 125 1.0
12385 129 1.0
12967 135 1.0
13152 137 1.0
13344 139 1.0
13555 141 0.0
13833 144 1.0
14022 146 1.0
14600 152 1.0
15562 162 1.0
15753 164 1.0
15945 166 1.0
16038 167 1.0
16235 169 1.0
16805 175 1.0
16903 176 1.0
17769 185 1.0
17859 186 1.0
18149 189 1.0
18336 191 1.0
19014 198 1.0
19132 199 0.0
19297 201 1.0
19968 208 1.0
19969 208 1.0
20165 210 1.0
20296 211 0.0
20510 213 0.0
20745 216 1.0
21222 221 1.0
21512 224 1.0
21606 225 1.0
21794 227 1.0
21888 228 1.0
21993 229 1.0
22080 230 1.0
22088 230 1.0
22205 231 0.0
22481 234 0.0
22656 236 0.0
23233 242 1.0
23624 246 1.0
23816 248 1.0
23909 249 1.0
24004 250 1.0
24206 252 0.0
24394 254 1.0
24680 257 0.0
24864 259 1.0
25300 263 0.0
25452 265 0.0
26019 271 1.0
26404 275 1.0
28611 298 1.0
29001 302 1.0
29671 309 1.0
29672 309 1.0
30059 313 1.0
30438 317 1.0
30631 319 1.0
30914 322 1.0
30912 322 1.0
31684 330 1.0
32169 335 1.0
32260 336 1.0
32357 337 1.0
32553 339 1.0
32738 341 1.0
32960 343 0.0
33416 348 1.0
33534 349 0.0
33799 352 1.0
33890 353 1.0
34371 358 1.0
34471 359 0.0
34571 360 1.0
34855 363 1.0
34947 364 1.0
35040 365 1.0
35331 368 1.0
35460 369 0.0
35919 374 0.0
36062 375 0.0
36307 378 0.0
36679 382 1.0
36871 384 1.0
37344 389 1.0
37832 394 1.0
38254 398 0.0
38499 401 1.0
38695 403 1.0
39368 410 1.0
39364 410 1.0
39463 411 1.0
39555 412 1.0
39679 413 0.0
39754 414 1.0
39947 416 1.0
40035 417 1.0
40704 424 1.0
41570 433 1.0
41673 434 1.0
41859 436 1.0
41863 436 1.0
42149 439 1.0
42240 440 1.0
42816 446 1.0
43131 449 0.0
43392 452 1.0
43619 454 0.0
43689 455 1.0
43831 456 0.0
43876 457 1.0
44358 462 1.0
44931 468 1.0
45312 472 0.0
45416 473 1.0
45512 474 1.0
45696 476 1.0
45888 478 1.0
45892 478 1.0
45994 479 1.0
46471 484 1.0
46760 487 1.0
46951 489 1.0
47334 493 1.0
47524 495 1.0
47623 496 1.0
48486 505 1.0
48679 507 1.0
48680 507 1.0
49062 511 1.0
50596 527 1.0
50984 531 1.0
51466 536 1.0
51553 537 1.0
51658 538 1.0
52226 544 1.0
52609 548 1.0
52705 549 1.0
52710 549 1.0
52802 550 1.0
53502 557 0.0
54538 568 1.0
54723 570 1.0
54848 571 0.0
54969 572 0.0
55209 575 1.0
55300 576 1.0
55592 579 1.0
56259 586 1.0
56358 587 1.0
57125 595 1.0
57218 596 1.0
57313 597 1.0
57565 599 0.0
58176 606 0.0
58279 607 1.0
58809 612 0.0
59335 618 1.0
59433 619 1.0
59620 621 1.0
59910 624 1.0
60290 628 1.0
60291 628 1.0
60390 629 1.0
60672 632 1.0
60778 633 1.0
61066 636 1.0
61674 642 0.0
62121 647 1.0
62841 654 0.0
62884 655 1.0
62980 656 1.0
63656 663 1.0
64618 673 1.0
65289 680 1.0
65672 684 0.0
65765 685 1.0
66057 688 1.0
66821 696 1.0
67104 699 1.0
67397 702 1.0
67491 703 1.0
67588 704 1.0
67688 705 1.0
67789 706 0.0
67971 708 1.0
68177 710 0.0
68368 712 0.0
68885 717 0.0
68936 718 1.0
69032 719 1.0
69314 722 1.0
70473 734 1.0
70807 737 0.0
71531 745 1.0
71769 747 0.0
71865 748 0.0
72102 751 1.0
72306 753 1.0
72484 755 1.0
72772 758 1.0
73540 766 1.0
73825 769 1.0
74216 773 1.0
74309 774 1.0
74496 776 1.0
74985 781 1.0
75075 782 1.0
75172 783 1.0
75367 785 1.0
75794 789 0.0
76233 794 1.0
76616 798 1.0
76800 800 1.0
77665 809 1.0
77777 810 0.0
77858 811 1.0
79144 824 0.0
79304 826 1.0
79593 829 1.0
80069 834 1.0
80742 841 0.0
81602 850 1.0
81888 853 1.0
81992 854 1.0
81985 854 1.0
82501 859 0.0
82566 860 1.0
82562 860 1.0
82955 864 0.0
83040 865 1.0
83912 874 1.0
84582 881 1.0
84774 883 1.0
84874 884 1.0
85063 886 1.0
85347 889 1.0
85456 890 0.0
85542 891 1.0
86022 896 1.0
86215 898 1.0
86307 899 1.0
86497 901 1.0
86695 903 1.0
86789 904 1.0
87274 909 0.0
87655 913 0.0
88516 922 1.0
88808 925 1.0
89473 932 1.0
89674 934 1.0
90055 938 0.0
90537 943 1.0
90913 947 1.0
91104 949 1.0
91395 952 1.0
91492 953 1.0
91684 955 1.0
92175 960 0.0
92449 963 1.0
93028 969 1.0
93224 971 1.0
93601 975 1.0
94275 982 1.0
94274 982 1.0
94466 984 1.0
94951 989 1.0
95331 993 1.0
95430 994 1.0
96586 1006 1.0
96969 1010 1.0
97633 1017 1.0
97736 1018 1.0
97824 1019 1.0
98121 1022 1.0
98216 1023 1.0
98793 1029 1.0
98983 1031 1.0
99177 1033 1.0
99268 1034 1.0
100515 1047 1.0
100757 1049 0.0
100809 1050 1.0
100898 1051 1.0
100903 1051 1.0
101482 1057 1.0
101664 1059 1.0
102147 1064 1.0
102250 1065 1.0
102818 1071 1.0
102920 1072 1.0
103300 1076 1.0
103301 1076 1.0
104165 1085 1.0
104936 1093 1.0
104930 1093 1.0
105124 1095 1.0
105422 1098 1.0
107451 1119 0.0
108388 1129 1.0
108481 1130 1.0
108771 1133 1.0
108967 1135 1.0
109065 1136 1.0
109064 1136 1.0
109353 1139 1.0
109442 1140 1.0
109543 1141 1.0
109632 1142 1.0
110121 1147 1.0
110311 1149 1.0
110500 1151 1.0
110691 1153 1.0
111265 1159 1.0
111367 1160 1.0
111658 1163 1.0
111940 1166 1.0
112613 1173 1.0
112611 1173 1.0
112610 1173 1.0
112614 1173 1.0
112907 1176 1.0
113282 1180 1.0
113281 1180 1.0
113479 1182 1.0
114244 1190 1.0
114640 1194 0.0
114826 1196 1.0
115009 1198 1.0
115598 1204 0.0
115690 1205 0.0
115876 1207 1.0
116456 1213 1.0
116645 1215 1.0
116742 1216 1.0
117024 1219 1.0
117985 1229 1.0
118088 1230 1.0
118662 1236 1.0
119136 1241 1.0
119717 1247 1.0
119811 1248 1.0
120001 1250 1.0
120197 1252 1.0
120288 1253 1.0
120389 1254 0.0
120582 1256 1.0
120870 1259 1.0
120960 1260 1.0
121538 1266 1.0
122793 1279 1.0
123484 1286 0.0
123557 1287 1.0
123846 1290 1.0
123944 1291 1.0
124231 1294 1.0
124230 1294 1.0
124328 1295 0.0
124805 1300 1.0
124899 1301 1.0
124997 1302 1.0
125185 1304 1.0
125476 1307 1.0
125669 1309 1.0
126273 1315 0.0
126346 1316 1.0
127681 1330 1.0
128939 1343 1.0
129700 1351 1.0
129796 1352 1.0
130085 1355 1.0
130371 1358 1.0
130954 1364 1.0
131042 1365 1.0
131141 1366 1.0
131244 1367 0.0
131523 1370 1.0
131808 1373 1.0
132098 1376 1.0
132102 1376 1.0
132294 1378 1.0
132868 1384 1.0
132963 1385 1.0
133248 1388 1.0
133440 1390 1.0
133569 1391 0.0
133828 1394 1.0
133930 1395 1.0
134119 1397 1.0
134217 1398 1.0
134401 1400 1.0
135078 1407 1.0
136613 1423 1.0
136907 1426 1.0
137000 1427 1.0
138148 1439 1.0
138151 1439 1.0
138336 1441 1.0
138628 1444 1.0
139301 1451 1.0
140070 1459 1.0
140266 1461 1.0
140354 1462 1.0
140937 1468 1.0
141608 1475 1.0
141706 1476 1.0
142368 1483 1.0
143239 1492 1.0
143333 1493 1.0
143716 1497 1.0
144004 1500 1.0
144101 1501 1.0
144199 1502 1.0
144487 1505 1.0
144674 1507 1.0
144778 1508 1.0
145065 1511 1.0
145056 1511 1.0
145400 1514 0.0
145732 1518 1.0
145830 1519 1.0
147077 1532 1.0
147361 1535 1.0
147849 1540 1.0
148340 1545 0.0
148519 1547 1.0
148915 1551 0.0
149238 1554 0.0
149570 1558 1.0
149665 1559 1.0
149858 1561 1.0
150049 1563 1.0
150149 1564 1.0
150435 1567 1.0
150624 1569 1.0
151014 1573 1.0
151106 1574 1.0
151301 1576 1.0
151495 1578 1.0
151744 1580 0.0
151879 1582 1.0
152070 1584 1.0
152260 1586 1.0
152455 1588 1.0
152649 1590 1.0
152743 1591 1.0
153123 1595 1.0
153120 1595 1.0
208 2 0.0
313 3 0.0
390 4 1.0
481 5 1.0
484 5 1.0
1164 12 0.0
1536 16 1.0
1732 18 1.0
1826 19 1.0
2312 24 1.0
3188 33 0.0
3745 39 1.0
4128 43 1.0
5778 60 0.0
6254 65 0.0
6344 66 1.0
6432 67 1.0
6861 71 0.0
6918 72 1.0
6917 72 1.0
7492 78 1.0
9223 96 0.0
9414 98 1.0
9932 103 0.0
10179 106 1.0
10384 108 0.0
10761 112 1.0
11527 120 0.0
11815 123 1.0
12298 128 1.0
12388 129 1.0
12486 130 1.0
12678 132 1.0
13062 136 0.0
14324 149 0.0
14506 151 1.0
14788 154 1.0
16138 168 1.0
16810 175 1.0
16904 176 1.0
17052 177 0.0
17229 179 0.0
17765 185 1.0
17856 186 1.0
17962 187 1.0
18152 189 1.0
18535 193 1.0
19010 198 1.0
19147 199 0.0
19240 200 0.0
19302 201 1.0
19399 202 0.0
19776 206 1.0
20301 211 0.0
20467 213 0.0
20559 214 0.0
21707 226 0.0
21989 229 1.0
22755 237 1.0
23242 242 1.0
23331 243 1.0
24112 251 0.0
24209 252 0.0
24785 258 0.0
25249 263 0.0
25643 267 1.0
25922 270 1.0
26987 281 0.0
28133 293 1.0
28135 293 1.0
28231 294 1.0
28712 299 1.0
29094 303 1.0
29289 305 1.0
29774 310 0.0
29882 311 0.0
30243 315 1.0
30919 322 1.0
31305 326 1.0
31589 329 1.0
31982 333 0.0
32362 337 1.0
32555 339 1.0
32746 341 1.0
33413 348 1.0
33699 351 1.0
33801 352 1.0
34094 355 0.0
34757 362 1.0
34946 364 1.0
35043 365 1.0
35334 368 1.0
36342 378 0.0
36872 384 1.0
37743 393 0.0
38130 397 0.0
38214 398 0.0
38788 404 1.0
38891 405 1.0
39175 408 1.0
39265 409 1.0
39367 410 1.0
39556 412 1.0
40426 421 1.0
40609 423 1.0
40806 425 1.0
41476 432 1.0
41959 437 1.0
41953 437 1.0
42340 441 1.0
42825 446 1.0
43211 450 0.0
43813 456 0.0
44266 461 1.0
44452 463 1.0
44546 464 1.0
44750 466 0.0
44833 467 0.0
44934 468 1.0
45603 475 1.0
45898 478 1.0
45989 479 1.0
46473 484 1.0
47054 490 0.0
48291 503 1.0
48965 510 1.0
49732 518 1.0
50695 528 1.0
50792 529 0.0
50976 531 1.0
51265 534 1.0
51371 535 1.0
51841 540 1.0
52224 544 1.0
52520 547 1.0
52804 550 1.0
52925 551 0.0
53000 552 1.0
53316 555 0.0
53411 556 0.0
54158 564 0.0
54337 566 1.0
54340 566 1.0
54532 568 1.0
54628 569 1.0
54830 571 0.0
54912 572 0.0
55406 577 0.0
55497 578 1.0
55881 582 1.0
56648 590 1.0
56743 591 1.0
56839 592 1.0
57221 596 1.0
57795 602 1.0
57893 603 1.0
57990 604 1.0
57992 604 1.0
58667 611 1.0
58780 612 0.0
58854 613 1.0
60864 634 0.0
61446 640 1.0
61632 642 0.0
62031 646 0.0
62225 648 0.0
62401 650 1.0
62784 654 0.0
63361 660 1.0
63658 663 1.0
64042 667 0.0
64323 670 1.0
64326 670 1.0
64420 671 1.0
65472 682 1.0
65675 684 0.0
65767 685 1.0
65860 686 1.0
65958 687 0.0
66059 688 1.0
66241 690 1.0
66337 691 1.0
66338 691 1.0
66823 696 1.0
66923 697 1.0
67022 698 0.0
67400 702 1.0
67401 702 1.0
69230 721 0.0
69512 724 1.0
69697 726 1.0
70763 737 0.0
71048 740 1.0
72779 758 1.0
73248 763 1.0
73830 769 1.0
74118 772 1.0
74215 773 1.0
74313 774 1.0
74407 775 0.0
74505 776 1.0
74883 780 0.0
75073 782 1.0
76708 799 1.0
76809 800 1.0
77194 804 1.0
77393 806 0.0
77575 808 1.0
77670 809 1.0
77765 810 0.0
78058 813 1.0
79155 824 0.0
79595 829 1.0
79776 831 1.0
79880 832 1.0
80264 836 1.0
80367 837 0.0
80449 838 1.0
80654 840 0.0
80840 842 1.0
80938 843 1.0
81319 847 1.0
81705 851 1.0
82084 855 1.0
82183 856 1.0
82670 861 0.0
83236 867 1.0
83719 872 1.0
83843 873 0.0
84236 877 0.0
85251 888 1.0
85354 889 1.0
85642 892 1.0
85934 895 0.0
86309 899 1.0
86415 900 0.0
87272 909 0.0
88238 919 0.0
88811 925 1.0
88939 926 0.0
88997 927 1.0
90149 939 1.0
90244 940 1.0
90442 942 1.0
90628 944 1.0
90629 944 1.0
90923 947 1.0
91203 950 1.0
92072 959 1.0
92359 962 1.0
92587 964 0.0
92646 965 1.0
93121 970 1.0
94083 980 1.0
94473 984 1.0
94851 988 1.0
95650 996 0.0
95813 998 0.0
95915 999 1.0
96392 1004 1.0
97061 1011 1.0
97063 1011 1.0
98920 1030 0.0
99097 1032 0.0
99747 1039 1.0
100046 1042 0.0
100227 1044 1.0
100513 1047 1.0
100904 1051 1.0
102564 1068 0.0
102918 1072 1.0
102912 1072 1.0
104654 1090 0.0
104737 1091 0.0
104840 1092 1.0
105129 1095 1.0
105512 1099 1.0
106763 1112 1.0
106848 1113 1.0
107621 1121 1.0
107740 1122 0.0
108006 1125 1.0
108100 1126 1.0
108206 1127 0.0
108486 1130 1.0
108577 1131 1.0
108681 1132 1.0
108768 1133 1.0
108969 1135 1.0
109738 1143 1.0
109926 1145 1.0
110406 1150 1.0
110506 1151 1.0
111179 1158 1.0
111270 1159 1.0
111368 1160 1.0
111752 1164 1.0
112078 1167 0.0
112142 1168 0.0
112418 1171 1.0
113283 1180 1.0
113376 1181 1.0
113769 1185 1.0
114149 1189 1.0
114350 1191 0.0
114648 1194 0.0
115011 1198 1.0
115493 1203 1.0
115873 1207 1.0
115969 1208 1.0
116455 1213 1.0
116741 1216 1.0
117128 1220 1.0
117223 1221 1.0
117319 1222 1.0
117611 1225 1.0
117888 1228 1.0
117988 1229 1.0
118286 1232 0.0
118656 1236 1.0
118947 1239 1.0
119050 1240 1.0
119146 1241 1.0
119337 1243 1.0
119434 1244 1.0
119808 1248 1.0
119918 1249 0.0
120198 1252 1.0
120486 1255 1.0
120773 1258 1.0
120874 1259 1.0
121166 1262 0.0
121445 1265 1.0
121546 1266 1.0
121929 1270 1.0
122304 1274 1.0
122537 1276 0.0
122624 1277 0.0
122794 1279 1.0
122887 1280 1.0
123840 1290 1.0
124043 1292 1.0
124130 1293 1.0
124416 1296 1.0
124515 1297 1.0
124647 1298 0.0
125287 1305 1.0
125381 1306 1.0
125481 1307 1.0
125482 1307 1.0
126055 1313 1.0
126149 1314 1.0
126255 1315 0.0
127588 1329 1.0
127684 1330 1.0
127777 1331 1.0
128362 1337 1.0
128750 1341 0.0
128841 1342 1.0
129797 1352 1.0
130564 1360 1.0
131044 1365 1.0
131427 1369 1.0
131520 1370 1.0
131633 1371 0.0
131918 1374 0.0
132775 1383 0.0
133760 1393 0.0
133829 1394 1.0
134312 1399 1.0
135168 1408 1.0
136040 1417 1.0
136226 1419 1.0
137192 1429 1.0
137287 1430 1.0
137479 1432 1.0
138050 1438 1.0
138250 1440 1.0
138341 1441 1.0
138437 1442 1.0
139214 1450 0.0
139303 1451 1.0
140939 1468 1.0
141073 1469 0.0
141511 1474 1.0
141998 1479 0.0
142085 1480 1.0
142373 1483 1.0
143144 1491 1.0
143527 1495 1.0
143815 1498 0.0
144297 1503 1.0
144970 1510 1.0
145153 1512 1.0
145256 1513 1.0
145736 1518 1.0
146311 1524 0.0
146406 1525 1.0
146502 1526 1.0
146791 1529 1.0
147270 1534 1.0
147267 1534 1.0
147938 1541 1.0
148041 1542 1.0
148731 1549 0.0
149185 1554 0.0
149483 1557 1.0
149669 1559 1.0
149671 1559 1.0
149960 1562 1.0
150057 1563 1.0
150720 1570 1.0
151011 1573 1.0
151015 1573 1.0
151712 1580 0.0
151782 1581 0.0
151979 1583 1.0
153127 1595 1.0
153224 1596 1.0
153515 1599 1.0
153512 1599 1.0
1058 11 1.0
1258 13 0.0
1920 20 1.0
2118 22 1.0
2116 22 1.0
2599 27 1.0
3847 40 1.0
4035 42 1.0
4227 44 0.0
4614 48 1.0
5089 53 1.0
5094 53 1.0
6531 68 0.0
6727 70 1.0
7680 80 1.0
7681 80 1.0
7781 81 1.0
7995 83 0.0
8552 89 1.0
9511 99 1.0
9801 102 0.0
9913 103 0.0
10664 111 1.0
10762 112 1.0
10858 113 1.0
10856 113 1.0
10946 114 1.0
11151 116 0.0
11236 117 1.0
11337 118 1.0
11335 118 1.0
11812 123 1.0
11809 123 1.0
12199 127 1.0
12200 127 1.0
12769 133 1.0
12871 134 1.0
12962 135 1.0
13351 139 1.0
13635 142 1.0
13922 145 1.0
14023 146 1.0
14021 146 1.0
14401 150 1.0
14593 152 1.0
15181 158 0.0
16806 175 1.0
17674 184 1.0
18153 189 1.0
18721 195 1.0
18724 195 1.0
19226 200 0.0
19887 207 0.0
19973 208 1.0
19970 208 1.0
20160 210 1.0
21793 227 1.0
21984 229 1.0
21994 229 1.0
22084 230 1.0
22657 236 0.0
23238 242 1.0
23904 249 1.0
24681 257 0.0
25735 268 0.0
26120 272 1.0
26216 273 1.0
26217 273 1.0
26210 273 1.0
27175 283 1.0
28138 293 1.0
28419 296 1.0
28708 299 1.0
28908 301 0.0
29088 303 1.0
30921 322 1.0
31216 325 0.0
31880 332 1.0
32741 341 1.0
36772 383 0.0
37639 392 0.0
38309 399 1.0
38698 403 1.0
39041 406 0.0
40804 425 1.0
40907 426 0.0
41002 427 1.0
41093 428 1.0
41958 437 1.0
42635 444 0.0
43225 450 0.0
44162 460 1.0
45601 475 1.0
45897 478 1.0
45894 478 1.0
50314 524 0.0
51269 534 1.0
52039 542 0.0
52427 546 1.0
53865 561 0.0
55210 575 1.0
55781 581 1.0
56644 590 1.0
57318 597 1.0
57312 597 1.0
58471 609 1.0
59237 617 1.0
59622 621 1.0
60195 627 0.0
60296 628 1.0
60483 630 1.0
61263 638 0.0
61253 638 0.0
61449 640 1.0
61547 641 0.0
62402 650 1.0
65571 683 1.0
65768 685 1.0
65861 686 1.0
66150 689 1.0
66148 689 1.0
67202 700 1.0
67790 706 0.0
68259 711 0.0
68545 714 1.0
68657 715 0.0
69705 726 1.0
69894 728 1.0
71248 742 0.0
71627 746 0.0
72677 757 1.0
74698 778 1.0
75174 783 1.0
75170 783 1.0
75840 790 1.0
78626 819 1.0
79265 825 0.0
79783 831 1.0
80459 838 1.0
81321 847 1.0
81605 850 1.0
81988 854 1.0
83333 868 1.0
83907 874 1.0
85632 892 1.0
87184 908 0.0
87561 912 1.0
87963 916 0.0
89570 933 1.0
89958 937 1.0
89954 937 1.0
90627 944 1.0
90724 945 1.0
90914 947 1.0
90915 947 1.0
91008 948 1.0
91586 954 1.0
91591 954 1.0
91901 957 0.0
92067 959 1.0
92160 960 0.0
92454 963 1.0
92450 963 1.0
92753 966 0.0
94084 980 1.0
94667 986 0.0
94850 988 1.0
95432 994 1.0
95531 995 1.0
96007 1000 1.0
97931 1020 1.0
102729 1070 0.0
102921 1072 1.0
102919 1072 1.0
103686 1080 1.0
104550 1089 1.0
105794 1102 0.0
106473 1109 0.0
106661 1111 1.0
107047 1115 0.0
107335 1118 0.0
107818 1123 0.0
108480 1130 1.0
109060 1136 1.0
110791 1154 1.0
111073 1157 1.0
111459 1161 1.0
112327 1170 1.0
113289 1180 1.0
113955 1187 1.0
114924 1197 0.0
115015 1198 1.0
115784 1206 1.0
116261 1211 0.0
116832 1217 1.0
117409 1223 1.0
117508 1224 1.0
119621 1246 1.0
119814 1248 1.0
120777 1258 1.0
120965 1260 1.0
122127 1272 0.0
122213 1273 1.0
124129 1293 1.0
124330 1295 0.0
124807 1300 1.0
124808 1300 1.0
126533 1318 1.0
126825 1321 0.0
127208 1325 1.0
127210 1325 1.0
127489 1328 1.0
128065 1334 0.0
128166 1335 1.0
129509 1349 1.0
130374 1358 1.0
130560 1360 1.0
132864 1384 1.0
134599 1402 1.0
134601 1402 1.0
134883 1405 0.0
135375 1410 0.0
135654 1413 0.0
137572 1433 1.0
137763 1435 1.0
137957 1437 1.0
138624 1444 1.0
139875 1457 1.0
141514 1474 1.0
141508 1474 1.0
141505 1474 1.0
143336 1493 1.0
143335 1493 1.0
144488 1505 1.0
145063 1511 1.0
145538 1516 0.0
145924 1520 1.0
147363 1535 1.0
147362 1535 1.0
149672 1559 1.0
150054 1563 1.0
151800 1581 0.0
153125 1595 1.0
153128 1595 1.0
153315 1597 1.0
3189 33 0.0
5779 60 0.0
6255 65 0.0
6862 71 0.0
9224 96 0.0
11528 120 0.0
14325 149 0.0
19400 202 0.0
20302 211 0.0
29775 310 0.0
31306 326 1.0
34095 355 0.0
37744 393 0.0
38131 397 0.0
44751 466 0.0
47055 490 0.0
54159 564 0.0
55407 577 0.0
62032 646 0.0
62229 648 0.0
67023 698 0.0
74408 775 0.0
77394 806 0.0
79156 824 0.0
80368 837 0.0
80655 840 0.0
82671 861 0.0
85935 895 0.0
86416 900 0.0
88239 919 0.0
95651 996 0.0
95814 998 0.0
99108 1032 0.0
100047 1042 0.0
104671 1090 0.0
108207 1127 0.0
112143 1168 0.0
114353 1191 0.0
118308 1232 0.0
119919 1249 0.0
121167 1262 0.0
122607 1277 0.0
128751 1341 0.0
131634 1371 0.0
132776 1383 0.0
139215 1450 0.0
142000 1479 0.0
146312 1524 0.0
151713 1580 0.0
40232 419 1.0
81505 849 1.0
136713 1424 1.0
 fin motif
