# 0 target:1 c+:263 c-:26 score:162.97786192830506 score+:1307.8501444882609 score-:558.1519796180576 nb:6 =l_1c_13 l_1c_0 l_1c_10 l_1c_18 l_1c_15 l_1c_19 
8 0 1.0
773 8 1.0
2883 30 1.0
3269 34 1.0
5482 57 1.0
5481 57 1.0
5669 59 1.0
6634 69 1.0
6724 70 1.0
8738 91 1.0
9696 101 1.0
10756 112 1.0
12007 125 1.0
12967 135 1.0
13152 137 1.0
13344 139 1.0
13555 141 0.0
13833 144 1.0
14022 146 1.0
14600 152 1.0
16038 167 1.0
17769 185 1.0
18336 191 1.0
19969 208 1.0
20165 210 1.0
20745 216 1.0
21222 221 1.0
21512 224 1.0
21794 227 1.0
21888 228 1.0
22080 230 1.0
22205 231 0.0
22656 236 0.0
23233 242 1.0
23624 246 1.0
23816 248 1.0
23909 249 1.0
24004 250 1.0
24394 254 1.0
24680 257 0.0
24864 259 1.0
25452 265 0.0
26019 271 1.0
26404 275 1.0
28611 298 1.0
29001 302 1.0
29672 309 1.0
30059 313 1.0
30438 317 1.0
30631 319 1.0
30912 322 1.0
32169 335 1.0
32260 336 1.0
32553 339 1.0
32960 343 0.0
33416 348 1.0
33534 349 0.0
34471 359 0.0
34571 360 1.0
35919 374 0.0
36679 382 1.0
39368 410 1.0
39463 411 1.0
39754 414 1.0
40035 417 1.0
40704 424 1.0
41863 436 1.0
42149 439 1.0
43392 452 1.0
45312 472 0.0
45512 474 1.0
45696 476 1.0
45888 478 1.0
45994 479 1.0
46471 484 1.0
46760 487 1.0
46951 489 1.0
47334 493 1.0
48486 505 1.0
48680 507 1.0
49062 511 1.0
52710 549 1.0
55300 576 1.0
55592 579 1.0
57313 597 1.0
57565 599 0.0
58176 606 0.0
59335 618 1.0
59620 621 1.0
60291 628 1.0
60390 629 1.0
60778 633 1.0
61066 636 1.0
62121 647 1.0
62884 655 1.0
64618 673 1.0
66057 688 1.0
66821 696 1.0
67104 699 1.0
67491 703 1.0
67588 704 1.0
67789 706 0.0
68177 710 0.0
68368 712 0.0
68936 718 1.0
70473 734 1.0
71531 745 1.0
71769 747 0.0
71865 748 0.0
72102 751 1.0
72306 753 1.0
72484 755 1.0
72772 758 1.0
74216 773 1.0
74309 774 1.0
74985 781 1.0
76616 798 1.0
79304 826 1.0
79593 829 1.0
81602 850 1.0
81888 853 1.0
81985 854 1.0
82562 860 1.0
84582 881 1.0
84774 883 1.0
84874 884 1.0
85456 890 0.0
86022 896 1.0
86695 903 1.0
86789 904 1.0
89674 934 1.0
90055 938 0.0
90537 943 1.0
91104 949 1.0
91684 955 1.0
92175 960 0.0
92449 963 1.0
93028 969 1.0
94274 982 1.0
95331 993 1.0
96586 1006 1.0
98121 1022 1.0
98793 1029 1.0
98983 1031 1.0
100809 1050 1.0
100903 1051 1.0
101482 1057 1.0
101664 1059 1.0
102250 1065 1.0
103300 1076 1.0
104936 1093 1.0
108967 1135 1.0
109064 1136 1.0
109353 1139 1.0
109543 1141 1.0
110121 1147 1.0
110691 1153 1.0
111940 1166 1.0
112611 1173 1.0
112907 1176 1.0
113282 1180 1.0
113479 1182 1.0
116456 1213 1.0
116742 1216 1.0
118088 1230 1.0
118662 1236 1.0
119717 1247 1.0
120001 1250 1.0
120582 1256 1.0
120960 1260 1.0
123944 1291 1.0
124328 1295 0.0
124805 1300 1.0
129700 1351 1.0
130371 1358 1.0
130954 1364 1.0
131141 1366 1.0
131808 1373 1.0
132098 1376 1.0
132294 1378 1.0
132868 1384 1.0
132963 1385 1.0
133248 1388 1.0
133440 1390 1.0
134119 1397 1.0
134217 1398 1.0
136907 1426 1.0
137000 1427 1.0
138151 1439 1.0
139301 1451 1.0
140070 1459 1.0
140266 1461 1.0
140937 1468 1.0
141706 1476 1.0
143239 1492 1.0
143333 1493 1.0
144004 1500 1.0
144199 1502 1.0
144487 1505 1.0
144778 1508 1.0
145065 1511 1.0
145400 1514 0.0
147077 1532 1.0
148519 1547 1.0
148915 1551 0.0
150049 1563 1.0
150149 1564 1.0
151014 1573 1.0
151106 1574 1.0
151301 1576 1.0
151495 1578 1.0
151879 1582 1.0
152070 1584 1.0
152455 1588 1.0
152743 1591 1.0
153120 1595 1.0
1732 18 1.0
3745 39 1.0
12298 128 1.0
25643 267 1.0
28231 294 1.0
32555 339 1.0
36872 384 1.0
38891 405 1.0
40806 425 1.0
41953 437 1.0
45603 475 1.0
50792 529 0.0
51371 535 1.0
53000 552 1.0
57992 604 1.0
63361 660 1.0
65860 686 1.0
66059 688 1.0
66241 690 1.0
66923 697 1.0
71048 740 1.0
78058 813 1.0
79595 829 1.0
79880 832 1.0
81705 851 1.0
82183 856 1.0
88811 925 1.0
90244 940 1.0
92072 959 1.0
92359 962 1.0
94473 984 1.0
102912 1072 1.0
105129 1095 1.0
108577 1131 1.0
108681 1132 1.0
109926 1145 1.0
110406 1150 1.0
111179 1158 1.0
111368 1160 1.0
117611 1225 1.0
138250 1440 1.0
140939 1468 1.0
143144 1491 1.0
144297 1503 1.0
146502 1526 1.0
149483 1557 1.0
151015 1573 1.0
153512 1599 1.0
1920 20 1.0
4035 42 1.0
5089 53 1.0
7781 81 1.0
8552 89 1.0
10664 111 1.0
10856 113 1.0
11335 118 1.0
12871 134 1.0
14023 146 1.0
14021 146 1.0
16806 175 1.0
19970 208 1.0
21793 227 1.0
21984 229 1.0
27175 283 1.0
40804 425 1.0
44162 460 1.0
45601 475 1.0
57312 597 1.0
58471 609 1.0
65861 686 1.0
71627 746 0.0
72677 757 1.0
75170 783 1.0
89570 933 1.0
90915 947 1.0
92067 959 1.0
92450 963 1.0
95432 994 1.0
96007 1000 1.0
97931 1020 1.0
102919 1072 1.0
103686 1080 1.0
104550 1089 1.0
111459 1161 1.0
112327 1170 1.0
122213 1273 1.0
124807 1300 1.0
127489 1328 1.0
135654 1413 0.0
137763 1435 1.0
143335 1493 1.0
147363 1535 1.0
153125 1595 1.0
 fin motif
# 1 target:1 c+:180 c-:22 score:128.39230436109702 score+:568.2797356473392 score-:285.8166660529257 nb:2 =l_1c_1 l_1c_15 
5472 57 1.0
11622 121 1.0
124231 1294 1.0
44546 464 1.0
2214 23 1.0
2217 23 1.0
2497 26 1.0
10560 110 1.0
11624 121 1.0
12000 125 1.0
13065 136 0.0
16708 174 1.0
25829 269 1.0
31585 329 1.0
46664 486 1.0
60385 629 1.0
63072 657 1.0
64130 668 1.0
72096 751 1.0
80071 834 1.0
80928 843 1.0
86118 897 1.0
90245 940 1.0
95046 990 1.0
95040 990 1.0
124422 1296 1.0
129314 1347 1.0
142852 1488 1.0
144672 1507 1.0
2688 28 1.0
2690 28 1.0
4710 49 1.0
4712 49 1.0
5094 53 1.0
5280 55 1.0
5575 58 1.0
6727 70 1.0
7682 80 1.0
7877 82 1.0
9608 100 1.0
9993 104 1.0
10565 110 1.0
11809 123 1.0
12200 127 1.0
13551 141 0.0
13553 141 0.0
13830 144 1.0
13835 144 1.0
14496 151 1.0
14593 152 1.0
14984 156 1.0
15094 157 0.0
15091 157 0.0
15365 160 1.0
15363 160 1.0
16424 171 0.0
16425 171 0.0
25460 265 0.0
25448 265 0.0
25462 265 0.0
26217 273 1.0
26793 279 1.0
29881 311 0.0
29878 311 0.0
32081 334 0.0
32079 334 0.0
34176 356 1.0
35910 374 0.0
36875 384 1.0
36873 384 1.0
38017 396 1.0
38698 403 1.0
40225 419 1.0
40518 422 0.0
44454 463 1.0
45894 478 1.0
47915 499 1.0
51073 532 1.0
51361 535 1.0
52133 543 1.0
58080 605 1.0
58087 605 1.0
63947 666 1.0
64135 668 1.0
65479 682 1.0
66529 693 1.0
66532 693 1.0
68101 709 0.0
68103 709 0.0
68369 712 0.0
68371 712 0.0
69507 724 1.0
69889 728 1.0
71338 743 1.0
73440 765 1.0
75174 783 1.0
79488 828 1.0
81511 849 1.0
83908 874 1.0
84676 882 1.0
84867 884 1.0
84872 884 1.0
85457 890 0.0
85459 890 0.0
85747 893 0.0
85749 893 0.0
86793 904 1.0
88805 925 1.0
88806 925 1.0
89958 937 1.0
90067 938 0.0
90065 938 0.0
93314 972 1.0
93318 972 1.0
95529 995 1.0
95906 999 1.0
95904 999 1.0
96960 1010 1.0
99855 1040 0.0
99853 1040 0.0
104454 1088 0.0
104466 1088 0.0
104555 1089 1.0
104553 1089 1.0
111937 1166 1.0
112512 1172 1.0
113289 1180 1.0
113959 1187 1.0
119338 1243 1.0
121262 1263 0.0
121261 1263 0.0
125864 1311 1.0
125862 1311 1.0
126726 1320 1.0
126722 1320 1.0
129698 1351 1.0
129696 1351 1.0
129890 1353 1.0
132289 1378 1.0
134114 1397 1.0
134112 1397 1.0
136230 1419 1.0
136233 1419 1.0
136704 1424 1.0
138145 1439 1.0
138144 1439 1.0
138627 1444 1.0
139707 1455 0.0
140647 1465 1.0
141512 1474 1.0
141505 1474 1.0
141797 1477 1.0
141799 1477 1.0
142568 1485 1.0
142756 1487 1.0
146113 1522 1.0
147937 1541 1.0
147939 1541 1.0
148913 1551 0.0
148911 1551 0.0
151201 1575 1.0
1445 15 1.0
4133 43 1.0
9034 94 1.0
13927 145 1.0
15745 164 1.0
17953 187 1.0
18241 190 1.0
20353 212 1.0
21313 222 1.0
24482 255 1.0
28424 296 1.0
29384 306 1.0
30052 313 1.0
30536 318 1.0
31114 324 1.0
34273 357 1.0
34369 358 1.0
34763 362 1.0
39361 410 1.0
39559 412 1.0
42443 442 1.0
43642 454 0.0
45801 477 1.0
47530 495 1.0
47808 498 1.0
47815 498 1.0
50504 526 1.0
51177 533 1.0
52615 548 1.0
52706 549 1.0
55115 574 1.0
57888 603 1.0
58278 607 1.0
60488 630 1.0
64811 675 1.0
65387 681 1.0
65683 684 0.0
66722 695 1.0
70081 730 1.0
72010 750 1.0
74977 781 1.0
76995 802 1.0
83239 867 1.0
83909 874 1.0
84008 875 1.0
84298 878 1.0
85345 889 1.0
86305 899 1.0
86697 903 1.0
89479 932 1.0
90823 946 1.0
93793 977 1.0
97353 1014 1.0
97642 1017 1.0
98695 1028 1.0
100993 1052 1.0
104166 1085 1.0
105025 1094 1.0
105315 1097 1.0
105603 1100 1.0
108869 1134 1.0
113960 1187 1.0
115777 1206 1.0
117889 1228 1.0
119339 1243 1.0
120772 1258 1.0
122984 1281 1.0
123175 1283 1.0
123651 1288 1.0
127403 1327 1.0
130186 1356 1.0
130378 1358 1.0
130666 1361 1.0
131329 1368 1.0
131428 1369 1.0
134216 1398 1.0
136234 1419 1.0
136513 1422 1.0
138147 1439 1.0
138631 1444 1.0
139112 1449 1.0
139971 1458 1.0
142565 1485 1.0
143521 1495 1.0
144103 1501 1.0
145444 1515 1.0
148139 1543 1.0
149962 1562 1.0
151013 1573 1.0
37254 388 1.0
57563 599 0.0
 fin motif
# 2 target:1 c+:114 c-:3 score:105.35766440981985 score+:339.9411395493758 score-:44.939679201880196 nb:3 =l_1c_7 l_1c_13 l_1c_6 
775 8 1.0
1063 11 1.0
4032 42 1.0
5472 57 1.0
5481 57 1.0
5863 61 1.0
6634 69 1.0
14022 146 1.0
16038 167 1.0
23816 248 1.0
24004 250 1.0
24864 259 1.0
27841 290 1.0
35809 373 1.0
37832 394 1.0
39463 411 1.0
39947 416 1.0
41673 434 1.0
41672 434 1.0
42149 439 1.0
45506 474 1.0
46951 489 1.0
48486 505 1.0
48674 507 1.0
55300 576 1.0
55592 579 1.0
58470 609 1.0
59335 618 1.0
62980 656 1.0
70473 734 1.0
72583 756 1.0
77955 812 1.0
79784 831 1.0
79973 833 1.0
86497 901 1.0
89671 934 1.0
90537 943 1.0
91104 949 1.0
93601 975 1.0
93600 975 1.0
94466 984 1.0
94567 985 1.0
95331 993 1.0
96586 1006 1.0
98216 1023 1.0
98983 1031 1.0
101664 1059 1.0
102144 1064 1.0
102147 1064 1.0
102250 1065 1.0
108388 1129 1.0
110691 1153 1.0
112328 1170 1.0
112614 1173 1.0
114630 1194 0.0
117024 1219 1.0
118662 1236 1.0
120582 1256 1.0
123557 1287 1.0
124231 1294 1.0
124230 1294 1.0
124899 1301 1.0
124896 1301 1.0
130085 1355 1.0
132098 1376 1.0
132102 1376 1.0
134403 1400 1.0
139712 1455 0.0
140167 1460 1.0
140354 1462 1.0
144004 1500 1.0
144674 1507 1.0
144778 1508 1.0
150247 1565 1.0
150435 1567 1.0
152455 1588 1.0
152743 1591 1.0
680 7 1.0
8355 87 1.0
26694 278 1.0
43973 458 1.0
54436 567 1.0
63456 661 1.0
70272 732 1.0
98593 1027 1.0
103879 1082 1.0
109153 1137 1.0
3937 41 1.0
8164 85 1.0
10560 110 1.0
17089 178 1.0
18818 196 1.0
33218 346 1.0
41862 436 1.0
43321 451 0.0
46561 485 1.0
48001 500 1.0
49825 519 1.0
51264 534 1.0
64130 668 1.0
78912 822 1.0
81508 849 1.0
82561 860 1.0
83046 865 1.0
87460 911 1.0
89376 931 1.0
97152 1012 1.0
99748 1039 1.0
100421 1046 1.0
102434 1067 1.0
103680 1080 1.0
104070 1084 1.0
106369 1108 1.0
110592 1152 1.0
111457 1161 1.0
113666 1184 1.0
114624 1194 0.0
114721 1195 1.0
119715 1247 1.0
129896 1353 1.0
139777 1456 1.0
142464 1484 1.0
144672 1507 1.0
151878 1582 1.0
125761 1310 1.0
125764 1310 1.0
79493 828 1.0
125766 1310 1.0
 fin motif
# 3 target:1 c+:126 c-:6 score:91.85545567768409 score+:337.6166128338729 score-:80.42133693635742 nb:3 =l_1c_16 l_1c_15 l_1c_18 
5481 57 1.0
6634 69 1.0
16038 167 1.0
23816 248 1.0
24004 250 1.0
24864 259 1.0
37832 394 1.0
39463 411 1.0
39947 416 1.0
41673 434 1.0
42149 439 1.0
46951 489 1.0
48486 505 1.0
55300 576 1.0
55592 579 1.0
59335 618 1.0
70473 734 1.0
86497 901 1.0
90537 943 1.0
91104 949 1.0
95331 993 1.0
96586 1006 1.0
98216 1023 1.0
98983 1031 1.0
101664 1059 1.0
102147 1064 1.0
102250 1065 1.0
108388 1129 1.0
110691 1153 1.0
117024 1219 1.0
118662 1236 1.0
120582 1256 1.0
124899 1301 1.0
130085 1355 1.0
132102 1376 1.0
140354 1462 1.0
144004 1500 1.0
144674 1507 1.0
144778 1508 1.0
152455 1588 1.0
152743 1591 1.0
106848 1113 1.0
153224 1596 1.0
2497 26 1.0
5191 54 1.0
13065 136 0.0
25829 269 1.0
31585 329 1.0
46279 482 1.0
50113 522 1.0
57027 594 1.0
57319 597 1.0
62497 651 1.0
82854 863 1.0
84963 885 1.0
90245 940 1.0
105216 1096 1.0
105701 1101 1.0
106758 1112 1.0
115017 1198 1.0
124422 1296 1.0
128449 1338 1.0
150055 1563 1.0
1920 20 1.0
4035 42 1.0
9511 99 1.0
10762 112 1.0
10858 113 1.0
11337 118 1.0
13351 139 1.0
14023 146 1.0
18153 189 1.0
19973 208 1.0
20160 210 1.0
21793 227 1.0
21994 229 1.0
22084 230 1.0
22657 236 0.0
23238 242 1.0
23904 249 1.0
24681 257 0.0
30921 322 1.0
41002 427 1.0
45897 478 1.0
55210 575 1.0
57318 597 1.0
58471 609 1.0
59622 621 1.0
60296 628 1.0
61449 640 1.0
62402 650 1.0
65768 685 1.0
65861 686 1.0
67790 706 0.0
68545 714 1.0
69705 726 1.0
79783 831 1.0
80459 838 1.0
81605 850 1.0
81988 854 1.0
89570 933 1.0
90627 944 1.0
90914 947 1.0
92160 960 0.0
92454 963 1.0
97931 1020 1.0
102921 1072 1.0
108480 1130 1.0
109060 1136 1.0
112327 1170 1.0
115015 1198 1.0
119814 1248 1.0
120777 1258 1.0
120965 1260 1.0
124330 1295 0.0
124808 1300 1.0
130374 1358 1.0
130560 1360 1.0
132864 1384 1.0
143336 1493 1.0
144488 1505 1.0
145063 1511 1.0
147362 1535 1.0
149672 1559 1.0
150054 1563 1.0
153128 1595 1.0
30728 320 1.0
33219 346 1.0
40224 419 1.0
51072 532 1.0
79495 828 1.0
87369 910 1.0
90728 945 1.0
95047 990 1.0
102432 1067 1.0
 fin motif
# 4 target:1 c+:60 c-:3 score:60.198431161427585 score+:257.9082614726571 score-:53.23359552380332 nb:4 =l_1c_2 l_1c_0 l_1c_14 l_1c_6 
3076 32 1.0
6721 70 1.0
20359 212 1.0
36602 381 0.0
59523 620 1.0
59904 624 1.0
74305 774 1.0
82178 856 1.0
89281 930 1.0
92648 965 1.0
110112 1147 1.0
115305 1201 1.0
142273 1482 1.0
8939 93 1.0
10571 110 1.0
12011 125 1.0
15946 166 1.0
23240 242 1.0
27553 287 1.0
31019 323 1.0
31593 329 1.0
33418 348 1.0
34858 363 1.0
36346 378 0.0
38023 396 1.0
39562 412 1.0
44553 464 1.0
45417 473 1.0
48000 500 1.0
51938 541 1.0
58086 605 1.0
60384 629 1.0
63077 657 1.0
69033 719 1.0
69322 722 1.0
70944 739 0.0
72107 751 1.0
73162 762 1.0
78154 814 1.0
85254 888 1.0
91205 950 1.0
92456 963 1.0
99178 1033 1.0
105609 1100 1.0
111938 1166 1.0
115201 1200 1.0
117705 1226 1.0
118953 1239 1.0
120487 1255 1.0
123940 1291 1.0
124234 1294 1.0
124420 1296 1.0
124519 1297 1.0
126434 1317 1.0
132011 1375 1.0
132970 1385 1.0
133163 1387 1.0
133931 1395 1.0
134987 1406 1.0
136715 1424 1.0
136808 1425 1.0
140457 1463 1.0
153226 1596 1.0
 fin motif
# 5 target:1 c+:84 c-:5 score:57.029148901725335 score+:173.070030541272 score-:47.60590295747624 nb:2 =l_1c_8 l_1c_18 
390 4 1.0
484 5 1.0
2312 24 1.0
6344 66 1.0
10761 112 1.0
12486 130 1.0
12678 132 1.0
17765 185 1.0
19302 201 1.0
29289 305 1.0
30919 322 1.0
32362 337 1.0
33801 352 1.0
35334 368 1.0
42825 446 1.0
44934 468 1.0
45989 479 1.0
52224 544 1.0
54340 566 1.0
55881 582 1.0
58854 613 1.0
64042 667 0.0
66337 691 1.0
67400 702 1.0
72779 758 1.0
73830 769 1.0
74118 772 1.0
74313 774 1.0
74505 776 1.0
77670 809 1.0
83719 872 1.0
85642 892 1.0
90629 944 1.0
95915 999 1.0
97063 1011 1.0
106848 1113 1.0
108969 1135 1.0
109738 1143 1.0
111270 1159 1.0
115873 1207 1.0
119050 1240 1.0
120874 1259 1.0
121546 1266 1.0
125481 1307 1.0
129797 1352 1.0
137192 1429 1.0
138437 1442 1.0
144970 1510 1.0
147270 1534 1.0
149671 1559 1.0
151979 1583 1.0
153127 1595 1.0
32359 337 1.0
45410 473 1.0
57319 597 1.0
63072 657 1.0
64896 676 1.0
74121 772 1.0
84963 885 1.0
95046 990 1.0
115017 1198 1.0
150055 1563 1.0
6146 64 1.0
9124 95 1.0
10565 110 1.0
14017 146 1.0
25448 265 0.0
34857 363 1.0
38017 396 1.0
40225 419 1.0
49353 514 0.0
51073 532 1.0
51361 535 1.0
58087 605 1.0
64135 668 1.0
69889 728 1.0
73440 765 1.0
74592 777 1.0
78336 816 1.0
79488 828 1.0
81511 849 1.0
93225 971 1.0
111937 1166 1.0
129890 1353 1.0
132289 1378 1.0
136704 1424 1.0
139707 1455 0.0
147939 1541 1.0
151201 1575 1.0
1269 13 0.0
34856 363 1.0
93222 971 1.0
143718 1497 1.0
 fin motif
# 6 target:1 c+:52 c-:2 score:47.951913932176936 score+:200.28294141577413 score-:37.246434046372535 nb:4 =l_1c_3 l_1c_15 l_1c_5 l_1c_6 
2217 23 1.0
10560 110 1.0
12000 125 1.0
36481 380 1.0
46664 486 1.0
49442 515 1.0
60385 629 1.0
64130 668 1.0
72096 751 1.0
80071 834 1.0
104064 1084 1.0
128642 1340 1.0
28136 293 1.0
8939 93 1.0
10571 110 1.0
12011 125 1.0
15946 166 1.0
23240 242 1.0
27553 287 1.0
31019 323 1.0
31593 329 1.0
33418 348 1.0
34858 363 1.0
36346 378 0.0
38023 396 1.0
39562 412 1.0
44553 464 1.0
45417 473 1.0
58086 605 1.0
60384 629 1.0
63077 657 1.0
69033 719 1.0
69322 722 1.0
70944 739 0.0
72107 751 1.0
73162 762 1.0
78154 814 1.0
85254 888 1.0
91205 950 1.0
92456 963 1.0
99178 1033 1.0
105609 1100 1.0
111938 1166 1.0
118953 1239 1.0
119522 1245 1.0
119520 1245 1.0
120487 1255 1.0
123940 1291 1.0
124234 1294 1.0
124420 1296 1.0
124519 1297 1.0
130752 1362 1.0
132011 1375 1.0
132970 1385 1.0
133931 1395 1.0
134987 1406 1.0
136715 1424 1.0
140457 1463 1.0
153226 1596 1.0
 fin motif
# 7 target:1 c+:45 c-:0 score:47.37044522627369 score+:161.05951376933055 score-:0 nb:4 =l_1c_7 l_1c_1 l_1c_19 l_1c_10 
2496 26 1.0
5472 57 1.0
124231 1294 1.0
8355 87 1.0
26694 278 1.0
43973 458 1.0
51552 537 1.0
54436 567 1.0
63456 661 1.0
70272 732 1.0
98593 1027 1.0
103879 1082 1.0
109153 1137 1.0
1345 14 1.0
4608 48 1.0
5094 53 1.0
6049 63 1.0
6727 70 1.0
11809 123 1.0
12200 127 1.0
16513 172 1.0
20065 209 1.0
22849 238 1.0
26217 273 1.0
28035 292 1.0
31393 327 1.0
32833 342 1.0
38698 403 1.0
45894 478 1.0
50886 530 1.0
69505 724 1.0
70663 736 1.0
75174 783 1.0
81312 847 1.0
83433 869 1.0
84385 879 1.0
88320 920 1.0
89958 937 1.0
95528 995 1.0
110982 1156 1.0
113289 1180 1.0
113668 1184 1.0
117510 1224 1.0
141505 1474 1.0
125764 1310 1.0
 fin motif
# 8 target:1 c+:36 c-:0 score:35.67176636691507 score+:142.6870654676603 score-:0 nb:5 =l_1c_13 l_1c_11 l_1c_15 l_1c_18 l_1c_10 
390 4 1.0
484 5 1.0
2312 24 1.0
6344 66 1.0
12678 132 1.0
19302 201 1.0
32362 337 1.0
33801 352 1.0
35334 368 1.0
42825 446 1.0
44934 468 1.0
45989 479 1.0
54337 566 1.0
54340 566 1.0
55881 582 1.0
66337 691 1.0
72779 758 1.0
73830 769 1.0
74118 772 1.0
74505 776 1.0
77670 809 1.0
83719 872 1.0
85642 892 1.0
90629 944 1.0
97063 1011 1.0
109738 1143 1.0
111270 1159 1.0
115873 1207 1.0
119050 1240 1.0
120874 1259 1.0
121546 1266 1.0
137192 1429 1.0
144970 1510 1.0
149671 1559 1.0
151979 1583 1.0
32359 337 1.0
74121 772 1.0
38313 399 1.0
141512 1474 1.0
 fin motif
# 9 target:1 c+:49 c-:6 score:34.97645604738135 score+:143.82648288829174 score-:66.87827958405279 nb:2 =l_1c_11 l_1c_5 
38313 399 1.0
49353 514 0.0
141512 1474 1.0
1445 15 1.0
9031 94 1.0
9315 97 1.0
18912 197 1.0
24482 255 1.0
28424 296 1.0
28423 296 1.0
30052 313 1.0
32740 341 1.0
38312 399 1.0
41960 437 1.0
43642 454 0.0
45120 470 1.0
49354 514 0.0
52706 549 1.0
55496 578 1.0
57560 599 0.0
57888 603 1.0
60771 633 1.0
76995 802 1.0
81320 847 1.0
83909 874 1.0
100993 1052 1.0
104166 1085 1.0
107529 1120 1.0
108101 1126 1.0
108103 1126 1.0
108869 1134 1.0
108872 1134 1.0
113960 1187 1.0
117889 1228 1.0
119339 1243 1.0
123655 1288 1.0
123651 1288 1.0
131428 1369 1.0
136234 1419 1.0
136993 1427 1.0
138147 1439 1.0
138631 1444 1.0
139971 1458 1.0
142565 1485 1.0
144967 1510 1.0
152167 1585 1.0
153318 1597 1.0
7307 76 1.0
10408 108 0.0
18918 197 1.0
25537 266 1.0
25924 270 1.0
26406 275 1.0
45125 470 1.0
57563 599 0.0
61955 645 0.0
68104 709 0.0
73447 765 1.0
97547 1016 1.0
98506 1026 1.0
125867 1311 1.0
136425 1421 1.0
142659 1486 1.0
151200 1575 1.0
 fin motif
