# 0 target:1 c+:336 c-:10 score:260.7742745314245 score+:1181.6477678843157 score-:138.55066975861772 nb:5 =l_2c_18 l_2c_6 l_2c_13 l_2c_16 l_2c_19 
6723 70 1.0
28130 293 1.0
73930 770 1.0
74307 774 1.0
94850 988 1.0
103301 1076 1.0
104064 1084 1.0
3656 38 1.0
18342 191 1.0
20832 217 1.0
29475 307 1.0
37538 391 1.0
41672 434 1.0
57696 601 1.0
62981 656 1.0
63844 665 1.0
73927 770 1.0
74021 771 1.0
86600 902 1.0
86882 905 1.0
102144 1064 1.0
124896 1301 1.0
152455 1588 1.0
4032 42 1.0
18537 193 1.0
22272 232 1.0
25066 261 1.0
26210 273 1.0
41189 429 1.0
59907 624 1.0
65576 683 1.0
66435 692 1.0
80068 834 1.0
84481 880 1.0
98211 1023 1.0
112614 1173 1.0
116933 1218 1.0
119238 1242 1.0
132102 1376 1.0
147844 1540 1.0
148423 1546 1.0
1063 11 1.0
6145 64 1.0
22567 235 1.0
24867 259 1.0
29473 307 1.0
39938 416 1.0
41188 429 1.0
42145 439 1.0
42440 442 1.0
45506 474 1.0
46082 480 1.0
48485 505 1.0
48673 507 1.0
57216 596 1.0
66727 695 1.0
83523 870 1.0
89189 929 1.0
91107 949 1.0
111171 1158 1.0
114247 1190 1.0
117029 1219 1.0
390 4 1.0
391 4 1.0
484 5 1.0
775 8 1.0
773 8 1.0
2213 23 1.0
2304 24 1.0
2312 24 1.0
3847 40 1.0
5191 54 1.0
5481 57 1.0
6344 66 1.0
6634 69 1.0
6915 72 1.0
6916 72 1.0
6917 72 1.0
6918 72 1.0
9414 98 1.0
9992 104 1.0
10761 112 1.0
11622 121 1.0
12486 130 1.0
12678 132 1.0
13065 136 0.0
13066 136 0.0
14502 151 1.0
14787 154 1.0
14788 154 1.0
16038 167 1.0
16138 168 1.0
16133 168 1.0
16708 174 1.0
16706 174 1.0
18152 189 1.0
18534 193 1.0
18915 197 1.0
19302 201 1.0
22755 237 1.0
23040 240 1.0
23041 240 1.0
24004 250 1.0
24205 252 0.0
24864 259 1.0
25448 265 0.0
26214 273 1.0
26792 279 1.0
28712 299 1.0
29094 303 1.0
29289 305 1.0
30243 315 1.0
31585 329 1.0
32362 337 1.0
32359 337 1.0
32744 341 1.0
33216 346 1.0
33801 352 1.0
35334 368 1.0
36480 380 1.0
38309 399 1.0
38788 404 1.0
39463 411 1.0
40613 423 1.0
40609 423 1.0
40611 423 1.0
41958 437 1.0
42149 439 1.0
42340 441 1.0
42339 441 1.0
42825 446 1.0
44256 461 1.0
44257 461 1.0
44448 463 1.0
44934 468 1.0
45123 470 1.0
45602 475 1.0
45603 475 1.0
45601 475 1.0
45989 479 1.0
46280 482 1.0
46279 482 1.0
46949 489 1.0
48291 503 1.0
48486 505 1.0
49440 515 1.0
50113 522 1.0
50115 522 1.0
50116 522 1.0
50695 528 1.0
51082 532 1.0
51080 532 1.0
52928 551 0.0
52926 551 0.0
52925 551 0.0
54337 566 1.0
54340 566 1.0
55300 576 1.0
55494 578 1.0
55592 579 1.0
55881 582 1.0
56646 590 1.0
56648 590 1.0
56649 590 1.0
57027 594 1.0
57026 594 1.0
57033 594 1.0
57893 603 1.0
59335 618 1.0
62407 650 1.0
62497 651 1.0
62496 651 1.0
64417 671 1.0
65472 682 1.0
65572 683 1.0
65763 685 1.0
65761 685 1.0
67588 704 1.0
69513 724 1.0
69512 724 1.0
69514 724 1.0
70473 734 1.0
72779 758 1.0
73249 763 1.0
73250 763 1.0
73248 763 1.0
73830 769 1.0
74121 772 1.0
74209 773 1.0
74505 776 1.0
77670 809 1.0
80073 834 1.0
80071 834 1.0
80935 843 1.0
81319 847 1.0
82087 855 1.0
82084 855 1.0
82848 863 1.0
82855 863 1.0
82854 863 1.0
83719 872 1.0
83907 874 1.0
84290 878 1.0
84964 885 1.0
85642 892 1.0
88997 927 1.0
88993 927 1.0
90246 940 1.0
90242 940 1.0
90245 940 1.0
90537 943 1.0
90630 944 1.0
90628 944 1.0
90632 944 1.0
91104 949 1.0
93600 975 1.0
94466 984 1.0
94951 989 1.0
95331 993 1.0
96586 1006 1.0
97063 1011 1.0
98983 1031 1.0
99267 1034 1.0
101664 1059 1.0
102250 1065 1.0
105216 1096 1.0
105701 1101 1.0
105696 1101 1.0
105702 1101 1.0
106758 1112 1.0
108102 1126 1.0
108098 1126 1.0
108100 1126 1.0
108388 1129 1.0
109736 1143 1.0
109738 1143 1.0
110691 1153 1.0
111270 1159 1.0
112610 1173 1.0
113283 1180 1.0
113286 1180 1.0
113376 1181 1.0
113771 1185 1.0
113769 1185 1.0
113770 1185 1.0
115878 1207 1.0
115873 1207 1.0
117224 1221 1.0
117891 1228 1.0
118662 1236 1.0
119050 1240 1.0
119142 1241 1.0
119335 1243 1.0
119334 1243 1.0
119337 1243 1.0
119808 1248 1.0
120195 1252 1.0
120198 1252 1.0
120196 1252 1.0
120582 1256 1.0
120866 1259 1.0
120869 1259 1.0
120874 1259 1.0
121546 1266 1.0
121633 1267 1.0
121927 1270 1.0
123557 1287 1.0
124130 1293 1.0
124422 1296 1.0
124416 1296 1.0
125093 1303 1.0
125184 1304 1.0
125766 1310 1.0
125859 1311 1.0
126531 1318 1.0
128449 1338 1.0
128452 1338 1.0
130564 1360 1.0
131427 1369 1.0
132098 1376 1.0
134024 1396 1.0
137192 1429 1.0
138050 1438 1.0
138437 1442 1.0
138624 1444 1.0
140354 1462 1.0
141514 1474 1.0
142083 1480 1.0
142085 1480 1.0
142084 1480 1.0
144004 1500 1.0
144674 1507 1.0
144778 1508 1.0
144970 1510 1.0
145153 1512 1.0
147267 1534 1.0
147938 1541 1.0
148608 1548 1.0
148609 1548 1.0
149671 1559 1.0
151979 1583 1.0
152166 1585 1.0
152256 1586 1.0
152743 1591 1.0
153224 1596 1.0
153315 1597 1.0
45408 473 1.0
57319 597 1.0
80928 843 1.0
82371 858 1.0
104160 1085 1.0
105313 1097 1.0
106848 1113 1.0
115017 1198 1.0
123936 1291 1.0
128644 1340 1.0
129696 1351 1.0
132096 1376 1.0
134112 1397 1.0
150055 1563 1.0
153225 1596 1.0
1442 15 1.0
2214 23 1.0
2688 28 1.0
4710 49 1.0
9029 94 1.0
9030 94 1.0
9608 100 1.0
13830 144 1.0
13925 145 1.0
15363 160 1.0
16424 171 0.0
17952 187 1.0
18240 190 1.0
18536 193 1.0
18538 193 1.0
18916 197 1.0
18914 197 1.0
20352 212 1.0
21312 222 1.0
24482 255 1.0
24481 255 1.0
25460 265 0.0
28423 296 1.0
28424 296 1.0
29381 306 1.0
29878 311 0.0
30052 313 1.0
30535 318 1.0
31113 324 1.0
32741 341 1.0
34272 357 1.0
34368 358 1.0
34761 362 1.0
34763 362 1.0
35910 374 0.0
36873 384 1.0
38312 399 1.0
39360 410 1.0
39558 412 1.0
40518 422 0.0
42442 442 1.0
42443 442 1.0
44454 463 1.0
45124 470 1.0
45122 470 1.0
45792 477 1.0
46662 486 1.0
47520 495 1.0
47814 498 1.0
47816 498 1.0
47915 499 1.0
48295 503 1.0
50503 526 1.0
51176 533 1.0
52133 543 1.0
52614 548 1.0
52706 549 1.0
55114 574 1.0
55496 578 1.0
57891 603 1.0
58277 607 1.0
60487 630 1.0
60772 633 1.0
63947 666 1.0
64810 675 1.0
64811 675 1.0
65386 681 1.0
65479 682 1.0
65575 683 1.0
65681 684 0.0
66529 693 1.0
68101 709 0.0
70080 730 1.0
71338 743 1.0
72004 750 1.0
74976 781 1.0
76995 802 1.0
81318 847 1.0
83239 867 1.0
83235 867 1.0
83908 874 1.0
84007 875 1.0
84295 878 1.0
84298 878 1.0
85253 888 1.0
85344 889 1.0
86304 899 1.0
86696 903 1.0
88805 925 1.0
89478 932 1.0
90822 946 1.0
93792 977 1.0
95904 999 1.0
97352 1014 1.0
97641 1017 1.0
98694 1028 1.0
100993 1052 1.0
104166 1085 1.0
104555 1089 1.0
105024 1094 1.0
105602 1100 1.0
107530 1120 1.0
108103 1126 1.0
108869 1134 1.0
113959 1187 1.0
115776 1206 1.0
117889 1228 1.0
119339 1243 1.0
120771 1258 1.0
120772 1258 1.0
122979 1281 1.0
123169 1283 1.0
123173 1283 1.0
123651 1288 1.0
125862 1311 1.0
127402 1327 1.0
129314 1347 1.0
129698 1351 1.0
130185 1356 1.0
130377 1358 1.0
130665 1361 1.0
131328 1368 1.0
131428 1369 1.0
131431 1369 1.0
134114 1397 1.0
134215 1398 1.0
136233 1419 1.0
136512 1422 1.0
136513 1422 1.0
138150 1439 1.0
138145 1439 1.0
138627 1444 1.0
139112 1449 1.0
139111 1449 1.0
139971 1458 1.0
140647 1465 1.0
141513 1474 1.0
141512 1474 1.0
141797 1477 1.0
142568 1485 1.0
142657 1486 1.0
143520 1495 1.0
144102 1501 1.0
144965 1510 1.0
144966 1510 1.0
145441 1515 1.0
148138 1543 1.0
148612 1548 1.0
149961 1562 1.0
151012 1573 1.0
153318 1597 1.0
4133 43 1.0
6144 64 1.0
12485 130 1.0
24480 255 1.0
47815 498 1.0
62882 655 1.0
66725 695 1.0
72482 755 1.0
84288 878 1.0
84963 885 1.0
92648 965 1.0
121632 1267 1.0
125865 1311 1.0
134022 1396 1.0
138051 1438 1.0
145152 1512 1.0
84289 878 1.0
44453 463 1.0
 fin motif
# 1 target:1 c+:246 c-:12 score:121.71954165319207 score+:739.9929354519563 score-:180.0830438472729 nb:6 =l_2c_17 l_2c_8 l_2c_10 l_2c_16 l_2c_19 l_2c_9 
6336 66 1.0
62304 649 1.0
77280 805 1.0
6723 70 1.0
28130 293 1.0
74307 774 1.0
94850 988 1.0
103301 1076 1.0
104064 1084 1.0
18341 191 1.0
28131 293 1.0
53188 554 1.0
80747 841 0.0
81409 848 1.0
769 8 1.0
4132 43 1.0
4898 51 1.0
10403 108 0.0
15560 162 1.0
21218 221 1.0
24199 252 0.0
24868 259 1.0
25066 261 1.0
26210 273 1.0
29671 309 1.0
41189 429 1.0
48675 507 1.0
52705 549 1.0
59810 623 1.0
59907 624 1.0
63841 665 1.0
80068 834 1.0
80746 841 0.0
91108 949 1.0
95719 997 1.0
97828 1019 1.0
98211 1023 1.0
105504 1099 1.0
112614 1173 1.0
116932 1218 1.0
117316 1222 1.0
132102 1376 1.0
137472 1432 1.0
141892 1478 1.0
147844 1540 1.0
390 4 1.0
773 8 1.0
2312 24 1.0
5191 54 1.0
6344 66 1.0
6915 72 1.0
6917 72 1.0
6918 72 1.0
9414 98 1.0
12486 130 1.0
12678 132 1.0
13065 136 0.0
13066 136 0.0
14787 154 1.0
16133 168 1.0
16708 174 1.0
19302 201 1.0
26214 273 1.0
31585 329 1.0
32362 337 1.0
33801 352 1.0
35334 368 1.0
38309 399 1.0
38788 404 1.0
40609 423 1.0
40611 423 1.0
42339 441 1.0
42825 446 1.0
44256 461 1.0
44257 461 1.0
44448 463 1.0
44934 468 1.0
45412 473 1.0
45602 475 1.0
45603 475 1.0
45601 475 1.0
46280 482 1.0
46279 482 1.0
48291 503 1.0
50113 522 1.0
50115 522 1.0
50695 528 1.0
51080 532 1.0
52926 551 0.0
52925 551 0.0
54340 566 1.0
55494 578 1.0
56646 590 1.0
56648 590 1.0
57027 594 1.0
57033 594 1.0
57893 603 1.0
62497 651 1.0
62496 651 1.0
64420 671 1.0
64417 671 1.0
65761 685 1.0
67588 704 1.0
69513 724 1.0
69512 724 1.0
72779 758 1.0
73249 763 1.0
73248 763 1.0
73830 769 1.0
74505 776 1.0
77670 809 1.0
80071 834 1.0
80935 843 1.0
81319 847 1.0
82087 855 1.0
82084 855 1.0
82855 863 1.0
82854 863 1.0
83719 872 1.0
84964 885 1.0
88993 927 1.0
90246 940 1.0
90245 940 1.0
90630 944 1.0
90628 944 1.0
94951 989 1.0
105216 1096 1.0
105701 1101 1.0
105702 1101 1.0
106758 1112 1.0
108102 1126 1.0
108098 1126 1.0
108100 1126 1.0
109738 1143 1.0
111270 1159 1.0
112610 1173 1.0
113283 1180 1.0
113286 1180 1.0
113771 1185 1.0
113769 1185 1.0
116455 1213 1.0
117224 1221 1.0
117891 1228 1.0
119335 1243 1.0
119334 1243 1.0
120195 1252 1.0
120198 1252 1.0
120866 1259 1.0
121546 1266 1.0
121633 1267 1.0
122882 1280 1.0
123941 1291 1.0
124130 1293 1.0
124422 1296 1.0
124416 1296 1.0
125093 1303 1.0
125184 1304 1.0
125859 1311 1.0
128449 1338 1.0
128452 1338 1.0
131427 1369 1.0
132098 1376 1.0
134024 1396 1.0
137192 1429 1.0
138050 1438 1.0
141514 1474 1.0
142083 1480 1.0
142085 1480 1.0
145153 1512 1.0
148608 1548 1.0
149671 1559 1.0
152166 1585 1.0
152256 1586 1.0
152257 1586 1.0
28803 300 1.0
45408 473 1.0
57319 597 1.0
80928 843 1.0
82371 858 1.0
104160 1085 1.0
105313 1097 1.0
106848 1113 1.0
115017 1198 1.0
123936 1291 1.0
128644 1340 1.0
129696 1351 1.0
132096 1376 1.0
134112 1397 1.0
150055 1563 1.0
153225 1596 1.0
1442 15 1.0
2214 23 1.0
2688 28 1.0
9029 94 1.0
9030 94 1.0
9608 100 1.0
13830 144 1.0
13925 145 1.0
15363 160 1.0
16424 171 0.0
17952 187 1.0
18240 190 1.0
18536 193 1.0
18538 193 1.0
18916 197 1.0
20352 212 1.0
21312 222 1.0
24482 255 1.0
24481 255 1.0
25460 265 0.0
28423 296 1.0
28424 296 1.0
29381 306 1.0
29878 311 0.0
30052 313 1.0
30535 318 1.0
31113 324 1.0
32741 341 1.0
34272 357 1.0
34368 358 1.0
34761 362 1.0
34763 362 1.0
35910 374 0.0
36873 384 1.0
38312 399 1.0
39360 410 1.0
39558 412 1.0
40518 422 0.0
42442 442 1.0
42443 442 1.0
44454 463 1.0
45124 470 1.0
45792 477 1.0
46662 486 1.0
47520 495 1.0
47814 498 1.0
47915 499 1.0
48295 503 1.0
50503 526 1.0
51176 533 1.0
52133 543 1.0
52614 548 1.0
52706 549 1.0
55114 574 1.0
55496 578 1.0
57891 603 1.0
58277 607 1.0
60487 630 1.0
60772 633 1.0
63947 666 1.0
64811 675 1.0
65386 681 1.0
65479 682 1.0
65681 684 0.0
66529 693 1.0
68101 709 0.0
70080 730 1.0
71338 743 1.0
72004 750 1.0
74976 781 1.0
76995 802 1.0
81318 847 1.0
83239 867 1.0
83235 867 1.0
83908 874 1.0
84007 875 1.0
84298 878 1.0
84867 884 1.0
85344 889 1.0
86304 899 1.0
86696 903 1.0
88805 925 1.0
89478 932 1.0
90822 946 1.0
93792 977 1.0
95904 999 1.0
97352 1014 1.0
97641 1017 1.0
98694 1028 1.0
100993 1052 1.0
104166 1085 1.0
105024 1094 1.0
105602 1100 1.0
107530 1120 1.0
108103 1126 1.0
108869 1134 1.0
113959 1187 1.0
115776 1206 1.0
117889 1228 1.0
119339 1243 1.0
120772 1258 1.0
122979 1281 1.0
123169 1283 1.0
123173 1283 1.0
123651 1288 1.0
125862 1311 1.0
127402 1327 1.0
129314 1347 1.0
129698 1351 1.0
130185 1356 1.0
130377 1358 1.0
130665 1361 1.0
131328 1368 1.0
131428 1369 1.0
131431 1369 1.0
134114 1397 1.0
134215 1398 1.0
136233 1419 1.0
136513 1422 1.0
138150 1439 1.0
138145 1439 1.0
138627 1444 1.0
139112 1449 1.0
139971 1458 1.0
140647 1465 1.0
141513 1474 1.0
141512 1474 1.0
141797 1477 1.0
142568 1485 1.0
142657 1486 1.0
143520 1495 1.0
144102 1501 1.0
144965 1510 1.0
144966 1510 1.0
145441 1515 1.0
148138 1543 1.0
148612 1548 1.0
149961 1562 1.0
151012 1573 1.0
4133 43 1.0
12485 130 1.0
47815 498 1.0
66725 695 1.0
84288 878 1.0
84963 885 1.0
121632 1267 1.0
125865 1311 1.0
134022 1396 1.0
138051 1438 1.0
145152 1512 1.0
84289 878 1.0
 fin motif
# 2 target:1 c+:122 c-:4 score:102.71929226552297 score+:496.2001995580347 score-:85.3230304959428 nb:5 =l_2c_0 l_2c_8 l_2c_2 l_2c_6 l_2c_13 
6723 70 1.0
74307 774 1.0
94850 988 1.0
26210 273 1.0
46473 484 1.0
59907 624 1.0
66823 696 1.0
116741 1216 1.0
139303 1451 1.0
11815 123 1.0
16810 175 1.0
19147 199 0.0
19976 208 1.0
21989 229 1.0
26214 273 1.0
39175 408 1.0
45601 475 1.0
48965 510 1.0
58667 611 1.0
65477 682 1.0
90923 947 1.0
94951 989 1.0
102918 1072 1.0
104840 1092 1.0
107617 1121 1.0
111752 1164 1.0
113283 1180 1.0
113286 1180 1.0
117224 1221 1.0
122887 1280 1.0
124043 1292 1.0
127777 1331 1.0
128362 1337 1.0
131044 1365 1.0
135168 1408 1.0
141511 1474 1.0
141697 1476 1.0
149960 1562 1.0
151011 1573 1.0
152264 1586 1.0
153515 1599 1.0
1442 15 1.0
1445 15 1.0
9993 104 1.0
13830 144 1.0
24481 255 1.0
26793 279 1.0
28424 296 1.0
30052 313 1.0
34763 362 1.0
36873 384 1.0
42443 442 1.0
52706 549 1.0
65479 682 1.0
76995 802 1.0
80936 843 1.0
81318 847 1.0
83239 867 1.0
83908 874 1.0
83909 874 1.0
88805 925 1.0
100993 1052 1.0
104166 1085 1.0
108869 1134 1.0
113959 1187 1.0
113960 1187 1.0
117889 1228 1.0
119339 1243 1.0
123651 1288 1.0
124128 1293 1.0
129698 1351 1.0
131428 1369 1.0
134114 1397 1.0
134215 1398 1.0
136233 1419 1.0
138150 1439 1.0
138631 1444 1.0
138627 1444 1.0
141513 1474 1.0
141512 1474 1.0
141797 1477 1.0
142568 1485 1.0
142657 1486 1.0
770 8 1.0
12000 125 1.0
60385 629 1.0
72096 751 1.0
1449 15 1.0
2307 24 1.0
4903 51 1.0
5281 55 1.0
9125 95 1.0
12482 130 1.0
14016 146 1.0
14499 151 1.0
21029 219 1.0
21224 221 1.0
23047 240 1.0
24488 255 1.0
25924 270 1.0
26600 277 1.0
29281 305 1.0
33219 346 1.0
34177 356 1.0
35527 370 1.0
45608 475 1.0
54432 567 1.0
55424 577 0.0
57219 596 1.0
58080 605 1.0
63075 657 1.0
66918 697 1.0
67594 704 1.0
69409 723 1.0
82688 861 0.0
102436 1067 1.0
104164 1085 1.0
111943 1166 1.0
112515 1172 1.0
116453 1213 1.0
117892 1228 1.0
124133 1293 1.0
124518 1297 1.0
125095 1303 1.0
125864 1311 1.0
127971 1333 1.0
127974 1333 1.0
134017 1396 1.0
136230 1419 1.0
138441 1442 1.0
138635 1444 1.0
139010 1448 1.0
139977 1458 1.0
145154 1512 1.0
147367 1535 1.0
148422 1546 1.0
149480 1557 1.0
152353 1587 1.0
5280 55 1.0
10562 110 1.0
14496 151 1.0
25921 270 1.0
29285 305 1.0
34176 356 1.0
36483 380 1.0
49354 514 0.0
49444 515 1.0
64129 668 1.0
66919 697 1.0
104075 1084 1.0
112512 1172 1.0
124131 1293 1.0
149481 1557 1.0
 fin motif
# 3 target:1 c+:86 c-:3 score:78.68186816328208 score+:613.012996186126 score-:109.44903994112077 nb:9 =l_2c_17 l_2c_8 l_2c_12 l_2c_18 l_2c_2 l_2c_1 l_2c_6 l_2c_10 l_2c_13 
125859 1311 1.0
46660 486 1.0
80928 843 1.0
1445 15 1.0
9993 104 1.0
10565 110 1.0
18912 197 1.0
18916 197 1.0
26793 279 1.0
28424 296 1.0
30052 313 1.0
36873 384 1.0
38017 396 1.0
40225 419 1.0
45124 470 1.0
45120 470 1.0
46664 486 1.0
46662 486 1.0
51073 532 1.0
52706 549 1.0
58087 605 1.0
64135 668 1.0
64896 676 1.0
73440 765 1.0
76995 802 1.0
79488 828 1.0
80936 843 1.0
81511 849 1.0
88805 925 1.0
95040 990 1.0
100993 1052 1.0
108869 1134 1.0
113960 1187 1.0
123651 1288 1.0
129314 1347 1.0
129890 1353 1.0
131428 1369 1.0
136704 1424 1.0
141797 1477 1.0
142568 1485 1.0
151201 1575 1.0
47815 498 1.0
57888 603 1.0
63072 657 1.0
122208 1273 1.0
136993 1427 1.0
1449 15 1.0
5281 55 1.0
14499 151 1.0
18918 197 1.0
27553 287 1.0
34177 356 1.0
58080 605 1.0
66720 695 1.0
66722 695 1.0
112515 1172 1.0
115201 1200 1.0
125864 1311 1.0
136230 1419 1.0
5280 55 1.0
8939 93 1.0
10571 110 1.0
12011 125 1.0
14496 151 1.0
15744 164 1.0
15946 166 1.0
23240 242 1.0
31019 323 1.0
31593 329 1.0
33418 348 1.0
34176 356 1.0
34858 363 1.0
36346 378 0.0
37254 388 1.0
38023 396 1.0
39562 412 1.0
44553 464 1.0
45417 473 1.0
49354 514 0.0
60384 629 1.0
63077 657 1.0
69033 719 1.0
69322 722 1.0
70944 739 0.0
72107 751 1.0
73162 762 1.0
78154 814 1.0
85254 888 1.0
91205 950 1.0
92456 963 1.0
99178 1033 1.0
105609 1100 1.0
111938 1166 1.0
112512 1172 1.0
118953 1239 1.0
120487 1255 1.0
123940 1291 1.0
124234 1294 1.0
124420 1296 1.0
124519 1297 1.0
132011 1375 1.0
132970 1385 1.0
133931 1395 1.0
134987 1406 1.0
136715 1424 1.0
140457 1463 1.0
153226 1596 1.0
 fin motif
# 4 target:1 c+:249 c-:16 score:71.09241037121501 score+:427.7537999174602 score-:186.03960465532913 nb:4 =l_2c_0 l_2c_6 l_2c_16 l_2c_11 
6723 70 1.0
74307 774 1.0
94850 988 1.0
142569 1485 1.0
7780 81 1.0
13445 140 1.0
15272 159 1.0
18634 194 1.0
21417 223 1.0
22466 234 0.0
28131 293 1.0
30155 314 1.0
33609 350 1.0
39845 415 1.0
45331 472 0.0
56456 588 1.0
59139 616 1.0
67110 699 1.0
71429 744 1.0
78729 820 1.0
79397 827 1.0
87846 915 1.0
107147 1116 1.0
115497 1203 1.0
138528 1443 1.0
142662 1486 1.0
146410 1525 1.0
149003 1552 1.0
769 8 1.0
4898 51 1.0
21218 221 1.0
24199 252 0.0
26210 273 1.0
41189 429 1.0
46473 484 1.0
59907 624 1.0
66823 696 1.0
116741 1216 1.0
117316 1222 1.0
139303 1451 1.0
16802 175 1.0
19974 208 1.0
21891 228 1.0
38308 399 1.0
41188 429 1.0
57216 596 1.0
104162 1085 1.0
116451 1213 1.0
127972 1333 1.0
138632 1444 1.0
148424 1546 1.0
775 8 1.0
2304 24 1.0
3173 33 0.0
3847 40 1.0
6916 72 1.0
9992 104 1.0
11815 123 1.0
12577 131 1.0
14787 154 1.0
16133 168 1.0
16810 175 1.0
17861 186 1.0
19146 199 0.0
19147 199 0.0
19976 208 1.0
21031 219 1.0
21024 219 1.0
21989 229 1.0
23913 249 1.0
24205 252 0.0
26214 273 1.0
26792 279 1.0
27082 282 1.0
32744 341 1.0
36480 380 1.0
38788 404 1.0
39175 408 1.0
40613 423 1.0
41958 437 1.0
42339 441 1.0
44266 461 1.0
44257 461 1.0
44448 463 1.0
45337 472 0.0
45601 475 1.0
48965 510 1.0
48968 510 1.0
48962 510 1.0
49441 515 1.0
50696 528 1.0
50695 528 1.0
51082 532 1.0
51079 532 1.0
52928 551 0.0
54338 566 1.0
55494 578 1.0
56649 590 1.0
56737 591 1.0
58665 611 1.0
58667 611 1.0
61064 636 1.0
65477 682 1.0
65763 685 1.0
65761 685 1.0
69512 724 1.0
69514 724 1.0
73250 763 1.0
74209 773 1.0
76704 799 1.0
76705 799 1.0
77381 806 0.0
81990 854 1.0
82088 855 1.0
82084 855 1.0
82182 856 1.0
82183 856 1.0
83910 874 1.0
84583 881 1.0
84961 885 1.0
86123 897 1.0
88993 927 1.0
89475 932 1.0
90632 944 1.0
90923 947 1.0
94951 989 1.0
97635 1017 1.0
99267 1034 1.0
102918 1072 1.0
103302 1076 1.0
104838 1092 1.0
104840 1092 1.0
106752 1112 1.0
107622 1121 1.0
107617 1121 1.0
111459 1161 1.0
111752 1164 1.0
113283 1180 1.0
113286 1180 1.0
113770 1185 1.0
114250 1190 1.0
115878 1207 1.0
116449 1213 1.0
117127 1220 1.0
117224 1221 1.0
117891 1228 1.0
118571 1235 1.0
120196 1252 1.0
120865 1259 1.0
121927 1270 1.0
122887 1280 1.0
122882 1280 1.0
122888 1280 1.0
123077 1282 1.0
124043 1292 1.0
126531 1318 1.0
127777 1331 1.0
128362 1337 1.0
128841 1342 1.0
131044 1365 1.0
131621 1371 0.0
135168 1408 1.0
135274 1409 1.0
136611 1423 1.0
137288 1430 1.0
138624 1444 1.0
139105 1449 1.0
141511 1474 1.0
141697 1476 1.0
142084 1480 1.0
142660 1486 1.0
145382 1514 0.0
147939 1541 1.0
149960 1562 1.0
149958 1562 1.0
151011 1573 1.0
152166 1585 1.0
152264 1586 1.0
152359 1587 1.0
153315 1597 1.0
153515 1599 1.0
104160 1085 1.0
105313 1097 1.0
129696 1351 1.0
134112 1397 1.0
1442 15 1.0
1445 15 1.0
2688 28 1.0
4710 49 1.0
9029 94 1.0
9030 94 1.0
9608 100 1.0
9993 104 1.0
13830 144 1.0
13925 145 1.0
15363 160 1.0
16424 171 0.0
17952 187 1.0
18240 190 1.0
18536 193 1.0
18538 193 1.0
18914 197 1.0
20352 212 1.0
21312 222 1.0
24482 255 1.0
24481 255 1.0
25460 265 0.0
26793 279 1.0
28423 296 1.0
28424 296 1.0
29381 306 1.0
29878 311 0.0
30052 313 1.0
30535 318 1.0
31113 324 1.0
32741 341 1.0
34272 357 1.0
34368 358 1.0
34761 362 1.0
34763 362 1.0
35910 374 0.0
36873 384 1.0
38312 399 1.0
39360 410 1.0
39558 412 1.0
40518 422 0.0
42442 442 1.0
42443 442 1.0
44454 463 1.0
45122 470 1.0
45792 477 1.0
47520 495 1.0
47915 499 1.0
50503 526 1.0
51176 533 1.0
52133 543 1.0
52614 548 1.0
52706 549 1.0
55114 574 1.0
55496 578 1.0
58277 607 1.0
60487 630 1.0
60772 633 1.0
63947 666 1.0
64810 675 1.0
64811 675 1.0
65386 681 1.0
65479 682 1.0
65575 683 1.0
65681 684 0.0
66529 693 1.0
68101 709 0.0
70080 730 1.0
71338 743 1.0
72004 750 1.0
74976 781 1.0
76995 802 1.0
81318 847 1.0
83239 867 1.0
83235 867 1.0
83908 874 1.0
83909 874 1.0
84007 875 1.0
84295 878 1.0
84298 878 1.0
84867 884 1.0
85253 888 1.0
85344 889 1.0
86304 899 1.0
86696 903 1.0
88805 925 1.0
89478 932 1.0
90822 946 1.0
93792 977 1.0
95904 999 1.0
97352 1014 1.0
97641 1017 1.0
98694 1028 1.0
100993 1052 1.0
104166 1085 1.0
104555 1089 1.0
105024 1094 1.0
105602 1100 1.0
107530 1120 1.0
108869 1134 1.0
113959 1187 1.0
113960 1187 1.0
115776 1206 1.0
117889 1228 1.0
119339 1243 1.0
120771 1258 1.0
120772 1258 1.0
122979 1281 1.0
123169 1283 1.0
123173 1283 1.0
123651 1288 1.0
125862 1311 1.0
127402 1327 1.0
129698 1351 1.0
130185 1356 1.0
130377 1358 1.0
130665 1361 1.0
131328 1368 1.0
131428 1369 1.0
131431 1369 1.0
134114 1397 1.0
134215 1398 1.0
136233 1419 1.0
136512 1422 1.0
136513 1422 1.0
138150 1439 1.0
138145 1439 1.0
138631 1444 1.0
138627 1444 1.0
139112 1449 1.0
139111 1449 1.0
139971 1458 1.0
140647 1465 1.0
141513 1474 1.0
141512 1474 1.0
141797 1477 1.0
142568 1485 1.0
142657 1486 1.0
143520 1495 1.0
144102 1501 1.0
144965 1510 1.0
144966 1510 1.0
145441 1515 1.0
148138 1543 1.0
149961 1562 1.0
151012 1573 1.0
153318 1597 1.0
6144 64 1.0
24480 255 1.0
54433 567 1.0
62882 655 1.0
72482 755 1.0
139008 1448 1.0
147366 1535 1.0
44453 463 1.0
 fin motif
# 5 target:1 c+:226 c-:9 score:61.34476024953652 score+:476.7501262522656 score-:157.75737295467573 nb:7 =l_2c_8 l_2c_13 l_2c_16 l_2c_14 l_2c_9 l_2c_19 l_2c_3 
6336 66 1.0
62304 649 1.0
77280 805 1.0
6723 70 1.0
28130 293 1.0
45416 473 1.0
74307 774 1.0
94850 988 1.0
103301 1076 1.0
104064 1084 1.0
3656 38 1.0
20832 217 1.0
29475 307 1.0
37538 391 1.0
57696 601 1.0
62981 656 1.0
73927 770 1.0
74021 771 1.0
86600 902 1.0
25066 261 1.0
26210 273 1.0
29671 309 1.0
41189 429 1.0
46473 484 1.0
52705 549 1.0
59907 624 1.0
66823 696 1.0
80068 834 1.0
84481 880 1.0
98211 1023 1.0
112614 1173 1.0
116741 1216 1.0
116933 1218 1.0
119238 1242 1.0
132102 1376 1.0
139303 1451 1.0
145248 1513 1.0
147844 1540 1.0
2496 26 1.0
6145 64 1.0
10944 114 1.0
16802 175 1.0
19974 208 1.0
25449 265 0.0
29473 307 1.0
38308 399 1.0
39174 408 1.0
41188 429 1.0
42440 442 1.0
44264 461 1.0
46082 480 1.0
57895 603 1.0
66727 695 1.0
79778 831 1.0
81889 853 1.0
83523 870 1.0
89189 929 1.0
111171 1158 1.0
114247 1190 1.0
127204 1325 1.0
136226 1419 1.0
138148 1439 1.0
390 4 1.0
775 8 1.0
773 8 1.0
2213 23 1.0
2312 24 1.0
3847 40 1.0
5191 54 1.0
6344 66 1.0
6915 72 1.0
6917 72 1.0
6918 72 1.0
9414 98 1.0
9992 104 1.0
10946 114 1.0
11236 117 1.0
11622 121 1.0
11815 123 1.0
12486 130 1.0
12678 132 1.0
12962 135 1.0
13065 136 0.0
13066 136 0.0
14502 151 1.0
14506 151 1.0
14787 154 1.0
14788 154 1.0
16138 168 1.0
16133 168 1.0
16708 174 1.0
16706 174 1.0
16810 175 1.0
17765 185 1.0
18533 193 1.0
18915 197 1.0
19146 199 0.0
19147 199 0.0
19302 201 1.0
19976 208 1.0
20555 214 0.0
21989 229 1.0
22755 237 1.0
23040 240 1.0
23913 249 1.0
24387 254 1.0
25447 265 0.0
25448 265 0.0
26214 273 1.0
26792 279 1.0
28419 296 1.0
30246 315 1.0
31585 329 1.0
32362 337 1.0
32744 341 1.0
33801 352 1.0
34760 362 1.0
34946 364 1.0
35334 368 1.0
36480 380 1.0
38310 399 1.0
38309 399 1.0
38499 401 1.0
38788 404 1.0
39175 408 1.0
39265 409 1.0
40609 423 1.0
40611 423 1.0
41958 437 1.0
42340 441 1.0
42339 441 1.0
42825 446 1.0
44256 461 1.0
44257 461 1.0
44448 463 1.0
44934 468 1.0
45123 470 1.0
45412 473 1.0
45602 475 1.0
45603 475 1.0
45601 475 1.0
46280 482 1.0
46279 482 1.0
48291 503 1.0
48965 510 1.0
48962 510 1.0
49440 515 1.0
50113 522 1.0
50115 522 1.0
50116 522 1.0
50695 528 1.0
51082 532 1.0
51080 532 1.0
51361 535 1.0
52926 551 0.0
52925 551 0.0
54337 566 1.0
54340 566 1.0
54532 568 1.0
54723 570 1.0
55494 578 1.0
56259 586 1.0
56646 590 1.0
56648 590 1.0
57027 594 1.0
57026 594 1.0
57033 594 1.0
57795 602 1.0
57893 603 1.0
58665 611 1.0
58667 611 1.0
61066 636 1.0
62497 651 1.0
62496 651 1.0
63658 663 1.0
64420 671 1.0
64417 671 1.0
65472 682 1.0
65477 682 1.0
65761 685 1.0
65953 687 0.0
67588 704 1.0
67971 708 1.0
69513 724 1.0
69512 724 1.0
72779 758 1.0
73249 763 1.0
73248 763 1.0
73830 769 1.0
74209 773 1.0
74505 776 1.0
77194 804 1.0
77670 809 1.0
80073 834 1.0
80071 834 1.0
80935 843 1.0
81319 847 1.0
81990 854 1.0
82087 855 1.0
82084 855 1.0
82848 863 1.0
82855 863 1.0
82854 863 1.0
83233 867 1.0
83719 872 1.0
83907 874 1.0
83910 874 1.0
84290 878 1.0
84583 881 1.0
84577 881 1.0
84964 885 1.0
86118 897 1.0
86790 904 1.0
87559 912 1.0
88997 927 1.0
88993 927 1.0
89473 932 1.0
89475 932 1.0
90246 940 1.0
90242 940 1.0
90245 940 1.0
90630 944 1.0
90628 944 1.0
90923 947 1.0
94951 989 1.0
97635 1017 1.0
99747 1039 1.0
102918 1072 1.0
103302 1076 1.0
104838 1092 1.0
104840 1092 1.0
105216 1096 1.0
105701 1101 1.0
105696 1101 1.0
105702 1101 1.0
106758 1112 1.0
107617 1121 1.0
108102 1126 1.0
108098 1126 1.0
108100 1126 1.0
109738 1143 1.0
110506 1151 1.0
111270 1159 1.0
111752 1164 1.0
112610 1173 1.0
113283 1180 1.0
113286 1180 1.0
113771 1185 1.0
113769 1185 1.0
113955 1187 1.0
114648 1194 0.0
115878 1207 1.0
116455 1213 1.0
116456 1213 1.0
117224 1221 1.0
117891 1228 1.0
118656 1236 1.0
119142 1241 1.0
119146 1241 1.0
119335 1243 1.0
119334 1243 1.0
119337 1243 1.0
119808 1248 1.0
120195 1252 1.0
120198 1252 1.0
120486 1255 1.0
120866 1259 1.0
120869 1259 1.0
121546 1266 1.0
121633 1267 1.0
122887 1280 1.0
122882 1280 1.0
123941 1291 1.0
123944 1291 1.0
124043 1292 1.0
124130 1293 1.0
124422 1296 1.0
124416 1296 1.0
124515 1297 1.0
125093 1303 1.0
125184 1304 1.0
125185 1304 1.0
125859 1311 1.0
127777 1331 1.0
127776 1331 1.0
128362 1337 1.0
128360 1337 1.0
128449 1338 1.0
128452 1338 1.0
128641 1340 1.0
128643 1340 1.0
131044 1365 1.0
131427 1369 1.0
132098 1376 1.0
134024 1396 1.0
135168 1408 1.0
135169 1408 1.0
137192 1429 1.0
138050 1438 1.0
138624 1444 1.0
139707 1455 0.0
141514 1474 1.0
141511 1474 1.0
141706 1476 1.0
141697 1476 1.0
142083 1480 1.0
142085 1480 1.0
145153 1512 1.0
145382 1514 0.0
147267 1534 1.0
147939 1541 1.0
147938 1541 1.0
148608 1548 1.0
148609 1548 1.0
149671 1559 1.0
149960 1562 1.0
149958 1562 1.0
151011 1573 1.0
152166 1585 1.0
152256 1586 1.0
152260 1586 1.0
152264 1586 1.0
152257 1586 1.0
153224 1596 1.0
153315 1597 1.0
153515 1599 1.0
153513 1599 1.0
84289 878 1.0
 fin motif
# 6 target:1 c+:111 c-:7 score:49.34370129593912 score+:358.7045864962468 score-:131.7235605349269 nb:6 =l_2c_17 l_2c_18 l_2c_2 l_2c_10 l_2c_7 l_2c_9 
6723 70 1.0
28130 293 1.0
73930 770 1.0
74307 774 1.0
94850 988 1.0
103301 1076 1.0
104064 1084 1.0
14594 152 1.0
30823 321 0.0
31207 325 0.0
58375 608 0.0
60298 628 1.0
71239 742 0.0
72484 755 1.0
75265 784 1.0
91680 955 1.0
116160 1210 1.0
124034 1292 1.0
134118 1397 1.0
140264 1461 1.0
145923 1520 1.0
152640 1590 1.0
15936 166 1.0
18341 191 1.0
27649 288 1.0
28034 292 1.0
28037 292 1.0
28131 293 1.0
53188 554 1.0
62884 655 1.0
64709 674 1.0
68931 718 1.0
81409 848 1.0
92643 965 1.0
112224 1169 1.0
135841 1415 1.0
136417 1421 1.0
136897 1426 1.0
769 8 1.0
6724 70 1.0
15560 162 1.0
24199 252 0.0
25066 261 1.0
26210 273 1.0
56551 589 1.0
59907 624 1.0
66435 692 1.0
75264 784 1.0
80068 834 1.0
92644 965 1.0
95719 997 1.0
97828 1019 1.0
98211 1023 1.0
105504 1099 1.0
112614 1173 1.0
117316 1222 1.0
129702 1351 1.0
137472 1432 1.0
141892 1478 1.0
3652 38 1.0
59814 623 1.0
9993 104 1.0
13830 144 1.0
26793 279 1.0
30052 313 1.0
36873 384 1.0
52706 549 1.0
76995 802 1.0
84867 884 1.0
88805 925 1.0
108869 1134 1.0
123651 1288 1.0
141797 1477 1.0
142568 1485 1.0
142657 1486 1.0
770 8 1.0
62882 655 1.0
72482 755 1.0
1449 15 1.0
2217 23 1.0
2307 24 1.0
4903 51 1.0
4999 52 1.0
5281 55 1.0
9125 95 1.0
12582 131 1.0
14016 146 1.0
14017 146 1.0
14499 151 1.0
15456 161 1.0
15938 166 1.0
21029 219 1.0
21224 221 1.0
23047 240 1.0
25924 270 1.0
26600 277 1.0
29281 305 1.0
34177 356 1.0
35527 370 1.0
36481 380 1.0
45608 475 1.0
49442 515 1.0
54432 567 1.0
55424 577 0.0
57219 596 1.0
58080 605 1.0
66918 697 1.0
69409 723 1.0
82688 861 0.0
99264 1034 1.0
104164 1085 1.0
112515 1172 1.0
115201 1200 1.0
116453 1213 1.0
124133 1293 1.0
124518 1297 1.0
125864 1311 1.0
127971 1333 1.0
127974 1333 1.0
134017 1396 1.0
136230 1419 1.0
136422 1421 1.0
138441 1442 1.0
138635 1444 1.0
139009 1448 1.0
145154 1512 1.0
147367 1535 1.0
148422 1546 1.0
149480 1557 1.0
152353 1587 1.0
 fin motif
# 7 target:1 c+:136 c-:6 score:33.60744565582584 score+:222.73990641240266 score-:68.1456563956038 nb:6 =l_2c_18 l_2c_1 l_2c_16 l_2c_3 l_2c_9 l_2c_4 
6723 70 1.0
28130 293 1.0
73930 770 1.0
74307 774 1.0
94850 988 1.0
103301 1076 1.0
104064 1084 1.0
14594 152 1.0
30823 321 0.0
31207 325 0.0
58375 608 0.0
59616 621 1.0
60298 628 1.0
71239 742 0.0
72484 755 1.0
75265 784 1.0
91680 955 1.0
116160 1210 1.0
124034 1292 1.0
124806 1300 1.0
134118 1397 1.0
136320 1420 1.0
140264 1461 1.0
142752 1487 1.0
143334 1493 1.0
145923 1520 1.0
152640 1590 1.0
15936 166 1.0
18341 191 1.0
27649 288 1.0
28034 292 1.0
28037 292 1.0
28131 293 1.0
53188 554 1.0
62884 655 1.0
64709 674 1.0
68931 718 1.0
81409 848 1.0
92643 965 1.0
112224 1169 1.0
135841 1415 1.0
136417 1421 1.0
136897 1426 1.0
4898 51 1.0
6724 70 1.0
10403 108 0.0
21218 221 1.0
24868 259 1.0
26119 272 1.0
26210 273 1.0
48675 507 1.0
56551 589 1.0
59907 624 1.0
72678 757 1.0
75264 784 1.0
83332 868 1.0
91108 949 1.0
92644 965 1.0
122214 1273 1.0
129702 1351 1.0
9316 97 1.0
136040 1417 1.0
148421 1546 1.0
153316 1597 1.0
773 8 1.0
5191 54 1.0
6915 72 1.0
6916 72 1.0
9414 98 1.0
12486 130 1.0
14789 154 1.0
14787 154 1.0
16133 168 1.0
16137 168 1.0
18534 193 1.0
26121 272 1.0
26214 273 1.0
31585 329 1.0
33216 346 1.0
38309 399 1.0
38788 404 1.0
40613 423 1.0
40611 423 1.0
41958 437 1.0
42339 441 1.0
42341 441 1.0
44257 461 1.0
44448 463 1.0
45602 475 1.0
45603 475 1.0
45601 475 1.0
46280 482 1.0
48291 503 1.0
50115 522 1.0
50695 528 1.0
51080 532 1.0
52132 543 1.0
52928 551 0.0
52926 551 0.0
55494 578 1.0
56646 590 1.0
56649 590 1.0
57033 594 1.0
62496 651 1.0
63945 666 1.0
65572 683 1.0
65763 685 1.0
65761 685 1.0
67588 704 1.0
69514 724 1.0
73250 763 1.0
73248 763 1.0
81319 847 1.0
82084 855 1.0
82855 863 1.0
83334 868 1.0
88993 927 1.0
88996 927 1.0
90246 940 1.0
90630 944 1.0
90632 944 1.0
90726 945 1.0
94951 989 1.0
105216 1096 1.0
105702 1101 1.0
106758 1112 1.0
108102 1126 1.0
108098 1126 1.0
112610 1173 1.0
113283 1180 1.0
113286 1180 1.0
113769 1185 1.0
113770 1185 1.0
117224 1221 1.0
117891 1228 1.0
119334 1243 1.0
119337 1243 1.0
120195 1252 1.0
120196 1252 1.0
121633 1267 1.0
124130 1293 1.0
124416 1296 1.0
125093 1303 1.0
125184 1304 1.0
125859 1311 1.0
128452 1338 1.0
131432 1369 1.0
131427 1369 1.0
132098 1376 1.0
134024 1396 1.0
138050 1438 1.0
142083 1480 1.0
142084 1480 1.0
145925 1520 1.0
148608 1548 1.0
152166 1585 1.0
152256 1586 1.0
153315 1597 1.0
45408 473 1.0
57319 597 1.0
80928 843 1.0
82371 858 1.0
104160 1085 1.0
104553 1089 1.0
105313 1097 1.0
106848 1113 1.0
115017 1198 1.0
123936 1291 1.0
128644 1340 1.0
129696 1351 1.0
132096 1376 1.0
134112 1397 1.0
142756 1487 1.0
150055 1563 1.0
153225 1596 1.0
59814 623 1.0
15938 166 1.0
 fin motif
# 8 target:1 c+:168 c-:3 score:30.413679376666952 score+:179.50908147132716 score-:39.60615633865918 nb:6 =l_2c_17 l_2c_6 l_2c_16 l_2c_14 l_2c_4 l_2c_11 
6336 66 1.0
62304 649 1.0
77280 805 1.0
6723 70 1.0
28130 293 1.0
40035 417 1.0
67105 699 1.0
73930 770 1.0
74307 774 1.0
94850 988 1.0
103301 1076 1.0
104064 1084 1.0
28131 293 1.0
53188 554 1.0
769 8 1.0
4898 51 1.0
15560 162 1.0
21218 221 1.0
24199 252 0.0
25066 261 1.0
26210 273 1.0
29671 309 1.0
41189 429 1.0
52705 549 1.0
59810 623 1.0
59907 624 1.0
63841 665 1.0
66435 692 1.0
80068 834 1.0
95719 997 1.0
97828 1019 1.0
98211 1023 1.0
105504 1099 1.0
106179 1106 1.0
112614 1173 1.0
116932 1218 1.0
117316 1222 1.0
117798 1227 1.0
121824 1269 1.0
132102 1376 1.0
137472 1432 1.0
146985 1531 1.0
147844 1540 1.0
148423 1546 1.0
3753 39 1.0
25162 262 1.0
38308 399 1.0
41188 429 1.0
42440 442 1.0
50688 528 1.0
56546 589 1.0
66727 695 1.0
88042 917 1.0
89189 929 1.0
92836 967 1.0
104162 1085 1.0
116451 1213 1.0
123271 1284 1.0
127972 1333 1.0
136226 1419 1.0
138148 1439 1.0
138632 1444 1.0
390 4 1.0
773 8 1.0
2213 23 1.0
2304 24 1.0
2312 24 1.0
3847 40 1.0
5191 54 1.0
6344 66 1.0
6915 72 1.0
6916 72 1.0
6917 72 1.0
6918 72 1.0
9414 98 1.0
9992 104 1.0
11622 121 1.0
12486 130 1.0
12678 132 1.0
13065 136 0.0
13066 136 0.0
14787 154 1.0
16133 168 1.0
16708 174 1.0
16706 174 1.0
18915 197 1.0
19302 201 1.0
26214 273 1.0
26792 279 1.0
31585 329 1.0
32362 337 1.0
32744 341 1.0
33801 352 1.0
35334 368 1.0
36480 380 1.0
38309 399 1.0
38788 404 1.0
40609 423 1.0
40611 423 1.0
41958 437 1.0
42339 441 1.0
42825 446 1.0
44256 461 1.0
44257 461 1.0
44448 463 1.0
44934 468 1.0
45123 470 1.0
45412 473 1.0
45602 475 1.0
45603 475 1.0
45601 475 1.0
46280 482 1.0
46279 482 1.0
48291 503 1.0
49440 515 1.0
50113 522 1.0
50115 522 1.0
50116 522 1.0
50695 528 1.0
51080 532 1.0
52928 551 0.0
52926 551 0.0
52925 551 0.0
54340 566 1.0
55494 578 1.0
56646 590 1.0
56648 590 1.0
56649 590 1.0
57027 594 1.0
57026 594 1.0
57033 594 1.0
57893 603 1.0
62497 651 1.0
62496 651 1.0
64420 671 1.0
64417 671 1.0
65472 682 1.0
65572 683 1.0
65761 685 1.0
67588 704 1.0
69513 724 1.0
69512 724 1.0
72779 758 1.0
73249 763 1.0
73250 763 1.0
73248 763 1.0
73830 769 1.0
74505 776 1.0
77670 809 1.0
80071 834 1.0
80935 843 1.0
81319 847 1.0
82087 855 1.0
82084 855 1.0
82848 863 1.0
82855 863 1.0
82854 863 1.0
83719 872 1.0
83907 874 1.0
83910 874 1.0
84964 885 1.0
88993 927 1.0
89475 932 1.0
90246 940 1.0
90242 940 1.0
90245 940 1.0
90630 944 1.0
90628 944 1.0
90632 944 1.0
94951 989 1.0
97635 1017 1.0
103302 1076 1.0
105216 1096 1.0
105701 1101 1.0
105696 1101 1.0
105702 1101 1.0
106758 1112 1.0
108102 1126 1.0
108098 1126 1.0
108100 1126 1.0
109738 1143 1.0
111270 1159 1.0
112610 1173 1.0
113283 1180 1.0
113286 1180 1.0
113771 1185 1.0
113769 1185 1.0
113770 1185 1.0
116455 1213 1.0
117224 1221 1.0
117891 1228 1.0
119335 1243 1.0
119334 1243 1.0
119337 1243 1.0
120195 1252 1.0
120198 1252 1.0
120196 1252 1.0
120866 1259 1.0
121546 1266 1.0
121633 1267 1.0
122882 1280 1.0
123941 1291 1.0
124130 1293 1.0
124422 1296 1.0
124416 1296 1.0
125093 1303 1.0
125184 1304 1.0
125859 1311 1.0
126531 1318 1.0
128449 1338 1.0
128452 1338 1.0
131427 1369 1.0
132098 1376 1.0
134024 1396 1.0
137192 1429 1.0
138050 1438 1.0
138624 1444 1.0
141514 1474 1.0
142083 1480 1.0
142085 1480 1.0
142084 1480 1.0
145153 1512 1.0
148608 1548 1.0
148609 1548 1.0
149671 1559 1.0
152166 1585 1.0
152256 1586 1.0
152257 1586 1.0
153224 1596 1.0
153315 1597 1.0
59814 623 1.0
18538 193 1.0
18914 197 1.0
45122 470 1.0
47814 498 1.0
47816 498 1.0
65575 683 1.0
85253 888 1.0
104070 1084 1.0
 fin motif
# 9 target:1 c+:83 c-:1 score:24.73408532732779 score+:152.61965631901933 score-:24.002412616914853 nb:7 =l_2c_0 l_2c_17 l_2c_2 l_2c_1 l_2c_6 l_2c_10 l_2c_5 
6723 70 1.0
74307 774 1.0
94850 988 1.0
28131 293 1.0
26214 273 1.0
94951 989 1.0
113286 1180 1.0
117224 1221 1.0
1442 15 1.0
1445 15 1.0
9993 104 1.0
13830 144 1.0
26793 279 1.0
28424 296 1.0
30052 313 1.0
34763 362 1.0
36873 384 1.0
42443 442 1.0
52706 549 1.0
65479 682 1.0
76995 802 1.0
80936 843 1.0
83239 867 1.0
83909 874 1.0
84867 884 1.0
88805 925 1.0
100993 1052 1.0
104166 1085 1.0
108869 1134 1.0
113960 1187 1.0
117889 1228 1.0
123651 1288 1.0
129698 1351 1.0
131428 1369 1.0
134114 1397 1.0
134215 1398 1.0
136233 1419 1.0
138150 1439 1.0
138631 1444 1.0
141513 1474 1.0
141797 1477 1.0
142568 1485 1.0
142657 1486 1.0
770 8 1.0
62882 655 1.0
72482 755 1.0
1449 15 1.0
2307 24 1.0
4903 51 1.0
5281 55 1.0
12482 130 1.0
14499 151 1.0
21029 219 1.0
21224 221 1.0
23047 240 1.0
24488 255 1.0
25924 270 1.0
33219 346 1.0
34177 356 1.0
35527 370 1.0
45608 475 1.0
57219 596 1.0
58080 605 1.0
67594 704 1.0
69409 723 1.0
102436 1067 1.0
104164 1085 1.0
112515 1172 1.0
116453 1213 1.0
117892 1228 1.0
125095 1303 1.0
125864 1311 1.0
127971 1333 1.0
127974 1333 1.0
134017 1396 1.0
136230 1419 1.0
136422 1421 1.0
138635 1444 1.0
139977 1458 1.0
145154 1512 1.0
148422 1546 1.0
152353 1587 1.0
5280 55 1.0
10560 110 1.0
10562 110 1.0
14496 151 1.0
25921 270 1.0
29285 305 1.0
34176 356 1.0
36483 380 1.0
49354 514 0.0
49444 515 1.0
64130 668 1.0
64129 668 1.0
66919 697 1.0
104075 1084 1.0
112512 1172 1.0
149481 1557 1.0
 fin motif
