# 0 target:1 c+:154 c-:4 score:126.6715209409051 score+:651.657068691325 score-:68.96807236316164 nb:6 =l_0c_2 l_0c_14 l_0c_10 l_0c_12 l_0c_8 l_0c_1 
2 0 1.0
1731 18 1.0
3269 34 1.0
3744 39 1.0
5574 58 1.0
5669 59 1.0
7300 76 1.0
7878 82 1.0
8736 91 1.0
9603 100 1.0
9697 101 1.0
12007 125 1.0
12297 128 1.0
12966 135 1.0
13153 137 1.0
18337 191 1.0
19010 198 1.0
20165 210 1.0
20744 216 1.0
21222 221 1.0
21888 228 1.0
22280 232 1.0
23042 240 1.0
23624 246 1.0
25642 267 1.0
26018 271 1.0
28230 294 1.0
29000 302 1.0
29671 309 1.0
30058 313 1.0
30438 317 1.0
32168 335 1.0
32554 339 1.0
33415 348 1.0
36489 380 1.0
36678 382 1.0
36871 384 1.0
38890 405 1.0
39754 414 1.0
40035 417 1.0
40805 425 1.0
41861 436 1.0
41952 437 1.0
43393 452 1.0
45511 474 1.0
45700 476 1.0
45994 479 1.0
46471 484 1.0
46753 487 1.0
47334 493 1.0
47911 499 1.0
48678 507 1.0
49059 511 1.0
49445 515 1.0
50791 529 0.0
51370 535 1.0
52710 549 1.0
52999 552 1.0
54245 565 0.0
56835 592 1.0
57993 604 1.0
60392 629 1.0
60777 633 1.0
63360 660 1.0
65859 686 1.0
66058 688 1.0
66245 690 1.0
66821 696 1.0
66922 697 1.0
67104 699 1.0
68936 718 1.0
70978 739 0.0
71045 740 1.0
71335 743 1.0
72102 751 1.0
76615 798 1.0
78057 813 1.0
79303 826 1.0
79594 829 1.0
79879 832 1.0
80932 843 1.0
81610 850 1.0
81704 851 1.0
81889 853 1.0
82182 856 1.0
84770 883 1.0
84870 884 1.0
86792 904 1.0
88808 925 1.0
89673 934 1.0
90243 940 1.0
92073 959 1.0
92355 962 1.0
94472 984 1.0
98120 1022 1.0
98792 1029 1.0
100809 1050 1.0
102913 1072 1.0
104935 1093 1.0
105124 1095 1.0
108576 1131 1.0
108680 1132 1.0
109352 1139 1.0
109542 1141 1.0
109922 1145 1.0
110120 1147 1.0
110403 1150 1.0
111178 1158 1.0
111367 1160 1.0
111944 1166 1.0
112615 1173 1.0
116742 1216 1.0
117610 1225 1.0
118565 1235 1.0
120001 1250 1.0
123082 1282 1.0
123944 1291 1.0
127204 1325 1.0
130951 1364 1.0
131809 1373 1.0
132103 1376 1.0
132960 1385 1.0
133441 1390 1.0
136417 1421 1.0
136906 1426 1.0
137000 1427 1.0
138249 1440 1.0
139104 1449 1.0
139301 1451 1.0
140648 1465 1.0
140938 1468 1.0
143140 1491 1.0
144198 1502 1.0
144296 1503 1.0
146499 1526 1.0
149283 1555 1.0
149482 1557 1.0
151014 1573 1.0
151300 1576 1.0
151877 1582 1.0
152357 1587 1.0
152451 1588 1.0
152548 1589 1.0
153511 1599 1.0
25825 269 1.0
39849 415 1.0
54058 563 1.0
69603 725 1.0
79402 827 1.0
114366 1191 0.0
577 6 1.0
34850 363 1.0
48960 510 1.0
80841 842 1.0
93216 971 1.0
98112 1022 1.0
101570 1058 1.0
109345 1139 1.0
122880 1280 1.0
105220 1096 1.0
 fin motif
# 1 target:1 c+:148 c-:9 score:114.14363860640472 score+:706.4050991119451 score-:181.34436152248333 nb:6 =l_0c_6 l_0c_15 l_0c_13 l_0c_3 l_0c_4 l_0c_12 
4035 42 1.0
5094 53 1.0
6728 70 1.0
7683 80 1.0
11809 123 1.0
12199 127 1.0
13637 142 1.0
14593 152 1.0
16808 175 1.0
18725 195 1.0
22852 238 1.0
26216 273 1.0
28132 293 1.0
29095 303 1.0
38697 403 1.0
40803 425 1.0
45894 478 1.0
53088 553 1.0
61951 645 0.0
69507 724 1.0
72676 757 1.0
75174 783 1.0
86791 904 1.0
89954 937 1.0
91586 954 1.0
91783 956 1.0
92067 959 1.0
94088 980 1.0
95236 992 1.0
95531 995 1.0
113288 1180 1.0
116835 1217 1.0
117124 1220 1.0
117411 1223 1.0
119621 1246 1.0
122212 1273 1.0
124232 1294 1.0
125093 1303 1.0
128163 1335 1.0
130464 1359 1.0
141505 1474 1.0
147936 1541 1.0
151491 1578 1.0
2116 22 1.0
7778 81 1.0
8548 89 1.0
9509 99 1.0
10386 108 0.0
10660 111 1.0
10759 112 1.0
10857 113 1.0
11236 117 1.0
11336 118 1.0
12868 134 1.0
12962 135 1.0
13350 139 1.0
17670 184 1.0
18149 189 1.0
18721 195 1.0
19969 208 1.0
20163 210 1.0
21893 228 1.0
21993 229 1.0
22083 230 1.0
22656 236 0.0
23233 242 1.0
23905 249 1.0
24680 257 0.0
27172 283 1.0
28419 296 1.0
28708 299 1.0
29088 303 1.0
30912 322 1.0
40999 427 1.0
44161 460 1.0
45600 475 1.0
45888 478 1.0
46660 486 1.0
55209 575 1.0
56644 590 1.0
57313 597 1.0
59620 621 1.0
60288 628 1.0
61448 640 1.0
62401 650 1.0
65765 685 1.0
66148 689 1.0
67201 700 1.0
67789 706 0.0
68544 714 1.0
69702 726 1.0
71626 746 0.0
72289 753 1.0
79779 831 1.0
80457 838 1.0
81316 847 1.0
81602 850 1.0
81987 854 1.0
85632 892 1.0
90532 943 1.0
90624 944 1.0
90913 947 1.0
92175 960 0.0
92449 963 1.0
94084 980 1.0
95333 993 1.0
96004 1000 1.0
96581 1006 1.0
100801 1050 1.0
102245 1065 1.0
102920 1072 1.0
104546 1089 1.0
106659 1111 1.0
108481 1130 1.0
109059 1136 1.0
115009 1198 1.0
119811 1248 1.0
120577 1256 1.0
120775 1258 1.0
120960 1260 1.0
124328 1295 0.0
124805 1300 1.0
127208 1325 1.0
130371 1358 1.0
130561 1360 1.0
132865 1384 1.0
134599 1402 1.0
137573 1433 1.0
137762 1435 1.0
143235 1492 1.0
143333 1493 1.0
144487 1505 1.0
144769 1508 1.0
145062 1511 1.0
147361 1535 1.0
148034 1542 1.0
149665 1559 1.0
150049 1563 1.0
153120 1595 1.0
48295 503 1.0
48290 503 1.0
125865 1311 1.0
152256 1586 1.0
9411 98 1.0
13062 136 0.0
16706 174 1.0
18918 197 1.0
23239 242 1.0
31587 329 1.0
31591 329 1.0
45125 470 1.0
45408 473 1.0
45410 473 1.0
57319 597 1.0
62500 651 1.0
64896 676 1.0
72674 757 1.0
82369 858 1.0
82371 858 1.0
90242 940 1.0
92455 963 1.0
94950 989 1.0
103305 1076 1.0
115017 1198 1.0
122210 1273 1.0
123936 1291 1.0
124418 1296 1.0
124421 1296 1.0
125184 1304 1.0
128642 1340 1.0
138051 1438 1.0
142848 1488 1.0
150055 1563 1.0
152259 1586 1.0
 fin motif
# 2 target:1 c+:87 c-:6 score:72.48262039744488 score+:287.6560168875795 score-:84.70467977473382 nb:3 =l_0c_18 l_0c_2 l_0c_12 
10757 112 1.0
11236 117 1.0
12962 135 1.0
16900 176 1.0
28419 296 1.0
33796 352 1.0
35328 368 1.0
44928 468 1.0
61061 636 1.0
73540 766 1.0
86788 904 1.0
107719 1122 0.0
109062 1136 1.0
110500 1151 1.0
119810 1248 1.0
120868 1259 1.0
127587 1329 1.0
133828 1394 1.0
149667 1559 1.0
2308 24 1.0
6340 66 1.0
10405 108 0.0
12385 129 1.0
12673 132 1.0
14502 151 1.0
17859 186 1.0
17961 187 1.0
18148 189 1.0
22086 230 1.0
22755 237 1.0
26401 275 1.0
30244 315 1.0
32353 337 1.0
34945 364 1.0
35040 365 1.0
38499 401 1.0
39265 409 1.0
41569 433 1.0
43680 455 1.0
48288 503 1.0
50979 531 1.0
52512 547 1.0
52611 548 1.0
54529 568 1.0
54723 570 1.0
56259 586 1.0
57793 602 1.0
57888 603 1.0
63655 663 1.0
65672 684 0.0
67971 708 1.0
72777 758 1.0
73254 763 1.0
74118 772 1.0
75075 782 1.0
75168 783 1.0
77193 804 1.0
85353 889 1.0
86786 904 1.0
87651 913 0.0
91491 953 1.0
91686 955 1.0
95040 990 1.0
96385 1004 1.0
99744 1039 1.0
102822 1071 1.0
108771 1133 1.0
114643 1194 0.0
119142 1241 1.0
120396 1254 0.0
125478 1307 1.0
126050 1313 1.0
127681 1330 1.0
131523 1370 1.0
137188 1429 1.0
138049 1438 1.0
138336 1441 1.0
142852 1488 1.0
144099 1501 1.0
145059 1511 1.0
145159 1512 1.0
145731 1518 1.0
147938 1541 1.0
148038 1542 1.0
15745 164 1.0
15744 164 1.0
18918 197 1.0
36481 380 1.0
37255 388 1.0
37254 388 1.0
45125 470 1.0
45408 473 1.0
49442 515 1.0
64896 676 1.0
94950 989 1.0
103305 1076 1.0
138051 1438 1.0
142848 1488 1.0
 fin motif
# 3 target:1 c+:49 c-:2 score:61.29809094634979 score+:342.6412637421759 score-:60.67004538896686 nb:6 =l_0c_18 l_0c_6 l_0c_17 l_0c_19 l_0c_12 l_0c_11 
8939 93 1.0
10571 110 1.0
12011 125 1.0
15946 166 1.0
18912 197 1.0
23240 242 1.0
27553 287 1.0
31019 323 1.0
31593 329 1.0
33418 348 1.0
34858 363 1.0
36346 378 0.0
36481 380 1.0
38023 396 1.0
39562 412 1.0
44553 464 1.0
45120 470 1.0
45417 473 1.0
49442 515 1.0
58086 605 1.0
60384 629 1.0
63077 657 1.0
68930 718 1.0
68929 718 1.0
69033 719 1.0
69322 722 1.0
70944 739 0.0
72107 751 1.0
73162 762 1.0
78154 814 1.0
85254 888 1.0
91205 950 1.0
92456 963 1.0
99178 1033 1.0
105609 1100 1.0
111938 1166 1.0
118953 1239 1.0
119520 1245 1.0
120487 1255 1.0
123940 1291 1.0
124234 1294 1.0
124420 1296 1.0
124519 1297 1.0
130752 1362 1.0
132011 1375 1.0
132096 1376 1.0
132970 1385 1.0
133931 1395 1.0
134987 1406 1.0
136715 1424 1.0
140457 1463 1.0
153226 1596 1.0
 fin motif
# 4 target:1 c+:259 c-:48 score:58.63341163843984 score+:1064.945025491074 score-:830.4113789373146 nb:5 =l_0c_15 l_0c_14 l_0c_10 l_0c_4 l_0c_1 
15269 159 1.0
22374 233 1.0
25350 264 1.0
30146 314 1.0
30626 319 1.0
32739 341 1.0
37921 395 1.0
38308 399 1.0
41281 430 1.0
41956 437 1.0
46465 484 1.0
47336 493 1.0
55494 578 1.0
66817 696 1.0
71617 746 0.0
86792 904 1.0
101956 1062 1.0
111456 1161 1.0
116737 1216 1.0
120480 1255 1.0
123849 1290 1.0
124514 1297 1.0
125382 1306 1.0
139297 1451 1.0
148994 1552 1.0
153316 1597 1.0
1921 20 1.0
5090 53 1.0
7021 73 0.0
8078 84 0.0
11142 116 0.0
11813 123 1.0
14595 152 1.0
16804 175 1.0
19877 207 0.0
20938 218 0.0
21794 227 1.0
21890 228 1.0
22952 239 0.0
25742 268 0.0
30822 321 0.0
31206 325 0.0
31684 330 1.0
45890 478 1.0
58374 608 0.0
58849 613 1.0
59617 621 1.0
59719 622 0.0
60101 626 0.0
60289 628 1.0
63364 660 1.0
63552 662 1.0
65287 680 1.0
65858 686 1.0
67301 701 0.0
68646 715 0.0
71238 742 0.0
72294 753 1.0
75170 783 1.0
75265 784 1.0
75462 786 0.0
75557 787 0.0
76421 796 0.0
77088 803 1.0
77576 808 1.0
86212 898 1.0
87174 908 0.0
89568 933 1.0
91681 955 1.0
92068 959 1.0
94181 981 0.0
94852 988 1.0
97925 1020 1.0
101387 1056 0.0
101859 1061 0.0
110024 1146 0.0
111650 1163 1.0
118466 1234 1.0
123366 1285 0.0
124804 1300 1.0
125958 1312 0.0
129700 1351 1.0
129796 1352 1.0
135363 1410 0.0
135651 1413 0.0
136321 1420 1.0
137764 1435 1.0
140737 1466 0.0
141126 1470 0.0
141509 1474 1.0
143332 1493 1.0
145825 1519 1.0
151489 1578 1.0
152641 1590 1.0
8452 88 1.0
147463 1536 1.0
771 8 1.0
3362 35 1.0
6049 63 1.0
6442 67 1.0
10273 107 1.0
21415 223 1.0
22566 235 1.0
26118 272 1.0
32357 337 1.0
36099 376 1.0
41000 427 1.0
46081 480 1.0
61927 645 0.0
63168 658 1.0
68071 709 0.0
77953 812 1.0
78916 822 1.0
79969 833 1.0
83331 868 1.0
83433 869 1.0
83521 870 1.0
88129 918 1.0
103589 1079 1.0
110982 1156 1.0
111553 1162 1.0
114720 1195 1.0
116073 1209 1.0
118089 1230 1.0
127490 1328 1.0
134116 1397 1.0
140260 1461 1.0
144007 1500 1.0
145633 1517 1.0
98 1 1.0
679 7 1.0
680 7 1.0
773 8 1.0
1063 11 1.0
1348 14 1.0
1920 20 1.0
3940 41 1.0
4032 42 1.0
4132 43 1.0
5481 57 1.0
5863 61 1.0
6634 69 1.0
7022 73 0.0
8079 84 0.0
8162 85 1.0
8165 85 1.0
8355 87 1.0
8354 87 1.0
9511 99 1.0
10762 112 1.0
10858 113 1.0
11143 116 0.0
11337 118 1.0
11622 121 1.0
13351 139 1.0
14022 146 1.0
14594 152 1.0
15179 158 0.0
15181 158 0.0
15560 162 1.0
16038 167 1.0
18153 189 1.0
19878 207 0.0
19973 208 1.0
20160 210 1.0
20939 218 0.0
21793 227 1.0
21994 229 1.0
22084 230 1.0
22657 236 0.0
22953 239 0.0
23238 242 1.0
23816 248 1.0
23904 249 1.0
24004 250 1.0
24199 252 0.0
24681 257 0.0
24864 259 1.0
25066 261 1.0
25744 268 0.0
26119 272 1.0
26595 277 1.0
26694 278 1.0
26693 278 1.0
27840 290 1.0
30823 321 0.0
30921 322 1.0
31207 325 0.0
31687 330 1.0
32360 337 1.0
32835 342 1.0
35809 373 1.0
35918 374 0.0
37832 394 1.0
39463 411 1.0
39947 416 1.0
41002 427 1.0
41672 434 1.0
42149 439 1.0
43320 451 0.0
43972 458 1.0
45506 474 1.0
45897 478 1.0
46564 485 1.0
46951 489 1.0
48486 505 1.0
48674 507 1.0
53865 561 0.0
53864 561 0.0
54439 567 1.0
54436 567 1.0
55210 575 1.0
55300 576 1.0
55592 579 1.0
57318 597 1.0
58375 608 0.0
58470 609 1.0
58848 613 1.0
59335 618 1.0
59616 621 1.0
59720 622 0.0
60102 626 0.0
60298 628 1.0
61253 638 0.0
61252 638 0.0
61449 640 1.0
62402 650 1.0
62977 656 1.0
62980 656 1.0
63457 661 1.0
63456 661 1.0
63559 662 1.0
64514 672 1.0
65290 680 1.0
65768 685 1.0
65861 686 1.0
66435 692 1.0
67302 701 0.0
67790 706 0.0
68545 714 1.0
68647 715 0.0
69705 726 1.0
70272 732 1.0
70273 732 1.0
70473 734 1.0
71239 742 0.0
72583 756 1.0
73930 770 1.0
74026 771 1.0
75264 784 1.0
75463 786 0.0
75558 787 0.0
76422 796 0.0
77094 803 1.0
77955 812 1.0
79784 831 1.0
79973 833 1.0
80459 838 1.0
81605 850 1.0
81988 854 1.0
83044 865 1.0
83332 868 1.0
86497 901 1.0
87175 908 0.0
89381 931 1.0
89570 933 1.0
89671 934 1.0
90537 943 1.0
90627 944 1.0
90914 947 1.0
91008 948 1.0
91009 948 1.0
91104 949 1.0
91680 955 1.0
91901 957 0.0
91881 957 0.0
92070 959 1.0
92160 960 0.0
92454 963 1.0
93600 975 1.0
94182 981 0.0
94466 984 1.0
94567 985 1.0
95331 993 1.0
95528 995 1.0
95719 997 1.0
96586 1006 1.0
97828 1019 1.0
97931 1020 1.0
98216 1023 1.0
98593 1027 1.0
98592 1027 1.0
98983 1031 1.0
100418 1046 1.0
101389 1056 0.0
101664 1059 1.0
101860 1061 0.0
102144 1064 1.0
102250 1065 1.0
102921 1072 1.0
103881 1082 1.0
103879 1082 1.0
104066 1084 1.0
105504 1099 1.0
106179 1106 1.0
108388 1129 1.0
108480 1130 1.0
109060 1136 1.0
109153 1137 1.0
109155 1137 1.0
110026 1146 0.0
110593 1152 1.0
110691 1153 1.0
112328 1170 1.0
112614 1173 1.0
113377 1181 1.0
114630 1194 0.0
115015 1198 1.0
116160 1210 1.0
117024 1219 1.0
117316 1222 1.0
117798 1227 1.0
118467 1234 1.0
118662 1236 1.0
119713 1247 1.0
119814 1248 1.0
120582 1256 1.0
120777 1258 1.0
120965 1260 1.0
121736 1268 1.0
121824 1269 1.0
123367 1285 0.0
123557 1287 1.0
124034 1292 1.0
124230 1294 1.0
124330 1295 0.0
124806 1300 1.0
124896 1301 1.0
125959 1312 0.0
127494 1328 1.0
129702 1351 1.0
129800 1352 1.0
130085 1355 1.0
130374 1358 1.0
130560 1360 1.0
132102 1376 1.0
132864 1384 1.0
134024 1396 1.0
134118 1397 1.0
135361 1410 0.0
136320 1420 1.0
137472 1432 1.0
139712 1455 0.0
140167 1460 1.0
140264 1461 1.0
140354 1462 1.0
140738 1466 0.0
141127 1470 0.0
141218 1471 1.0
142465 1484 1.0
142752 1487 1.0
143334 1493 1.0
143622 1496 1.0
143905 1499 1.0
144004 1500 1.0
144399 1504 0.0
144488 1505 1.0
144674 1507 1.0
144680 1507 1.0
144778 1508 1.0
145063 1511 1.0
145824 1519 1.0
145923 1520 1.0
146985 1531 1.0
147362 1535 1.0
149672 1559 1.0
150054 1563 1.0
150247 1565 1.0
150435 1567 1.0
152455 1588 1.0
152640 1590 1.0
152743 1591 1.0
153128 1595 1.0
102 1 1.0
6048 63 1.0
8166 85 1.0
17291 180 1.0
22571 235 1.0
26597 277 1.0
36107 376 1.0
46080 480 1.0
63171 658 1.0
70275 732 1.0
81509 849 1.0
83435 869 1.0
83520 870 1.0
95530 995 1.0
103590 1079 1.0
110983 1156 1.0
136139 1418 1.0
141222 1471 1.0
143910 1499 1.0
145632 1517 1.0
6146 64 1.0
95529 995 1.0
141081 1469 0.0
 fin motif
# 5 target:1 c+:141 c-:3 score:43.27423748747467 score+:420.1926958590866 score-:91.30849095427916 nb:11 =l_0c_2 l_0c_16 l_0c_14 l_0c_10 l_0c_12 l_0c_7 l_0c_1 l_0c_8 l_0c_3 l_0c_13 l_0c_4 
2 0 1.0
1731 18 1.0
3269 34 1.0
3744 39 1.0
5574 58 1.0
5669 59 1.0
7300 76 1.0
7878 82 1.0
8736 91 1.0
9603 100 1.0
9697 101 1.0
12007 125 1.0
12297 128 1.0
12966 135 1.0
13153 137 1.0
18337 191 1.0
19010 198 1.0
20165 210 1.0
20744 216 1.0
21222 221 1.0
21888 228 1.0
22280 232 1.0
23042 240 1.0
23624 246 1.0
25642 267 1.0
26018 271 1.0
28230 294 1.0
29000 302 1.0
29671 309 1.0
30058 313 1.0
30438 317 1.0
32168 335 1.0
32554 339 1.0
33415 348 1.0
36489 380 1.0
36678 382 1.0
36871 384 1.0
38890 405 1.0
39754 414 1.0
40035 417 1.0
40805 425 1.0
41861 436 1.0
41952 437 1.0
43393 452 1.0
45511 474 1.0
45700 476 1.0
45994 479 1.0
46471 484 1.0
46753 487 1.0
47334 493 1.0
47911 499 1.0
48678 507 1.0
49059 511 1.0
49445 515 1.0
50791 529 0.0
51370 535 1.0
52710 549 1.0
52999 552 1.0
54245 565 0.0
56835 592 1.0
57993 604 1.0
60392 629 1.0
60777 633 1.0
63360 660 1.0
65859 686 1.0
66058 688 1.0
66245 690 1.0
66821 696 1.0
66922 697 1.0
67104 699 1.0
68936 718 1.0
70978 739 0.0
71045 740 1.0
71335 743 1.0
72102 751 1.0
76615 798 1.0
78057 813 1.0
79303 826 1.0
79594 829 1.0
79879 832 1.0
80932 843 1.0
81610 850 1.0
81704 851 1.0
81889 853 1.0
82182 856 1.0
84770 883 1.0
84870 884 1.0
86792 904 1.0
88808 925 1.0
89673 934 1.0
90243 940 1.0
92073 959 1.0
92355 962 1.0
94472 984 1.0
98120 1022 1.0
98792 1029 1.0
100809 1050 1.0
102913 1072 1.0
104935 1093 1.0
105124 1095 1.0
108576 1131 1.0
108680 1132 1.0
109352 1139 1.0
109542 1141 1.0
109922 1145 1.0
110120 1147 1.0
110403 1150 1.0
111178 1158 1.0
111367 1160 1.0
111944 1166 1.0
112615 1173 1.0
116742 1216 1.0
117610 1225 1.0
118565 1235 1.0
120001 1250 1.0
123082 1282 1.0
123944 1291 1.0
127204 1325 1.0
130951 1364 1.0
131809 1373 1.0
132103 1376 1.0
132960 1385 1.0
133441 1390 1.0
136417 1421 1.0
136906 1426 1.0
137000 1427 1.0
138249 1440 1.0
139104 1449 1.0
139301 1451 1.0
140648 1465 1.0
140938 1468 1.0
143140 1491 1.0
144198 1502 1.0
144296 1503 1.0
146499 1526 1.0
149283 1555 1.0
149482 1557 1.0
151014 1573 1.0
151300 1576 1.0
151877 1582 1.0
152357 1587 1.0
152451 1588 1.0
152548 1589 1.0
153511 1599 1.0
 fin motif
# 6 target:1 c+:80 c-:6 score:33.35186283475343 score+:364.43163415010525 score-:170.9908297085354 nb:8 =l_0c_18 l_0c_15 l_0c_16 l_0c_13 l_0c_14 l_0c_4 l_0c_3 l_0c_12 
10757 112 1.0
11236 117 1.0
12962 135 1.0
16900 176 1.0
28419 296 1.0
33796 352 1.0
35328 368 1.0
44928 468 1.0
61061 636 1.0
73540 766 1.0
86788 904 1.0
107719 1122 0.0
109062 1136 1.0
110500 1151 1.0
119810 1248 1.0
120868 1259 1.0
127587 1329 1.0
133828 1394 1.0
149667 1559 1.0
2308 24 1.0
6340 66 1.0
10405 108 0.0
12385 129 1.0
12673 132 1.0
14502 151 1.0
17859 186 1.0
17961 187 1.0
18148 189 1.0
22086 230 1.0
22755 237 1.0
26401 275 1.0
30244 315 1.0
32353 337 1.0
34945 364 1.0
35040 365 1.0
38499 401 1.0
39265 409 1.0
41569 433 1.0
43680 455 1.0
48288 503 1.0
50979 531 1.0
52512 547 1.0
52611 548 1.0
54529 568 1.0
54723 570 1.0
56259 586 1.0
57793 602 1.0
63655 663 1.0
65672 684 0.0
67971 708 1.0
72777 758 1.0
73254 763 1.0
74118 772 1.0
75075 782 1.0
75168 783 1.0
77193 804 1.0
85353 889 1.0
86786 904 1.0
87651 913 0.0
91491 953 1.0
91686 955 1.0
95040 990 1.0
96385 1004 1.0
99744 1039 1.0
102822 1071 1.0
108771 1133 1.0
114643 1194 0.0
119142 1241 1.0
120396 1254 0.0
125478 1307 1.0
126050 1313 1.0
127681 1330 1.0
131523 1370 1.0
137188 1429 1.0
138049 1438 1.0
138336 1441 1.0
144099 1501 1.0
145059 1511 1.0
145159 1512 1.0
145731 1518 1.0
147938 1541 1.0
148038 1542 1.0
9411 98 1.0
45408 473 1.0
45410 473 1.0
64896 676 1.0
72674 757 1.0
122210 1273 1.0
 fin motif
# 7 target:1 c+:54 c-:3 score:30.480888159504655 score+:118.92400106384979 score-:33.577514217236754 nb:3 =l_0c_17 l_0c_3 l_0c_4 
29473 307 1.0
13065 136 0.0
90245 940 1.0
49824 519 1.0
139776 1456 1.0
44546 464 1.0
8452 88 1.0
46660 486 1.0
147463 1536 1.0
771 8 1.0
3362 35 1.0
6049 63 1.0
6442 67 1.0
10273 107 1.0
22566 235 1.0
36099 376 1.0
46081 480 1.0
61927 645 0.0
63168 658 1.0
68071 709 0.0
77953 812 1.0
78916 822 1.0
79969 833 1.0
81696 851 1.0
83433 869 1.0
83521 870 1.0
88129 918 1.0
103589 1079 1.0
110982 1156 1.0
111553 1162 1.0
114720 1195 1.0
145633 1517 1.0
13062 136 0.0
16706 174 1.0
23239 242 1.0
31591 329 1.0
90242 940 1.0
92455 963 1.0
124418 1296 1.0
128642 1340 1.0
148422 1546 1.0
152259 1586 1.0
152353 1587 1.0
10570 110 1.0
38021 396 1.0
40230 419 1.0
44550 464 1.0
51078 532 1.0
51552 537 1.0
58091 605 1.0
63075 657 1.0
64139 668 1.0
73445 765 1.0
79494 828 1.0
81515 849 1.0
111937 1166 1.0
129314 1347 1.0
129888 1353 1.0
136708 1424 1.0
151203 1575 1.0
 fin motif
# 8 target:1 c+:138 c-:12 score:21.157576865448306 score+:269.64905795849785 score-:185.01875049670463 nb:5 =l_0c_6 l_0c_14 l_0c_3 l_0c_1 l_0c_7 
4035 42 1.0
5094 53 1.0
6557 68 0.0
6728 70 1.0
7683 80 1.0
11809 123 1.0
12199 127 1.0
13637 142 1.0
14593 152 1.0
16808 175 1.0
18725 195 1.0
22852 238 1.0
26216 273 1.0
28132 293 1.0
29095 303 1.0
37063 386 1.0
38697 403 1.0
40803 425 1.0
45894 478 1.0
53088 553 1.0
61951 645 0.0
66625 694 1.0
67039 698 0.0
69507 724 1.0
72676 757 1.0
75174 783 1.0
85950 895 0.0
86791 904 1.0
89954 937 1.0
91586 954 1.0
91783 956 1.0
92067 959 1.0
93411 973 1.0
94088 980 1.0
95236 992 1.0
95531 995 1.0
100419 1046 1.0
113288 1180 1.0
116835 1217 1.0
117124 1220 1.0
117411 1223 1.0
119621 1246 1.0
122212 1273 1.0
124232 1294 1.0
125093 1303 1.0
128163 1335 1.0
130464 1359 1.0
136423 1421 1.0
136614 1423 1.0
141505 1474 1.0
147936 1541 1.0
151491 1578 1.0
2116 22 1.0
7778 81 1.0
8548 89 1.0
9509 99 1.0
10386 108 0.0
10660 111 1.0
10759 112 1.0
10857 113 1.0
11236 117 1.0
11336 118 1.0
12868 134 1.0
12962 135 1.0
13350 139 1.0
17670 184 1.0
18149 189 1.0
18721 195 1.0
19969 208 1.0
20163 210 1.0
21893 228 1.0
21993 229 1.0
22083 230 1.0
22656 236 0.0
23233 242 1.0
23905 249 1.0
24680 257 0.0
27172 283 1.0
28419 296 1.0
28708 299 1.0
29088 303 1.0
30912 322 1.0
40999 427 1.0
44161 460 1.0
45600 475 1.0
45888 478 1.0
55209 575 1.0
56644 590 1.0
57313 597 1.0
59620 621 1.0
60288 628 1.0
61448 640 1.0
62401 650 1.0
65765 685 1.0
66148 689 1.0
67201 700 1.0
67789 706 0.0
68544 714 1.0
69702 726 1.0
71626 746 0.0
72289 753 1.0
79779 831 1.0
80457 838 1.0
81316 847 1.0
81602 850 1.0
81987 854 1.0
85632 892 1.0
90532 943 1.0
90624 944 1.0
90913 947 1.0
92175 960 0.0
92449 963 1.0
94084 980 1.0
95333 993 1.0
96004 1000 1.0
96581 1006 1.0
100801 1050 1.0
102245 1065 1.0
102920 1072 1.0
104546 1089 1.0
106659 1111 1.0
108481 1130 1.0
109059 1136 1.0
115009 1198 1.0
119811 1248 1.0
120577 1256 1.0
120775 1258 1.0
120960 1260 1.0
124328 1295 0.0
124805 1300 1.0
127208 1325 1.0
130371 1358 1.0
130561 1360 1.0
132865 1384 1.0
134599 1402 1.0
137573 1433 1.0
137762 1435 1.0
143235 1492 1.0
143333 1493 1.0
144487 1505 1.0
144769 1508 1.0
145062 1511 1.0
147361 1535 1.0
148034 1542 1.0
149665 1559 1.0
150049 1563 1.0
153120 1595 1.0
21415 223 1.0
41000 427 1.0
116073 1209 1.0
118089 1230 1.0
127490 1328 1.0
144007 1500 1.0
66720 695 1.0
141081 1469 0.0
 fin motif
# 9 target:1 c+:24 c-:1 score:18.825741262570507 score+:107.09443851613811 score-:20.496028708313787 nb:6 =l_0c_6 l_0c_10 l_0c_13 l_0c_3 l_0c_4 l_0c_12 
26214 273 1.0
113286 1180 1.0
117224 1221 1.0
148608 1548 1.0
5193 54 1.0
12485 130 1.0
13066 136 0.0
13062 136 0.0
16708 174 1.0
16706 174 1.0
31584 329 1.0
46280 482 1.0
50115 522 1.0
57033 594 1.0
62500 651 1.0
62496 651 1.0
67592 704 1.0
82369 858 1.0
82371 858 1.0
82855 863 1.0
90246 940 1.0
90242 940 1.0
94945 989 1.0
105218 1096 1.0
105702 1101 1.0
106760 1112 1.0
121632 1267 1.0
124425 1296 1.0
125184 1304 1.0
128452 1338 1.0
 fin motif
