# 0 target:0 c+:350 c-:545 score:174.66005167029732 score+:2814.2356305301782 score-:4141.6520232244375 nb:11 =l_2c_11 l_2c_8 l_2c_1 l_2c_2 l_2c_17 l_2c_13 l_2c_9 l_2c_19 l_2c_0 l_2c_12 l_2c_6 
912 36 1.0
2816 112 1.0
4884 195 1.0
6854 274 1.0
13716 548 1.0
15127 605 1.0
15159 606 1.0
15214 608 1.0
15567 622 1.0
15920 636 1.0
16464 658 1.0
16491 659 1.0
16502 660 1.0
16577 663 1.0
16929 677 1.0
17260 690 1.0
18257 730 1.0
18462 738 1.0
18622 744 1.0
18706 748 1.0
18741 749 1.0
19128 765 1.0
19320 772 1.0
19839 793 1.0
19887 795 1.0
19917 796 1.0
20179 807 1.0
20268 810 1.0
20367 814 1.0
20473 818 1.0
20575 823 1.0
20929 837 1.0
20967 838 1.0
21016 840 1.0
21157 846 1.0
21416 856 1.0
21466 858 1.0
22067 882 1.0
22113 884 1.0
22189 887 1.0
22340 893 1.0
22390 895 1.0
9133 365 1.0
17943 717 1.0
18037 721 1.0
1288 51 1.0
1400 56 1.0
1796 71 1.0
1992 79 1.0
2639 105 1.0
2961 118 1.0
3190 127 1.0
3265 130 1.0
4013 160 1.0
4338 173 1.0
4441 177 1.0
5864 234 1.0
7644 305 1.0
7725 309 1.0
7825 313 1.0
8000 320 1.0
8417 336 1.0
9462 378 1.0
10050 402 1.0
10386 415 1.0
10801 432 1.0
11048 441 1.0
12050 482 1.0
12792 511 1.0
12891 515 1.0
13900 556 1.0
14100 564 1.0
14291 571 1.0
14905 596 1.0
15011 600 1.0
15042 601 1.0
15062 602 1.0
15082 603 1.0
15107 604 1.0
15191 607 1.0
15319 612 1.0
15368 614 1.0
15383 615 1.0
15416 616 1.0
15475 619 1.0
15519 620 1.0
15600 624 1.0
15626 625 1.0
15670 626 1.0
15690 627 1.0
15725 629 1.0
15798 631 1.0
15826 633 1.0
15864 634 1.0
15892 635 1.0
15973 638 1.0
15976 639 1.0
16000 640 1.0
16045 641 1.0
16102 644 1.0
16134 645 1.0
16155 646 1.0
16186 647 1.0
16219 648 1.0
16226 649 1.0
16256 650 1.0
16325 653 1.0
16390 655 1.0
16419 656 1.0
16546 661 1.0
16554 662 1.0
16608 664 1.0
16640 665 1.0
16667 666 1.0
16689 667 1.0
16719 668 1.0
16785 671 1.0
16840 673 1.0
16865 674 1.0
16875 675 1.0
16913 676 1.0
16962 678 1.0
16992 679 1.0
17015 680 1.0
17080 683 1.0
17104 684 1.0
17171 686 1.0
17175 687 1.0
17304 692 1.0
17335 693 1.0
17353 694 1.0
17379 695 1.0
17400 696 1.0
17426 697 1.0
17463 698 1.0
17591 703 1.0
17618 704 1.0
17640 705 1.0
17666 706 1.0
17684 707 1.0
17766 710 1.0
17792 711 1.0
17829 713 1.0
17871 714 1.0
18012 720 1.0
18093 723 1.0
18143 725 1.0
18169 726 1.0
18187 727 1.0
18216 728 1.0
18225 729 1.0
18315 732 1.0
18367 734 1.0
18389 735 1.0
18489 739 1.0
18543 741 1.0
18566 742 1.0
18638 745 1.0
18675 747 1.0
18801 752 1.0
18864 754 1.0
18915 756 1.0
18937 757 1.0
18990 759 1.0
19002 760 1.0
19069 762 1.0
19094 763 1.0
19119 764 1.0
19164 766 1.0
19193 767 1.0
19200 768 1.0
19243 769 1.0
19294 771 1.0
19326 773 1.0
19361 774 1.0
19428 777 1.0
19466 778 1.0
19541 781 1.0
19617 784 1.0
19640 785 1.0
19661 786 1.0
19678 787 1.0
19714 788 1.0
19738 789 1.0
19814 792 1.0
19936 797 1.0
19952 798 1.0
20007 800 1.0
20037 801 1.0
20055 802 1.0
20092 803 1.0
20115 804 1.0
20141 805 1.0
20157 806 1.0
20201 808 1.0
20227 809 1.0
20280 811 1.0
20342 813 1.0
20415 816 1.0
20440 817 1.0
20523 820 1.0
20560 822 1.0
20656 826 1.0
20687 827 1.0
20701 828 1.0
20745 829 1.0
20756 830 1.0
20794 831 1.0
20802 832 1.0
20869 834 1.0
21097 843 1.0
21102 844 1.0
21129 845 1.0
21180 847 1.0
21267 850 1.0
21287 851 1.0
21344 853 1.0
21354 854 1.0
21387 855 1.0
21429 857 1.0
21521 860 1.0
21525 861 1.0
21550 862 1.0
21575 863 1.0
21661 866 1.0
21675 867 1.0
21719 868 1.0
21817 872 1.0
21829 873 1.0
21914 876 1.0
21950 878 1.0
21991 879 1.0
22018 880 1.0
22037 881 1.0
22088 883 1.0
22155 886 1.0
22286 891 1.0
22419 896 1.0
25 1 0.0
100 4 0.0
227 9 0.0
300 12 0.0
325 13 0.0
408 16 0.0
500 20 0.0
575 23 0.0
657 26 0.0
725 29 0.0
800 32 0.0
853 34 0.0
939 37 0.0
975 39 0.0
1065 42 0.0
1150 46 0.0
1209 48 0.0
1225 49 0.0
1263 50 0.0
1307 52 1.0
1350 54 0.0
1461 58 1.0
1550 62 1.0
1650 66 0.0
1727 69 0.0
1821 72 0.0
1891 75 0.0
1933 77 0.0
2100 84 0.0
2162 86 0.0
2200 88 0.0
2250 90 0.0
2325 93 0.0
2350 94 0.0
2452 98 0.0
2475 99 0.0
2725 109 0.0
2777 111 0.0
2825 113 0.0
2925 117 0.0
3020 120 0.0
3025 121 0.0
3125 125 0.0
3327 133 0.0
3387 135 0.0
3415 136 0.0
3500 140 0.0
3575 143 0.0
3600 144 0.0
3775 151 0.0
3864 154 1.0
3914 156 0.0
3929 157 0.0
3952 158 0.0
4153 166 0.0
4175 167 1.0
4250 170 0.0
4350 174 0.0
4375 175 0.0
4468 178 0.0
4547 181 0.0
4600 184 0.0
4625 185 0.0
4675 187 0.0
4700 188 0.0
4798 191 0.0
4900 196 1.0
4950 198 0.0
5020 200 0.0
5131 205 0.0
5150 206 0.0
5259 210 0.0
5325 213 0.0
5375 215 0.0
5400 216 0.0
5447 217 0.0
5450 218 0.0
5503 220 0.0
5506 220 0.0
5550 222 0.0
5622 224 0.0
5691 227 0.0
5725 229 0.0
5757 230 0.0
5973 238 0.0
5975 239 0.0
6050 242 1.0
6075 243 0.0
6154 246 0.0
6299 251 0.0
6425 257 0.0
6450 258 0.0
6565 262 0.0
6625 265 0.0
6670 266 0.0
6721 268 0.0
6745 269 0.0
6775 271 0.0
6825 273 0.0
6877 275 0.0
7025 281 0.0
7050 282 0.0
7103 284 0.0
7125 285 0.0
7158 286 0.0
7175 287 0.0
7200 288 0.0
7250 290 0.0
7333 293 0.0
7475 299 0.0
7550 302 0.0
7678 307 0.0
7709 308 0.0
7769 310 0.0
7850 314 0.0
7925 317 0.0
7965 318 0.0
8078 323 0.0
8149 325 0.0
8194 327 0.0
8250 330 1.0
8377 335 0.0
8490 339 0.0
8500 340 0.0
8613 344 0.0
8707 348 0.0
8735 349 0.0
8761 350 0.0
8795 351 0.0
8804 352 0.0
8932 357 0.0
9022 360 0.0
9187 367 0.0
9350 374 0.0
9414 376 0.0
9475 379 0.0
9550 382 0.0
9584 383 0.0
9615 384 0.0
9625 385 0.0
9707 388 0.0
9749 389 0.0
9795 391 0.0
9867 394 0.0
9927 397 0.0
9975 399 0.0
10100 404 0.0
10150 406 0.0
10200 408 0.0
10275 411 0.0
10350 414 0.0
10600 424 0.0
10625 425 0.0
10684 427 0.0
10700 428 0.0
10725 429 0.0
10875 435 0.0
10977 439 0.0
11007 440 0.0
11075 443 0.0
11194 447 0.0
11213 448 0.0
11249 449 0.0
11314 452 0.0
11400 456 0.0
11445 457 0.0
11600 464 0.0
11679 467 0.0
11700 468 0.0
11775 471 0.0
11832 473 0.0
11927 477 0.0
12075 483 0.0
12123 484 0.0
12125 485 0.0
12166 486 0.0
12209 488 0.0
12282 491 0.0
12318 492 0.0
12328 493 0.0
12494 499 0.0
12525 501 0.0
12562 502 0.0
12575 503 0.0
12618 504 0.0
12825 513 0.0
12858 514 0.0
13062 522 0.0
13145 525 0.0
13248 529 0.0
13265 530 0.0
13275 531 1.0
13305 532 0.0
13344 533 0.0
13450 538 0.0
13487 539 0.0
13544 541 0.0
13575 543 0.0
13625 545 0.0
13783 551 0.0
13977 559 0.0
14000 560 0.0
14025 561 0.0
14070 562 0.0
14248 569 0.0
14319 572 0.0
14402 576 0.0
14450 578 0.0
14500 580 0.0
14553 582 0.0
14820 592 0.0
14899 595 0.0
14953 598 0.0
15266 610 1.0
15275 611 1.0
15525 621 1.0
16725 669 1.0
17034 681 1.0
17125 685 1.0
17222 688 1.0
17476 699 1.0
17539 701 1.0
17725 709 1.0
17814 712 1.0
18509 740 1.0
18954 758 1.0
19025 761 1.0
19759 790 1.0
19798 791 1.0
20300 812 1.0
20900 836 1.0
20998 839 1.0
21225 849 1.0
21779 871 1.0
22317 892 1.0
2 0 0.0
45 1 0.0
66 2 0.0
88 3 0.0
103 4 0.0
138 5 0.0
156 6 0.0
189 7 0.0
194 7 0.0
205 8 0.0
211 8 0.0
248 9 0.0
272 10 0.0
280 11 0.0
319 12 0.0
335 13 0.0
363 14 0.0
387 15 0.0
393 15 0.0
411 16 0.0
444 17 0.0
466 18 0.0
483 19 1.0
518 20 0.0
526 21 0.0
564 22 0.0
590 23 0.0
616 24 0.0
602 24 0.0
633 25 0.0
665 26 0.0
687 27 0.0
707 28 0.0
731 29 0.0
753 30 0.0
788 31 0.0
793 31 0.0
818 32 0.0
828 33 0.0
863 34 0.0
895 35 0.0
931 37 0.0
963 38 0.0
984 39 0.0
1007 40 0.0
1045 41 0.0
1051 42 0.0
1089 43 0.0
1103 44 0.0
1131 45 0.0
1163 46 0.0
1193 47 0.0
1218 48 0.0
1228 49 0.0
1255 50 0.0
1312 52 1.0
1329 53 0.0
1354 54 0.0
1391 55 0.0
1444 57 0.0
1464 58 1.0
1483 59 0.0
1510 60 0.0
1531 61 0.0
1558 62 1.0
1589 63 0.0
1615 64 0.0
1630 65 0.0
1665 66 0.0
1679 67 0.0
1717 68 0.0
1720 68 0.0
1736 69 0.0
1769 70 0.0
1819 72 0.0
1840 73 0.0
1869 74 0.0
1895 75 0.0
1919 76 0.0
1934 77 0.0
1962 78 0.0
1965 78 0.0
2007 80 0.0
2027 81 0.0
2065 82 0.0
2085 83 0.0
2121 84 0.0
2139 85 0.0
2165 86 0.0
2178 87 0.0
2205 88 0.0
2235 89 0.0
2254 90 0.0
2280 91 0.0
2302 92 0.0
2300 92 0.0
2331 93 0.0
2351 94 0.0
2393 95 0.0
2414 96 0.0
2433 97 0.0
2457 98 0.0
2492 99 0.0
2508 100 0.0
2530 101 0.0
2557 102 0.0
2581 103 0.0
2617 104 0.0
2662 106 0.0
2692 107 0.0
2701 108 0.0
2736 109 0.0
2774 110 0.0
2785 111 0.0
2831 113 0.0
2861 114 0.0
2882 115 0.0
2912 116 0.0
2941 117 0.0
2986 119 0.0
3013 120 0.0
3015 120 0.0
3030 121 0.0
3057 122 0.0
3079 123 0.0
3116 124 0.0
3138 125 0.0
3152 126 0.0
3206 128 0.0
3207 128 0.0
3229 129 0.0
3288 131 0.0
3311 132 0.0
3342 133 0.0
3360 134 0.0
3378 135 0.0
3409 136 0.0
3430 137 0.0
3456 138 0.0
3497 139 0.0
3521 140 0.0
3549 141 0.0
3554 142 0.0
3585 143 0.0
3613 144 0.0
3642 145 0.0
3665 146 0.0
3677 147 0.0
3718 148 0.0
3734 149 0.0
3766 150 0.0
3760 150 0.0
3793 151 0.0
3821 152 0.0
3830 153 0.0
3851 154 1.0
3886 155 0.0
3911 156 0.0
3955 158 0.0
3990 159 0.0
4031 161 0.0
4062 162 0.0
4093 163 0.0
4102 164 0.0
4139 165 0.0
4151 166 0.0
4181 167 1.0
4208 168 0.0
4241 169 0.0
4260 170 0.0
4253 170 0.0
4291 171 0.0
4313 172 0.0
4367 174 0.0
4402 176 0.0
4412 176 0.0
4458 178 0.0
4487 179 0.0
4504 180 0.0
4539 181 0.0
4553 182 0.0
4605 184 0.0
4646 185 0.0
4667 186 0.0
4678 187 0.0
4722 188 0.0
4730 189 0.0
4764 190 0.0
4803 192 0.0
4827 193 0.0
4857 194 0.0
4903 196 1.0
4936 197 0.0
4956 198 0.0
4991 199 0.0
5012 200 0.0
5027 201 0.0
5036 201 0.0
5063 202 0.0
5088 203 0.0
5103 204 0.0
5132 205 0.0
5171 206 0.0
5182 207 0.0
5203 208 0.0
5233 209 0.0
5261 210 0.0
5292 211 0.0
5314 212 0.0
5346 213 0.0
5358 214 0.0
5397 215 0.0
5385 215 0.0
5415 216 0.0
5438 217 0.0
5472 218 0.0
5478 219 0.0
5483 219 0.0
5507 220 0.0
5541 221 0.0
5558 222 0.0
5585 223 0.0
5618 224 0.0
5639 225 0.0
5670 226 0.0
5720 228 0.0
5737 229 0.0
5769 230 0.0
5783 231 0.0
5818 232 0.0
5826 233 0.0
5891 235 0.0
5915 236 0.0
5940 237 0.0
5956 238 0.0
6022 240 0.0
6028 241 1.0
6060 242 1.0
6086 243 0.0
6111 244 0.0
6135 245 0.0
6138 245 0.0
6171 246 0.0
6180 247 0.0
6219 248 0.0
6225 249 0.0
6304 252 0.0
6313 252 0.0
6342 253 0.0
6361 254 0.0
6383 255 1.0
6406 256 0.0
6439 257 0.0
6468 258 0.0
6478 259 0.0
6507 260 0.0
6539 261 1.0
6567 262 0.0
6579 263 0.0
6602 264 0.0
6632 265 0.0
6660 266 0.0
6682 267 0.0
6709 268 0.0
6739 269 0.0
6751 270 0.0
6782 271 0.0
6808 272 0.0
6840 273 0.0
6907 276 0.0
6931 277 0.0
6953 278 0.0
6964 278 0.0
6993 279 0.0
7018 280 0.0
7035 281 0.0
7059 282 0.0
7091 283 0.0
7113 284 0.0
7143 285 0.0
7195 287 0.0
7228 289 0.0
7263 290 0.0
7272 290 0.0
7277 291 0.0
7302 292 0.0
7328 293 0.0
7353 294 0.0
7392 295 0.0
7400 296 0.0
7410 296 0.0
7437 297 0.0
7450 298 0.0
7508 300 0.0
7526 301 0.0
7565 302 0.0
7580 303 0.0
7600 304 0.0
7658 306 0.0
7691 307 0.0
7714 308 0.0
7757 310 0.0
7775 311 0.0
7786 311 0.0
7805 312 0.0
7863 314 0.0
7881 315 0.0
7911 316 0.0
7948 317 0.0
7964 318 0.0
7977 319 0.0
8036 321 0.0
8054 322 0.0
8121 324 0.0
8135 325 0.0
8162 326 0.0
8189 327 0.0
8204 328 0.0
8242 329 0.0
8254 330 1.0
8289 331 0.0
8287 331 0.0
8303 332 0.0
8332 333 0.0
8367 334 0.0
8388 335 0.0
8436 337 0.0
8453 338 0.0
8482 339 0.0
8519 340 0.0
8528 341 0.0
8561 342 0.0
8583 343 0.0
8614 344 0.0
8647 345 0.0
8653 346 0.0
8680 347 0.0
8713 348 0.0
8726 349 0.0
8769 350 0.0
8752 350 0.0
8781 351 0.0
8802 352 0.0
8800 352 0.0
8836 353 0.0
8867 354 0.0
8890 355 0.0
8902 356 0.0
8928 357 0.0
8944 357 0.0
8969 358 0.0
8992 359 0.0
9005 360 0.0
9042 361 0.0
9052 362 0.0
9078 363 0.0
9116 364 0.0
9162 366 1.0
9221 368 0.0
9231 369 0.0
9253 370 0.0
9299 371 0.0
9312 372 0.0
9333 373 0.0
9351 374 0.0
9379 375 0.0
9409 376 0.0
9426 377 0.0
9497 379 0.0
9513 380 0.0
9532 381 0.0
9572 382 0.0
9589 383 0.0
9610 384 0.0
9642 385 0.0
9659 386 0.0
9694 387 0.0
9710 388 0.0
9740 389 0.0
9756 390 0.0
9786 391 0.0
9815 392 0.0
9842 393 0.0
9852 394 0.0
9892 395 0.0
9923 396 0.0
9933 397 0.0
9956 398 0.0
9965 398 0.0
9977 399 0.0
10011 400 0.0
10043 401 0.0
10078 403 0.0
10136 405 0.0
10169 406 0.0
10177 407 0.0
10208 408 0.0
10246 409 0.0
10255 410 0.0
10290 411 0.0
10306 412 0.0
10333 413 0.0
10358 414 0.0
10404 416 0.0
10430 417 0.0
10439 417 0.0
10455 418 0.0
10462 418 0.0
10480 419 0.0
10518 420 0.0
10530 421 0.0
10553 422 0.0
10581 423 0.0
10644 425 0.0
10672 426 0.0
10683 427 0.0
10713 428 0.0
10736 429 0.0
10756 430 0.0
10778 431 0.0
10847 433 0.0
10873 434 0.0
10884 435 0.0
10904 436 0.0
10936 437 0.0
10960 438 1.0
10988 439 0.0
11002 440 0.0
11059 442 0.0
11104 444 0.0
11146 445 0.0
11164 446 0.0
11209 448 0.0
11220 448 0.0
11241 449 0.0
11256 450 0.0
11285 451 0.0
11278 451 0.0
11303 452 0.0
11343 453 0.0
11355 454 0.0
11393 455 0.0
11443 457 0.0
11453 458 0.0
11455 458 0.0
11478 459 0.0
11505 460 0.0
11544 461 0.0
11555 462 0.0
11585 463 0.0
11581 463 0.0
11604 464 0.0
11640 465 0.0
11639 465 0.0
11671 466 0.0
11684 467 0.0
11718 468 0.0
11734 469 0.0
11725 469 0.0
11767 470 0.0
11793 471 0.0
11803 472 0.0
11843 473 0.0
11858 474 0.0
11898 475 0.0
11912 476 0.0
11938 477 0.0
11967 478 0.0
11984 479 0.0
12012 480 0.0
12046 481 0.0
12093 483 0.0
12104 484 0.0
12132 485 0.0
12162 486 0.0
12192 487 0.0
12216 488 0.0
12204 488 0.0
12244 489 0.0
12257 490 0.0
12309 492 0.0
12332 493 0.0
12344 493 0.0
12353 494 0.0
12385 495 0.0
12407 496 0.0
12431 497 0.0
12460 498 0.0
12478 499 0.0
12511 500 0.0
12532 501 0.0
12553 502 0.0
12588 503 0.0
12611 504 0.0
12635 505 0.0
12655 506 0.0
12661 506 0.0
12678 507 0.0
12706 508 0.0
12745 509 0.0
12755 510 0.0
12834 513 0.0
12850 514 0.0
12921 516 0.0
12911 516 0.0
12942 517 0.0
12978 519 1.0
13010 520 0.0
13035 521 0.0
13059 522 0.0
13078 523 0.0
13105 524 0.0
13144 525 0.0
13171 526 0.0
13191 527 0.0
13217 528 0.0
13227 529 0.0
13261 530 0.0
13288 531 1.0
13309 532 0.0
13355 534 0.0
13377 535 0.0
13375 535 0.0
13413 536 0.0
13438 537 0.0
13466 538 0.0
13476 539 0.0
13517 540 0.0
13535 541 0.0
13551 542 0.0
13590 543 0.0
13621 544 0.0
13640 545 0.0
13663 546 0.0
13691 547 0.0
13730 549 0.0
13758 550 0.0
13780 551 0.0
13806 552 0.0
13816 552 0.0
13827 553 0.0
13864 554 0.0
13889 555 0.0
13929 557 0.0
13969 558 0.0
13984 559 0.0
14018 560 0.0
14033 561 0.0
14067 562 0.0
14087 563 0.0
14130 565 0.0
14161 566 0.0
14186 567 0.0
14205 568 0.0
14239 569 0.0
14251 570 0.0
14304 572 0.0
14339 573 0.0
14371 574 0.0
14395 575 0.0
14414 576 0.0
14428 577 0.0
14454 578 0.0
14517 580 0.0
14545 581 0.0
14565 582 0.0
14581 583 0.0
14594 583 0.0
14612 584 0.0
14645 585 0.0
14663 586 0.0
14686 587 0.0
14705 588 0.0
14731 589 0.0
14766 590 0.0
14780 591 0.0
14807 592 0.0
14831 593 0.0
14852 594 0.0
14892 595 0.0
14941 597 0.0
14961 598 0.0
14994 599 0.0
15229 609 1.0
15236 609 1.0
15293 611 1.0
15337 613 1.0
15441 617 1.0
15457 618 1.0
15537 621 1.0
15586 623 1.0
15689 627 1.0
15715 628 1.0
15713 628 1.0
15703 628 1.0
15755 630 1.0
15814 632 1.0
15946 637 1.0
16060 642 1.0
16052 642 1.0
16091 643 1.0
16293 651 1.0
16308 652 0.0
16353 654 1.0
16434 657 1.0
16738 669 1.0
16770 670 1.0
16762 670 1.0
16802 672 1.0
16877 675 1.0
16920 676 1.0
17062 682 1.0
17129 685 1.0
17212 688 1.0
17242 689 1.0
17278 691 1.0
17480 699 1.0
17510 700 1.0
17556 702 1.0
17701 708 1.0
17733 709 1.0
17812 712 1.0
17881 715 1.0
17918 716 1.0
17966 718 1.0
17985 719 1.0
18011 720 1.0
18056 722 1.0
18104 724 1.0
18165 726 1.0
18291 731 1.0
18336 733 1.0
18329 733 1.0
18415 736 1.0
18443 737 1.0
18493 739 1.0
18580 743 1.0
18652 746 1.0
18752 750 1.0
18798 751 1.0
18842 753 1.0
18884 755 1.0
18955 758 1.0
19039 761 1.0
19032 761 1.0
19257 770 1.0
19395 775 1.0
19413 776 1.0
19402 776 1.0
19482 779 1.0
19511 780 1.0
19558 782 1.0
19589 783 1.0
19755 790 1.0
19853 794 1.0
19982 799 1.0
20314 812 1.0
20389 815 1.0
20492 819 1.0
20528 821 1.0
20532 821 1.0
20601 824 1.0
20636 825 1.0
20841 833 1.0
20885 835 1.0
20905 836 1.0
20994 839 1.0
21034 841 1.0
21052 842 1.0
21211 848 1.0
21245 849 1.0
21310 852 1.0
21479 859 1.0
21577 863 1.0
21613 864 1.0
21635 865 1.0
21731 869 1.0
21750 870 1.0
21777 871 1.0
21775 871 1.0
21850 874 1.0
21889 875 1.0
21936 877 1.0
21971 878 1.0
21990 879 1.0
22136 885 1.0
22201 888 1.0
22248 889 1.0
22265 890 1.0
22253 890 1.0
22309 892 1.0
22355 894 1.0
22434 897 1.0
22462 898 1.0
22460 898 1.0
22486 899 1.0
 fin motif
# 1 target:0 c+:289 c-:465 score:76.84949378019326 score+:3301.069716794999 score-:3885.1258695244674 nb:11 =l_2c_15 l_2c_3 l_2c_5 l_2c_4 l_2c_14 l_2c_13 l_2c_9 l_2c_19 l_2c_0 l_2c_12 l_2c_6 
912 36 1.0
2816 112 1.0
4884 195 1.0
6854 274 1.0
13716 548 1.0
15127 605 1.0
15159 606 1.0
15214 608 1.0
15567 622 1.0
15920 636 1.0
16464 658 1.0
16491 659 1.0
16502 660 1.0
16577 663 1.0
16929 677 1.0
17260 690 1.0
18257 730 1.0
18462 738 1.0
18622 744 1.0
18706 748 1.0
18741 749 1.0
19128 765 1.0
19320 772 1.0
19839 793 1.0
19887 795 1.0
19917 796 1.0
20179 807 1.0
20268 810 1.0
20367 814 1.0
20473 818 1.0
20575 823 1.0
20929 837 1.0
20967 838 1.0
21016 840 1.0
21157 846 1.0
21416 856 1.0
21466 858 1.0
22067 882 1.0
22113 884 1.0
22189 887 1.0
22340 893 1.0
22390 895 1.0
9133 365 1.0
17943 717 1.0
18037 721 1.0
16643 665 1.0
10385 415 1.0
19742 789 1.0
15989 639 1.0
16093 643 1.0
17512 700 1.0
20891 835 1.0
24 0 0.0
49 1 0.0
72 2 0.0
99 3 0.0
116 4 0.0
148 5 0.0
174 6 0.0
198 7 0.0
249 9 0.0
296 11 0.0
349 13 0.0
374 14 0.0
424 16 0.0
448 17 0.0
467 18 0.0
494 19 1.0
524 20 0.0
549 21 0.0
574 22 0.0
593 23 0.0
638 25 0.0
671 26 0.0
697 27 0.0
724 28 0.0
746 29 0.0
774 30 0.0
799 31 0.0
824 32 0.0
845 33 0.0
873 34 0.0
897 35 0.0
948 37 0.0
999 39 0.0
1023 40 0.0
1049 41 0.0
1074 42 0.0
1099 43 0.0
1124 44 0.0
1135 45 0.0
1174 46 0.0
1199 47 0.0
1249 49 0.0
1267 50 0.0
1299 51 1.0
1324 52 1.0
1345 53 0.0
1374 54 0.0
1396 55 0.0
1424 56 1.0
1449 57 0.0
1473 58 1.0
1496 59 0.0
1548 61 0.0
1574 62 1.0
1599 63 0.0
1624 64 0.0
1649 65 0.0
1667 66 0.0
1699 67 0.0
1724 68 0.0
1749 69 0.0
1774 70 0.0
1822 72 0.0
1849 73 0.0
1899 75 0.0
1944 77 0.0
1974 78 0.0
1998 79 1.0
2024 80 0.0
2043 81 0.0
2073 82 0.0
2099 83 0.0
2124 84 0.0
2149 85 0.0
2174 86 0.0
2222 88 0.0
2248 89 0.0
2274 90 0.0
2324 92 0.0
2374 94 0.0
2399 95 0.0
2421 96 0.0
2449 97 0.0
2473 98 0.0
2498 99 0.0
2519 100 0.0
2549 101 0.0
2574 102 0.0
2599 103 0.0
2624 104 0.0
2674 106 0.0
2699 107 0.0
2724 108 0.0
2749 109 0.0
2799 111 0.0
2849 113 0.0
2871 114 0.0
2892 115 0.0
2921 116 0.0
2947 117 0.0
2973 118 1.0
3021 120 0.0
3048 121 0.0
3074 122 0.0
3099 123 0.0
3124 124 0.0
3149 125 0.0
3173 126 0.0
3199 127 1.0
3221 128 0.0
3248 129 0.0
3272 130 1.0
3299 131 0.0
3320 132 0.0
3374 134 0.0
3396 135 0.0
3424 136 0.0
3448 137 0.0
3469 138 0.0
3524 140 0.0
3573 142 0.0
3599 143 0.0
3624 144 0.0
3648 145 0.0
3674 146 0.0
3699 147 0.0
3723 148 0.0
3749 149 0.0
3797 151 0.0
3824 152 0.0
3848 153 0.0
3874 154 1.0
3899 155 0.0
3924 156 0.0
3938 157 0.0
3974 158 0.0
3999 159 0.0
4024 160 1.0
4049 161 0.0
4097 163 0.0
4124 164 0.0
4149 165 0.0
4174 166 0.0
4190 167 1.0
4224 168 0.0
4247 169 0.0
4272 170 0.0
4299 171 0.0
4324 172 0.0
4349 173 1.0
4374 174 0.0
4399 175 0.0
4421 176 0.0
4447 177 1.0
4470 178 0.0
4524 180 0.0
4574 182 0.0
4599 183 0.0
4624 184 0.0
4648 185 0.0
4674 186 0.0
4739 189 0.0
4774 190 0.0
4799 191 0.0
4824 192 0.0
4849 193 0.0
4867 194 0.0
4946 197 0.0
4971 198 0.0
4999 199 0.0
5021 200 0.0
5043 201 0.0
5072 202 0.0
5099 203 0.0
5147 205 0.0
5197 207 0.0
5223 208 0.0
5247 209 0.0
5274 210 0.0
5294 211 0.0
5320 212 0.0
5371 214 0.0
5424 216 0.0
5449 217 0.0
5473 218 0.0
5499 219 0.0
5524 220 0.0
5544 221 0.0
5574 222 0.0
5624 224 0.0
5649 225 0.0
5674 226 0.0
5699 227 0.0
5749 229 0.0
5771 230 0.0
5795 231 0.0
5824 232 0.0
5848 233 0.0
5871 234 1.0
5899 235 0.0
5924 236 0.0
5949 237 0.0
5974 238 0.0
5999 239 0.0
6024 240 0.0
6098 243 0.0
6116 244 0.0
6143 245 0.0
6174 246 0.0
6199 247 0.0
6224 248 0.0
6249 249 0.0
6266 250 1.0
6324 252 0.0
6345 253 0.0
6369 254 0.0
6399 255 1.0
6424 256 0.0
6449 257 0.0
6496 259 0.0
6524 260 0.0
6547 261 1.0
6574 262 0.0
6596 263 0.0
6617 264 0.0
6649 265 0.0
6672 266 0.0
6724 268 0.0
6749 269 0.0
6774 270 0.0
6799 271 0.0
6814 272 0.0
6849 273 0.0
6899 275 0.0
6924 276 0.0
6949 277 0.0
6974 278 0.0
6995 279 0.0
7024 280 0.0
7046 281 0.0
7097 283 0.0
7124 284 0.0
7174 286 0.0
7223 288 0.0
7237 289 0.0
7274 290 0.0
7297 291 0.0
7323 292 0.0
7346 293 0.0
7363 294 0.0
7399 295 0.0
7424 296 0.0
7447 297 0.0
7468 298 0.0
7489 299 0.0
7521 300 0.0
7548 301 0.0
7574 302 0.0
7592 303 0.0
7624 304 0.0
7649 305 1.0
7666 306 0.0
7699 307 0.0
7724 308 0.0
7749 309 1.0
7772 310 0.0
7823 312 0.0
7846 313 1.0
7899 315 0.0
7924 316 0.0
7949 317 0.0
7974 318 0.0
7999 319 0.0
8024 320 1.0
8042 321 0.0
8074 322 0.0
8099 323 0.0
8174 326 0.0
8199 327 0.0
8224 328 0.0
8249 329 0.0
8294 331 0.0
8323 332 0.0
8346 333 0.0
8372 334 0.0
8396 335 0.0
8448 337 0.0
8469 338 0.0
8499 339 0.0
8523 340 0.0
8549 341 0.0
8574 342 0.0
8599 343 0.0
8649 345 0.0
8674 346 0.0
8699 347 0.0
8724 348 0.0
8741 349 0.0
8773 350 0.0
8799 351 0.0
8824 352 0.0
8843 353 0.0
8874 354 0.0
8899 355 0.0
8919 356 0.0
8949 357 0.0
8974 358 0.0
9024 360 0.0
9049 361 0.0
9074 362 0.0
9122 364 0.0
9174 366 1.0
9189 367 0.0
9223 368 0.0
9249 369 0.0
9270 370 0.0
9321 372 0.0
9349 373 0.0
9374 374 0.0
9391 375 0.0
9424 376 0.0
9449 377 0.0
9474 378 1.0
9499 379 0.0
9524 380 0.0
9543 381 0.0
9596 383 0.0
9621 384 0.0
9699 387 0.0
9722 388 0.0
9774 390 0.0
9799 391 0.0
9824 392 0.0
9872 394 0.0
9899 395 0.0
9973 398 0.0
9993 399 0.0
10022 400 0.0
10061 402 1.0
10097 403 0.0
10124 404 0.0
10199 407 0.0
10249 409 0.0
10274 410 0.0
10294 411 0.0
10349 413 0.0
10371 414 0.0
10418 416 0.0
10471 418 0.0
10499 419 0.0
10523 420 0.0
10574 422 0.0
10597 423 0.0
10620 424 0.0
10645 425 0.0
10697 427 0.0
10722 428 0.0
10740 429 0.0
10774 430 0.0
10874 434 0.0
10924 436 0.0
10946 437 0.0
10972 438 1.0
10997 439 0.0
11024 440 0.0
11074 442 0.0
11096 443 0.0
11117 444 0.0
11149 445 0.0
11173 446 0.0
11199 447 0.0
11224 448 0.0
11272 450 0.0
11299 451 0.0
11315 452 0.0
11349 453 0.0
11374 454 0.0
11399 455 0.0
11422 456 0.0
11446 457 0.0
11463 458 0.0
11524 460 0.0
11549 461 0.0
11593 463 0.0
11649 465 0.0
11699 467 0.0
11724 468 0.0
11748 469 0.0
11774 470 0.0
11796 471 0.0
11824 472 0.0
11873 474 0.0
11899 475 0.0
11924 476 0.0
11949 477 0.0
11974 478 0.0
11998 479 0.0
12074 482 1.0
12099 483 0.0
12124 484 0.0
12149 485 0.0
12168 486 0.0
12198 487 0.0
12224 488 0.0
12249 489 0.0
12274 490 0.0
12295 491 0.0
12324 492 0.0
12371 494 0.0
12395 495 0.0
12424 496 0.0
12447 497 0.0
12463 498 0.0
12499 499 0.0
12517 500 0.0
12548 501 0.0
12599 503 0.0
12624 504 0.0
12649 505 0.0
12699 507 0.0
12722 508 0.0
12749 509 0.0
12764 510 0.0
12799 511 1.0
12824 512 0.0
12849 513 0.0
12862 514 0.0
12899 515 1.0
12924 516 0.0
12949 517 0.0
12974 518 0.0
13024 520 0.0
13068 522 0.0
13096 523 0.0
13116 524 0.0
13149 525 0.0
13174 526 0.0
13199 527 0.0
13224 528 0.0
13249 529 0.0
13299 531 1.0
13322 532 0.0
13349 533 0.0
13374 534 0.0
13399 535 0.0
13424 536 0.0
13448 537 0.0
13473 538 0.0
13499 539 0.0
13524 540 0.0
13546 541 0.0
13574 542 0.0
13599 543 0.0
13648 545 0.0
13672 546 0.0
13699 547 0.0
13774 550 0.0
13799 551 0.0
13824 552 0.0
13849 553 0.0
13873 554 0.0
13891 555 0.0
13921 556 1.0
13949 557 0.0
13974 558 0.0
13997 559 0.0
14024 560 0.0
14049 561 0.0
14074 562 0.0
14099 563 0.0
14124 564 1.0
14149 565 0.0
14172 566 0.0
14195 567 0.0
14223 568 0.0
14249 569 0.0
14273 570 0.0
14299 571 1.0
14324 572 0.0
14349 573 0.0
14399 575 0.0
14424 576 0.0
14444 577 0.0
14465 578 0.0
14497 579 1.0
14520 580 0.0
14574 582 0.0
14599 583 0.0
14624 584 0.0
14672 586 0.0
14721 588 0.0
14749 589 0.0
14774 590 0.0
14799 591 0.0
14824 592 0.0
14849 593 0.0
14870 594 0.0
14924 596 1.0
14947 597 0.0
14974 598 0.0
14999 599 0.0
15024 600 1.0
15048 601 1.0
15074 602 1.0
15099 603 1.0
15118 604 1.0
15199 607 1.0
15274 610 1.0
15324 612 1.0
15349 613 1.0
15399 615 1.0
15424 616 1.0
15449 617 1.0
15549 621 1.0
15593 623 1.0
15624 624 1.0
15699 627 1.0
15724 628 1.0
15749 629 1.0
15760 630 1.0
15820 632 1.0
15849 633 1.0
15874 634 1.0
15899 635 1.0
15949 637 1.0
16024 640 1.0
16069 642 1.0
16119 644 1.0
16145 645 1.0
16174 646 1.0
16199 647 1.0
16224 648 1.0
16245 649 1.0
16271 650 1.0
16299 651 1.0
16347 653 1.0
16374 654 1.0
16399 655 1.0
16424 656 1.0
16444 657 1.0
16548 661 1.0
16574 662 1.0
16624 664 1.0
16674 666 1.0
16699 667 1.0
16724 668 1.0
16749 669 1.0
16774 670 1.0
16799 671 1.0
16822 672 1.0
16849 673 1.0
16874 674 1.0
16896 675 1.0
16924 676 1.0
16971 678 1.0
16999 679 1.0
17024 680 1.0
17045 681 1.0
17074 682 1.0
17099 683 1.0
17124 684 1.0
17149 685 1.0
17174 686 1.0
17198 687 1.0
17224 688 1.0
17249 689 1.0
17348 693 1.0
17399 695 1.0
17449 697 1.0
17474 698 1.0
17499 699 1.0
17548 701 1.0
17598 703 1.0
17624 704 1.0
17645 705 1.0
17674 706 1.0
17699 707 1.0
17723 708 1.0
17749 709 1.0
17773 710 1.0
17799 711 1.0
17824 712 1.0
17873 714 1.0
17899 715 1.0
17974 718 1.0
17999 719 1.0
18023 720 1.0
18099 723 1.0
18174 726 1.0
18199 727 1.0
18249 729 1.0
18299 731 1.0
18324 732 1.0
18349 733 1.0
18374 734 1.0
18399 735 1.0
18424 736 1.0
18449 737 1.0
18499 739 1.0
18517 740 1.0
18549 741 1.0
18573 742 1.0
18599 743 1.0
18649 745 1.0
18671 746 1.0
18699 747 1.0
18774 750 1.0
18820 752 1.0
18874 754 1.0
18899 755 1.0
18945 757 1.0
18974 758 1.0
18999 759 1.0
19049 761 1.0
19124 764 1.0
19174 766 1.0
19199 767 1.0
19224 768 1.0
19249 769 1.0
19299 771 1.0
19374 774 1.0
19399 775 1.0
19424 776 1.0
19474 778 1.0
19499 779 1.0
19521 780 1.0
19574 782 1.0
19599 783 1.0
19624 784 1.0
19648 785 1.0
19674 786 1.0
19699 787 1.0
19721 788 1.0
19774 790 1.0
19799 791 1.0
19824 792 1.0
19873 794 1.0
19945 797 1.0
19974 798 1.0
20024 800 1.0
20049 801 1.0
20073 802 1.0
20122 804 1.0
20174 806 1.0
20221 808 1.0
20249 809 1.0
20422 816 1.0
20447 817 1.0
20499 819 1.0
20624 824 1.0
20674 826 1.0
20699 827 1.0
20724 828 1.0
20749 829 1.0
20774 830 1.0
20799 831 1.0
20824 832 1.0
20849 833 1.0
20920 836 1.0
20999 839 1.0
21072 842 1.0
21099 843 1.0
21143 845 1.0
21198 847 1.0
21224 848 1.0
21274 850 1.0
21296 851 1.0
21323 852 1.0
21374 854 1.0
21399 855 1.0
21449 857 1.0
21499 859 1.0
21524 860 1.0
21549 861 1.0
21574 862 1.0
21599 863 1.0
21624 864 1.0
21647 865 1.0
21674 866 1.0
21699 867 1.0
21723 868 1.0
21746 869 1.0
21768 870 1.0
21869 874 1.0
21899 875 1.0
21923 876 1.0
21949 877 1.0
21974 878 1.0
21999 879 1.0
22024 880 1.0
22049 881 1.0
22098 883 1.0
22149 885 1.0
22174 886 1.0
22220 888 1.0
22273 890 1.0
22299 891 1.0
22324 892 1.0
22424 896 1.0
22449 897 1.0
22470 898 1.0
22499 899 1.0
 fin motif
