# 0 target:1 c+:352 c-:1 score:622.3419370989791 score+:3616.619854279399 score-:7.036619105320943 nb:8 =l_1c_19 l_1c_18 l_1c_8 l_1c_14 l_1c_13 l_1c_4 l_1c_11 l_1c_17 
487 19 1.0
1290 51 1.0
1315 52 1.0
1417 56 1.0
1468 58 1.0
1564 62 1.0
1798 71 1.0
1994 79 1.0
2640 105 1.0
3188 127 1.0
4179 167 1.0
4342 173 1.0
4443 177 1.0
4913 196 1.0
5862 234 1.0
6032 241 1.0
6069 242 1.0
6379 255 1.0
6530 261 1.0
7646 305 1.0
7829 313 1.0
8004 320 1.0
8420 336 1.0
9467 378 1.0
10052 402 1.0
10384 415 1.0
10803 432 1.0
10953 438 1.0
11046 441 1.0
12068 482 1.0
12794 511 1.0
12893 515 1.0
12993 519 1.0
13279 531 1.0
13902 556 1.0
14103 564 1.0
14296 571 1.0
14904 596 1.0
15013 600 1.0
15044 601 1.0
15064 602 1.0
15084 603 1.0
15105 604 1.0
15193 607 1.0
15238 609 1.0
15321 612 1.0
15346 613 1.0
15385 615 1.0
15419 616 1.0
15445 617 1.0
15477 619 1.0
15517 620 1.0
15540 621 1.0
15577 623 1.0
15604 624 1.0
15628 625 1.0
15672 626 1.0
15719 628 1.0
15727 629 1.0
15762 630 1.0
15796 631 1.0
15809 632 1.0
15828 633 1.0
15866 634 1.0
15890 635 1.0
15921 636 1.0
15971 638 1.0
15978 639 1.0
16047 641 1.0
16106 644 1.0
16136 645 1.0
16153 646 1.0
16188 647 1.0
16221 648 1.0
16230 649 1.0
16258 650 1.0
16295 651 1.0
16329 653 1.0
16392 655 1.0
16421 656 1.0
16492 659 1.0
16516 660 1.0
16544 661 1.0
16552 662 1.0
16612 664 1.0
16642 665 1.0
16672 666 1.0
16693 667 1.0
16721 668 1.0
16764 670 1.0
16789 671 1.0
16842 673 1.0
16870 674 1.0
16879 675 1.0
16915 676 1.0
16930 677 1.0
16964 678 1.0
16994 679 1.0
17017 680 1.0
17057 682 1.0
17078 683 1.0
17134 685 1.0
17169 686 1.0
17177 687 1.0
17214 688 1.0
17243 689 1.0
17261 690 1.0
17295 691 1.0
17302 692 1.0
17340 693 1.0
17377 695 1.0
17404 696 1.0
17428 697 1.0
17465 698 1.0
17478 699 1.0
17514 700 1.0
17540 701 1.0
17593 703 1.0
17620 704 1.0
17638 705 1.0
17668 706 1.0
17682 707 1.0
17718 708 1.0
17768 710 1.0
17796 711 1.0
17802 712 1.0
17833 713 1.0
17869 714 1.0
17907 716 1.0
17964 718 1.0
18043 721 1.0
18060 722 1.0
18095 723 1.0
18105 724 1.0
18145 725 1.0
18171 726 1.0
18190 727 1.0
18221 728 1.0
18227 729 1.0
18319 732 1.0
18338 733 1.0
18369 734 1.0
18393 735 1.0
18461 738 1.0
18491 739 1.0
18511 740 1.0
18545 741 1.0
18570 742 1.0
18594 743 1.0
18621 744 1.0
18640 745 1.0
18667 746 1.0
18679 747 1.0
18705 748 1.0
18867 754 1.0
18917 756 1.0
18939 757 1.0
18956 758 1.0
19004 760 1.0
19043 761 1.0
19071 762 1.0
19096 763 1.0
19121 764 1.0
19129 765 1.0
19166 766 1.0
19195 767 1.0
19202 768 1.0
19245 769 1.0
19268 770 1.0
19296 771 1.0
19319 772 1.0
19329 773 1.0
19379 775 1.0
19411 776 1.0
19468 778 1.0
19479 779 1.0
19543 781 1.0
19568 782 1.0
19619 784 1.0
19643 785 1.0
19663 786 1.0
19680 787 1.0
19718 788 1.0
19743 789 1.0
19767 790 1.0
19786 791 1.0
19816 792 1.0
19859 794 1.0
19939 797 1.0
19954 798 1.0
20011 800 1.0
20038 801 1.0
20096 803 1.0
20118 804 1.0
20142 805 1.0
20153 806 1.0
20180 807 1.0
20203 808 1.0
20231 809 1.0
20278 811 1.0
20317 812 1.0
20344 813 1.0
20396 815 1.0
20417 816 1.0
20442 817 1.0
20472 818 1.0
20521 820 1.0
20530 821 1.0
20562 822 1.0
20580 823 1.0
20617 824 1.0
20647 825 1.0
20657 826 1.0
20692 827 1.0
20703 828 1.0
20747 829 1.0
20769 830 1.0
20792 831 1.0
20804 832 1.0
20843 833 1.0
20871 834 1.0
20891 835 1.0
20931 837 1.0
20966 838 1.0
20992 839 1.0
21015 840 1.0
21045 841 1.0
21061 842 1.0
21087 843 1.0
21104 844 1.0
21131 845 1.0
21156 846 1.0
21185 847 1.0
21271 850 1.0
21292 851 1.0
21346 853 1.0
21352 854 1.0
21389 855 1.0
21431 857 1.0
21480 859 1.0
21519 860 1.0
21529 861 1.0
21554 862 1.0
21579 863 1.0
21618 864 1.0
21663 866 1.0
21679 867 1.0
21717 868 1.0
21821 872 1.0
21827 873 1.0
21916 876 1.0
21927 877 1.0
21954 878 1.0
22020 880 1.0
22042 881 1.0
22153 886 1.0
22212 888 1.0
22236 889 1.0
22263 890 1.0
22287 891 1.0
22339 893 1.0
22372 894 1.0
22417 896 1.0
22435 897 1.0
22455 898 1.0
916 36 1.0
2819 112 1.0
2964 118 1.0
3268 130 1.0
3871 154 1.0
4016 160 1.0
4889 195 1.0
6264 250 1.0
6856 274 1.0
7728 309 1.0
8274 330 1.0
9138 365 1.0
9158 366 1.0
13720 548 1.0
14494 579 1.0
15149 605 1.0
15167 606 1.0
15219 608 1.0
15267 610 1.0
15299 611 1.0
15371 614 1.0
15462 618 1.0
15571 622 1.0
15693 627 1.0
15933 637 1.0
16004 640 1.0
16066 642 1.0
16095 643 1.0
16321 652 0.0
16370 654 1.0
16443 657 1.0
16470 658 1.0
16578 663 1.0
16742 669 1.0
16817 672 1.0
17031 681 1.0
17107 684 1.0
17356 694 1.0
17571 702 1.0
17744 709 1.0
17896 715 1.0
17948 717 1.0
17990 719 1.0
18014 720 1.0
18259 730 1.0
18294 731 1.0
18412 736 1.0
18434 737 1.0
18747 749 1.0
18769 750 1.0
18782 751 1.0
18806 752 1.0
18849 753 1.0
18897 755 1.0
18994 759 1.0
19365 774 1.0
19431 777 1.0
19519 780 1.0
19591 783 1.0
19844 793 1.0
19893 795 1.0
19923 796 1.0
19997 799 1.0
20053 802 1.0
20272 810 1.0
20373 814 1.0
20484 819 1.0
20916 836 1.0
21219 848 1.0
21238 849 1.0
21301 852 1.0
21419 856 1.0
21471 858 1.0
21643 865 1.0
21743 869 1.0
21765 870 1.0
21796 871 1.0
21857 874 1.0
21897 875 1.0
21994 879 1.0
22068 882 1.0
22092 883 1.0
22114 884 1.0
22144 885 1.0
22194 887 1.0
22320 892 1.0
22394 895 1.0
22496 899 1.0
 fin motif
# 1 target:1 c+:352 c-:1 score:490.65759982825426 score+:2261.72768412778 score-:4.70272491781048 nb:6 =l_1c_19 l_1c_14 l_1c_17 l_1c_8 l_1c_13 l_1c_11 
9462 378 1.0
14905 596 1.0
15760 630 1.0
16577 663 1.0
16689 667 1.0
18216 728 1.0
19935 797 1.0
22037 881 1.0
1289 51 1.0
1416 56 1.0
1469 58 1.0
1793 71 1.0
1989 79 1.0
2959 118 1.0
3189 127 1.0
3266 130 1.0
4014 160 1.0
4180 167 1.0
4337 173 1.0
4442 177 1.0
4911 196 1.0
5861 234 1.0
6027 241 1.0
6067 242 1.0
6375 255 1.0
6528 261 1.0
6854 274 1.0
7645 305 1.0
7726 309 1.0
7830 313 1.0
8005 320 1.0
8418 336 1.0
10053 402 1.0
10385 415 1.0
10804 432 1.0
11047 441 1.0
12055 482 1.0
12789 511 1.0
12892 515 1.0
12992 519 1.0
13277 531 1.0
13903 556 1.0
14291 571 1.0
15014 600 1.0
15043 601 1.0
15059 602 1.0
15083 603 1.0
15188 607 1.0
15320 612 1.0
15369 614 1.0
15384 615 1.0
15417 616 1.0
15446 617 1.0
15476 619 1.0
15518 620 1.0
15578 623 1.0
15605 624 1.0
15627 625 1.0
15671 626 1.0
15691 627 1.0
15718 628 1.0
15728 629 1.0
15795 631 1.0
15808 632 1.0
15827 633 1.0
15865 634 1.0
15891 635 1.0
15920 636 1.0
15972 638 1.0
15977 639 1.0
16005 640 1.0
16046 641 1.0
16101 644 1.0
16137 645 1.0
16154 646 1.0
16183 647 1.0
16220 648 1.0
16225 649 1.0
16257 650 1.0
16330 653 1.0
16393 655 1.0
16420 656 1.0
16491 659 1.0
16515 660 1.0
16545 661 1.0
16553 662 1.0
16619 664 1.0
16641 665 1.0
16667 666 1.0
16720 668 1.0
16784 671 1.0
16841 673 1.0
16865 674 1.0
16880 675 1.0
16914 676 1.0
16929 677 1.0
16963 678 1.0
16993 679 1.0
17012 680 1.0
17079 683 1.0
17105 684 1.0
17170 686 1.0
17178 687 1.0
17216 688 1.0
17260 690 1.0
17303 692 1.0
17335 693 1.0
17354 694 1.0
17378 695 1.0
17405 696 1.0
17427 697 1.0
17464 698 1.0
17477 699 1.0
17510 700 1.0
17588 703 1.0
17621 704 1.0
17639 705 1.0
17669 706 1.0
17681 707 1.0
17702 708 1.0
17769 710 1.0
17795 711 1.0
17801 712 1.0
17828 713 1.0
17868 714 1.0
17911 716 1.0
17965 718 1.0
18013 720 1.0
18055 722 1.0
18096 723 1.0
18146 725 1.0
18170 726 1.0
18186 727 1.0
18226 729 1.0
18318 732 1.0
18339 733 1.0
18370 734 1.0
18391 735 1.0
18462 738 1.0
18490 739 1.0
18510 740 1.0
18540 741 1.0
18569 742 1.0
18622 744 1.0
18641 745 1.0
18680 747 1.0
18704 748 1.0
18764 750 1.0
18802 752 1.0
18863 754 1.0
18916 756 1.0
18940 757 1.0
19005 760 1.0
19041 761 1.0
19072 762 1.0
19095 763 1.0
19120 764 1.0
19128 765 1.0
19167 766 1.0
19194 767 1.0
19201 768 1.0
19246 769 1.0
19269 770 1.0
19295 771 1.0
19320 772 1.0
19325 773 1.0
19360 774 1.0
19412 776 1.0
19429 777 1.0
19469 778 1.0
19480 779 1.0
19542 781 1.0
19567 782 1.0
19620 784 1.0
19639 785 1.0
19662 786 1.0
19679 787 1.0
19717 788 1.0
19742 789 1.0
19765 790 1.0
19781 791 1.0
19815 792 1.0
19839 793 1.0
19860 794 1.0
19955 798 1.0
20009 800 1.0
20040 801 1.0
20051 802 1.0
20092 803 1.0
20116 804 1.0
20144 805 1.0
20151 806 1.0
20179 807 1.0
20202 808 1.0
20226 809 1.0
20279 811 1.0
20319 812 1.0
20345 813 1.0
20416 816 1.0
20441 817 1.0
20473 818 1.0
20520 820 1.0
20561 822 1.0
20575 823 1.0
20656 826 1.0
20687 827 1.0
20704 828 1.0
20746 829 1.0
20756 830 1.0
20791 831 1.0
20805 832 1.0
20842 833 1.0
20870 834 1.0
20915 836 1.0
20929 837 1.0
20967 838 1.0
21016 840 1.0
21063 842 1.0
21096 843 1.0
21102 844 1.0
21130 845 1.0
21157 846 1.0
21184 847 1.0
21237 849 1.0
21270 850 1.0
21291 851 1.0
21302 852 1.0
21345 853 1.0
21353 854 1.0
21388 855 1.0
21430 857 1.0
21518 860 1.0
21528 861 1.0
21553 862 1.0
21580 863 1.0
21658 866 1.0
21680 867 1.0
21718 868 1.0
21819 872 1.0
21826 873 1.0
21915 876 1.0
21929 877 1.0
21955 878 1.0
21992 879 1.0
22015 880 1.0
22087 883 1.0
22113 884 1.0
22154 886 1.0
22189 887 1.0
22216 888 1.0
22240 889 1.0
22264 890 1.0
22286 891 1.0
22340 893 1.0
22371 894 1.0
22418 896 1.0
22437 897 1.0
22456 898 1.0
487 19 1.0
912 36 1.0
1290 51 1.0
1315 52 1.0
1314 52 1.0
1417 56 1.0
1468 58 1.0
1563 62 1.0
1564 62 1.0
1798 71 1.0
1994 79 1.0
2640 105 1.0
2816 112 1.0
3188 127 1.0
3865 154 1.0
4179 167 1.0
4342 173 1.0
4443 177 1.0
4913 196 1.0
4909 196 1.0
5862 234 1.0
6031 241 1.0
6032 241 1.0
6069 242 1.0
6251 250 1.0
6379 255 1.0
6530 261 1.0
7646 305 1.0
7829 313 1.0
8004 320 1.0
8270 330 1.0
8420 336 1.0
9467 378 1.0
10052 402 1.0
10384 415 1.0
10803 432 1.0
10953 438 1.0
11046 441 1.0
12068 482 1.0
12794 511 1.0
12893 515 1.0
12993 519 1.0
13279 531 1.0
13716 548 1.0
13902 556 1.0
14102 564 1.0
14103 564 1.0
14296 571 1.0
14487 579 1.0
14904 596 1.0
15013 600 1.0
15044 601 1.0
15064 602 1.0
15084 603 1.0
15105 604 1.0
15106 604 1.0
15127 605 1.0
15159 606 1.0
15193 607 1.0
15214 608 1.0
15238 609 1.0
15253 610 1.0
15278 611 1.0
15321 612 1.0
15346 613 1.0
15345 613 1.0
15385 615 1.0
15419 616 1.0
15445 617 1.0
15457 618 1.0
15477 619 1.0
15517 620 1.0
15539 621 1.0
15540 621 1.0
15567 622 1.0
15577 623 1.0
15604 624 1.0
15628 625 1.0
15672 626 1.0
15694 627 1.0
15719 628 1.0
15727 629 1.0
15762 630 1.0
15796 631 1.0
15809 632 1.0
15828 633 1.0
15866 634 1.0
15890 635 1.0
15921 636 1.0
15932 637 1.0
15971 638 1.0
15978 639 1.0
16047 641 1.0
16061 642 1.0
16093 643 1.0
16106 644 1.0
16136 645 1.0
16153 646 1.0
16188 647 1.0
16221 648 1.0
16230 649 1.0
16258 650 1.0
16294 651 1.0
16295 651 1.0
16329 653 1.0
16392 655 1.0
16421 656 1.0
16437 657 1.0
16464 658 1.0
16492 659 1.0
16516 660 1.0
16502 660 1.0
16544 661 1.0
16552 662 1.0
16612 664 1.0
16642 665 1.0
16672 666 1.0
16693 667 1.0
16721 668 1.0
16741 669 1.0
16764 670 1.0
16789 671 1.0
16812 672 1.0
16842 673 1.0
16870 674 1.0
16879 675 1.0
16915 676 1.0
16930 677 1.0
16964 678 1.0
16994 679 1.0
17017 680 1.0
17057 682 1.0
17058 682 1.0
17078 683 1.0
17133 685 1.0
17134 685 1.0
17169 686 1.0
17177 687 1.0
17214 688 1.0
17243 689 1.0
17261 690 1.0
17295 691 1.0
17294 691 1.0
17302 692 1.0
17340 693 1.0
17377 695 1.0
17404 696 1.0
17428 697 1.0
17465 698 1.0
17479 699 1.0
17478 699 1.0
17514 700 1.0
17540 701 1.0
17570 702 1.0
17593 703 1.0
17620 704 1.0
17638 705 1.0
17668 706 1.0
17682 707 1.0
17718 708 1.0
17704 708 1.0
17768 710 1.0
17796 711 1.0
17802 712 1.0
17833 713 1.0
17869 714 1.0
17881 715 1.0
17907 716 1.0
17964 718 1.0
18016 720 1.0
18043 721 1.0
18060 722 1.0
18059 722 1.0
18095 723 1.0
18105 724 1.0
18145 725 1.0
18171 726 1.0
18190 727 1.0
18221 728 1.0
18227 729 1.0
18257 730 1.0
18293 731 1.0
18319 732 1.0
18338 733 1.0
18337 733 1.0
18369 734 1.0
18393 735 1.0
18408 736 1.0
18433 737 1.0
18461 738 1.0
18492 739 1.0
18491 739 1.0
18511 740 1.0
18545 741 1.0
18570 742 1.0
18594 743 1.0
18621 744 1.0
18640 745 1.0
18667 746 1.0
18666 746 1.0
18679 747 1.0
18705 748 1.0
18706 748 1.0
18741 749 1.0
18845 753 1.0
18867 754 1.0
18893 755 1.0
18917 756 1.0
18939 757 1.0
18956 758 1.0
18995 759 1.0
19004 760 1.0
19043 761 1.0
19071 762 1.0
19096 763 1.0
19121 764 1.0
19129 765 1.0
19166 766 1.0
19195 767 1.0
19202 768 1.0
19245 769 1.0
19268 770 1.0
19296 771 1.0
19319 772 1.0
19329 773 1.0
19377 775 1.0
19379 775 1.0
19411 776 1.0
19410 776 1.0
19468 778 1.0
19479 779 1.0
19516 780 1.0
19543 781 1.0
19568 782 1.0
19619 784 1.0
19643 785 1.0
19663 786 1.0
19680 787 1.0
19718 788 1.0
19743 789 1.0
19767 790 1.0
19786 791 1.0
19816 792 1.0
19859 794 1.0
19887 795 1.0
19917 796 1.0
19939 797 1.0
19954 798 1.0
19995 799 1.0
20011 800 1.0
20038 801 1.0
20096 803 1.0
20118 804 1.0
20142 805 1.0
20153 806 1.0
20180 807 1.0
20203 808 1.0
20231 809 1.0
20268 810 1.0
20278 811 1.0
20317 812 1.0
20344 813 1.0
20367 814 1.0
20395 815 1.0
20396 815 1.0
20417 816 1.0
20442 817 1.0
20472 818 1.0
20482 819 1.0
20521 820 1.0
20531 821 1.0
20530 821 1.0
20562 822 1.0
20580 823 1.0
20617 824 1.0
20647 825 1.0
20646 825 1.0
20657 826 1.0
20692 827 1.0
20703 828 1.0
20747 829 1.0
20769 830 1.0
20792 831 1.0
20804 832 1.0
20843 833 1.0
20844 833 1.0
20871 834 1.0
20891 835 1.0
20931 837 1.0
20966 838 1.0
20992 839 1.0
20993 839 1.0
21015 840 1.0
21045 841 1.0
21043 841 1.0
21061 842 1.0
21087 843 1.0
21104 844 1.0
21131 845 1.0
21156 846 1.0
21185 847 1.0
21217 848 1.0
21271 850 1.0
21292 851 1.0
21346 853 1.0
21352 854 1.0
21389 855 1.0
21416 856 1.0
21431 857 1.0
21466 858 1.0
21480 859 1.0
21519 860 1.0
21529 861 1.0
21554 862 1.0
21579 863 1.0
21618 864 1.0
21617 864 1.0
21639 865 1.0
21663 866 1.0
21679 867 1.0
21717 868 1.0
21759 870 1.0
21821 872 1.0
21827 873 1.0
21856 874 1.0
21882 875 1.0
21916 876 1.0
21927 877 1.0
21954 878 1.0
21995 879 1.0
22020 880 1.0
22042 881 1.0
22153 886 1.0
22212 888 1.0
22236 889 1.0
22262 890 1.0
22263 890 1.0
22287 891 1.0
22305 892 1.0
22339 893 1.0
22372 894 1.0
22390 895 1.0
22417 896 1.0
22435 897 1.0
22455 898 1.0
22492 899 1.0
4884 195 1.0
6377 255 1.0
9133 365 1.0
16369 654 1.0
17743 709 1.0
17943 717 1.0
17989 719 1.0
18037 721 1.0
18166 726 1.0
18781 751 1.0
19590 783 1.0
21742 869 1.0
21953 878 1.0
916 36 1.0
2819 112 1.0
2964 118 1.0
3268 130 1.0
3871 154 1.0
4016 160 1.0
4889 195 1.0
6264 250 1.0
6856 274 1.0
7728 309 1.0
8274 330 1.0
9138 365 1.0
9158 366 1.0
13720 548 1.0
14494 579 1.0
15149 605 1.0
15167 606 1.0
15219 608 1.0
15267 610 1.0
15299 611 1.0
15371 614 1.0
15462 618 1.0
15571 622 1.0
15693 627 1.0
15933 637 1.0
16004 640 1.0
16066 642 1.0
16095 643 1.0
16321 652 0.0
16370 654 1.0
16443 657 1.0
16470 658 1.0
16578 663 1.0
16742 669 1.0
16817 672 1.0
17029 681 1.0
17031 681 1.0
17107 684 1.0
17356 694 1.0
17571 702 1.0
17744 709 1.0
17896 715 1.0
17948 717 1.0
17990 719 1.0
18014 720 1.0
18259 730 1.0
18294 731 1.0
18412 736 1.0
18434 737 1.0
18747 749 1.0
18769 750 1.0
18782 751 1.0
18806 752 1.0
18849 753 1.0
18897 755 1.0
18994 759 1.0
19365 774 1.0
19431 777 1.0
19519 780 1.0
19591 783 1.0
19844 793 1.0
19893 795 1.0
19923 796 1.0
19997 799 1.0
20053 802 1.0
20272 810 1.0
20373 814 1.0
20484 819 1.0
20916 836 1.0
21219 848 1.0
21238 849 1.0
21301 852 1.0
21419 856 1.0
21471 858 1.0
21643 865 1.0
21743 869 1.0
21765 870 1.0
21796 871 1.0
21791 871 1.0
21857 874 1.0
21897 875 1.0
21994 879 1.0
22068 882 1.0
22092 883 1.0
22114 884 1.0
22144 885 1.0
22194 887 1.0
22320 892 1.0
22394 895 1.0
22496 899 1.0
 fin motif
# 2 target:1 c+:259 c-:3 score:119.44346940936235 score+:631.7106249232476 score-:10.604583994563416 nb:7 =l_1c_19 l_1c_14 l_1c_0 l_1c_8 l_1c_10 l_1c_13 l_1c_4 
9462 378 1.0
14905 596 1.0
15103 604 1.0
15760 630 1.0
16577 663 1.0
16689 667 1.0
18216 728 1.0
19935 797 1.0
20911 836 1.0
22037 881 1.0
1289 51 1.0
1416 56 1.0
1469 58 1.0
1793 71 1.0
1989 79 1.0
2959 118 1.0
3189 127 1.0
3266 130 1.0
4014 160 1.0
4180 167 1.0
4337 173 1.0
4442 177 1.0
4911 196 1.0
5861 234 1.0
6027 241 1.0
6067 242 1.0
6375 255 1.0
6528 261 1.0
6854 274 1.0
7645 305 1.0
7726 309 1.0
7830 313 1.0
8005 320 1.0
8418 336 1.0
10053 402 1.0
10385 415 1.0
10804 432 1.0
11047 441 1.0
12055 482 1.0
12789 511 1.0
12892 515 1.0
12992 519 1.0
13277 531 1.0
13903 556 1.0
14291 571 1.0
15014 600 1.0
15043 601 1.0
15059 602 1.0
15083 603 1.0
15188 607 1.0
15320 612 1.0
15369 614 1.0
15384 615 1.0
15417 616 1.0
15446 617 1.0
15476 619 1.0
15518 620 1.0
15578 623 1.0
15605 624 1.0
15627 625 1.0
15671 626 1.0
15691 627 1.0
15718 628 1.0
15728 629 1.0
15795 631 1.0
15808 632 1.0
15827 633 1.0
15865 634 1.0
15891 635 1.0
15920 636 1.0
15972 638 1.0
15977 639 1.0
16005 640 1.0
16046 641 1.0
16101 644 1.0
16137 645 1.0
16154 646 1.0
16183 647 1.0
16220 648 1.0
16225 649 1.0
16257 650 1.0
16330 653 1.0
16393 655 1.0
16420 656 1.0
16491 659 1.0
16515 660 1.0
16545 661 1.0
16553 662 1.0
16619 664 1.0
16641 665 1.0
16667 666 1.0
16720 668 1.0
16784 671 1.0
16841 673 1.0
16865 674 1.0
16880 675 1.0
16914 676 1.0
16929 677 1.0
16963 678 1.0
16993 679 1.0
17012 680 1.0
17079 683 1.0
17105 684 1.0
17170 686 1.0
17178 687 1.0
17216 688 1.0
17260 690 1.0
17303 692 1.0
17335 693 1.0
17354 694 1.0
17378 695 1.0
17405 696 1.0
17427 697 1.0
17464 698 1.0
17477 699 1.0
17510 700 1.0
17588 703 1.0
17621 704 1.0
17639 705 1.0
17669 706 1.0
17681 707 1.0
17702 708 1.0
17769 710 1.0
17795 711 1.0
17801 712 1.0
17828 713 1.0
17868 714 1.0
17911 716 1.0
17965 718 1.0
18013 720 1.0
18055 722 1.0
18096 723 1.0
18146 725 1.0
18170 726 1.0
18186 727 1.0
18226 729 1.0
18318 732 1.0
18339 733 1.0
18370 734 1.0
18391 735 1.0
18462 738 1.0
18490 739 1.0
18510 740 1.0
18540 741 1.0
18569 742 1.0
18622 744 1.0
18641 745 1.0
18680 747 1.0
18704 748 1.0
18764 750 1.0
18802 752 1.0
18863 754 1.0
18916 756 1.0
18940 757 1.0
19005 760 1.0
19041 761 1.0
19072 762 1.0
19095 763 1.0
19120 764 1.0
19128 765 1.0
19167 766 1.0
19194 767 1.0
19201 768 1.0
19246 769 1.0
19269 770 1.0
19295 771 1.0
19320 772 1.0
19325 773 1.0
19360 774 1.0
19412 776 1.0
19429 777 1.0
19469 778 1.0
19480 779 1.0
19542 781 1.0
19567 782 1.0
19620 784 1.0
19639 785 1.0
19662 786 1.0
19679 787 1.0
19717 788 1.0
19742 789 1.0
19765 790 1.0
19781 791 1.0
19815 792 1.0
19839 793 1.0
19860 794 1.0
19955 798 1.0
20009 800 1.0
20040 801 1.0
20051 802 1.0
20092 803 1.0
20116 804 1.0
20144 805 1.0
20151 806 1.0
20179 807 1.0
20202 808 1.0
20226 809 1.0
20279 811 1.0
20319 812 1.0
20345 813 1.0
20416 816 1.0
20441 817 1.0
20473 818 1.0
20520 820 1.0
20561 822 1.0
20575 823 1.0
20656 826 1.0
20687 827 1.0
20704 828 1.0
20746 829 1.0
20756 830 1.0
20791 831 1.0
20805 832 1.0
20842 833 1.0
20870 834 1.0
20915 836 1.0
20929 837 1.0
20967 838 1.0
21016 840 1.0
21063 842 1.0
21096 843 1.0
21102 844 1.0
21130 845 1.0
21157 846 1.0
21184 847 1.0
21237 849 1.0
21270 850 1.0
21291 851 1.0
21302 852 1.0
21345 853 1.0
21353 854 1.0
21388 855 1.0
21430 857 1.0
21518 860 1.0
21528 861 1.0
21553 862 1.0
21580 863 1.0
21658 866 1.0
21680 867 1.0
21718 868 1.0
21819 872 1.0
21826 873 1.0
21915 876 1.0
21929 877 1.0
21955 878 1.0
21992 879 1.0
22015 880 1.0
22087 883 1.0
22113 884 1.0
22154 886 1.0
22189 887 1.0
22216 888 1.0
22240 889 1.0
22264 890 1.0
22286 891 1.0
22340 893 1.0
22371 894 1.0
22418 896 1.0
22437 897 1.0
22456 898 1.0
2772 110 0.0
7016 280 0.0
7567 302 0.0
 fin motif
# 3 target:1 c+:338 c-:6 score:65.81548185549623 score+:279.0773721294961 score-:15.815444707511167 nb:5 =l_1c_19 l_1c_14 l_1c_4 l_1c_13 l_1c_10 
9462 378 1.0
14905 596 1.0
15103 604 1.0
15760 630 1.0
16577 663 1.0
16689 667 1.0
18216 728 1.0
19935 797 1.0
20911 836 1.0
22037 881 1.0
1289 51 1.0
1416 56 1.0
1469 58 1.0
1793 71 1.0
1989 79 1.0
2959 118 1.0
3189 127 1.0
3266 130 1.0
4014 160 1.0
4180 167 1.0
4337 173 1.0
4442 177 1.0
4911 196 1.0
5861 234 1.0
6027 241 1.0
6067 242 1.0
6375 255 1.0
6528 261 1.0
6854 274 1.0
7645 305 1.0
7726 309 1.0
7830 313 1.0
8005 320 1.0
8418 336 1.0
10053 402 1.0
10385 415 1.0
10804 432 1.0
11047 441 1.0
12055 482 1.0
12789 511 1.0
12892 515 1.0
12992 519 1.0
13277 531 1.0
13903 556 1.0
14291 571 1.0
15014 600 1.0
15043 601 1.0
15059 602 1.0
15083 603 1.0
15188 607 1.0
15320 612 1.0
15369 614 1.0
15384 615 1.0
15417 616 1.0
15446 617 1.0
15476 619 1.0
15518 620 1.0
15578 623 1.0
15605 624 1.0
15627 625 1.0
15671 626 1.0
15691 627 1.0
15718 628 1.0
15728 629 1.0
15795 631 1.0
15808 632 1.0
15827 633 1.0
15865 634 1.0
15891 635 1.0
15920 636 1.0
15972 638 1.0
15977 639 1.0
16005 640 1.0
16046 641 1.0
16101 644 1.0
16137 645 1.0
16154 646 1.0
16183 647 1.0
16220 648 1.0
16225 649 1.0
16257 650 1.0
16330 653 1.0
16393 655 1.0
16420 656 1.0
16491 659 1.0
16515 660 1.0
16545 661 1.0
16553 662 1.0
16619 664 1.0
16641 665 1.0
16667 666 1.0
16720 668 1.0
16784 671 1.0
16841 673 1.0
16865 674 1.0
16880 675 1.0
16914 676 1.0
16929 677 1.0
16963 678 1.0
16993 679 1.0
17012 680 1.0
17079 683 1.0
17105 684 1.0
17170 686 1.0
17178 687 1.0
17216 688 1.0
17260 690 1.0
17303 692 1.0
17335 693 1.0
17354 694 1.0
17378 695 1.0
17405 696 1.0
17427 697 1.0
17464 698 1.0
17477 699 1.0
17510 700 1.0
17588 703 1.0
17621 704 1.0
17639 705 1.0
17669 706 1.0
17681 707 1.0
17702 708 1.0
17769 710 1.0
17795 711 1.0
17801 712 1.0
17828 713 1.0
17868 714 1.0
17911 716 1.0
17965 718 1.0
18013 720 1.0
18055 722 1.0
18096 723 1.0
18146 725 1.0
18170 726 1.0
18186 727 1.0
18226 729 1.0
18318 732 1.0
18339 733 1.0
18370 734 1.0
18391 735 1.0
18462 738 1.0
18490 739 1.0
18510 740 1.0
18540 741 1.0
18569 742 1.0
18622 744 1.0
18641 745 1.0
18680 747 1.0
18704 748 1.0
18764 750 1.0
18802 752 1.0
18863 754 1.0
18916 756 1.0
18940 757 1.0
19005 760 1.0
19041 761 1.0
19072 762 1.0
19095 763 1.0
19120 764 1.0
19128 765 1.0
19167 766 1.0
19194 767 1.0
19201 768 1.0
19246 769 1.0
19269 770 1.0
19295 771 1.0
19320 772 1.0
19325 773 1.0
19360 774 1.0
19412 776 1.0
19429 777 1.0
19469 778 1.0
19480 779 1.0
19542 781 1.0
19567 782 1.0
19620 784 1.0
19639 785 1.0
19662 786 1.0
19679 787 1.0
19717 788 1.0
19742 789 1.0
19765 790 1.0
19781 791 1.0
19815 792 1.0
19839 793 1.0
19860 794 1.0
19955 798 1.0
20009 800 1.0
20040 801 1.0
20051 802 1.0
20092 803 1.0
20116 804 1.0
20144 805 1.0
20151 806 1.0
20179 807 1.0
20202 808 1.0
20226 809 1.0
20279 811 1.0
20319 812 1.0
20345 813 1.0
20416 816 1.0
20441 817 1.0
20473 818 1.0
20520 820 1.0
20561 822 1.0
20575 823 1.0
20656 826 1.0
20687 827 1.0
20704 828 1.0
20746 829 1.0
20756 830 1.0
20791 831 1.0
20805 832 1.0
20842 833 1.0
20870 834 1.0
20915 836 1.0
20929 837 1.0
20967 838 1.0
21016 840 1.0
21063 842 1.0
21096 843 1.0
21102 844 1.0
21130 845 1.0
21157 846 1.0
21184 847 1.0
21237 849 1.0
21270 850 1.0
21291 851 1.0
21302 852 1.0
21345 853 1.0
21353 854 1.0
21388 855 1.0
21430 857 1.0
21518 860 1.0
21528 861 1.0
21553 862 1.0
21580 863 1.0
21658 866 1.0
21680 867 1.0
21718 868 1.0
21819 872 1.0
21826 873 1.0
21915 876 1.0
21929 877 1.0
21955 878 1.0
21992 879 1.0
22015 880 1.0
22087 883 1.0
22113 884 1.0
22154 886 1.0
22189 887 1.0
22216 888 1.0
22240 889 1.0
22264 890 1.0
22286 891 1.0
22340 893 1.0
22371 894 1.0
22418 896 1.0
22437 897 1.0
22456 898 1.0
2772 110 0.0
7016 280 0.0
7567 302 0.0
487 19 1.0
912 36 1.0
1290 51 1.0
1315 52 1.0
1314 52 1.0
1417 56 1.0
1468 58 1.0
1563 62 1.0
1564 62 1.0
1798 71 1.0
1994 79 1.0
2578 103 0.0
2640 105 1.0
2816 112 1.0
3188 127 1.0
3865 154 1.0
4179 167 1.0
4342 173 1.0
4443 177 1.0
4913 196 1.0
4909 196 1.0
4914 196 1.0
5862 234 1.0
6031 241 1.0
6032 241 1.0
6069 242 1.0
6251 250 1.0
6379 255 1.0
6530 261 1.0
7646 305 1.0
7829 313 1.0
8004 320 1.0
8270 330 1.0
8420 336 1.0
9467 378 1.0
10052 402 1.0
10091 403 0.0
10384 415 1.0
10803 432 1.0
10953 438 1.0
11046 441 1.0
12068 482 1.0
12794 511 1.0
12893 515 1.0
12993 519 1.0
13279 531 1.0
13716 548 1.0
13902 556 1.0
14102 564 1.0
14103 564 1.0
14296 571 1.0
14487 579 1.0
14904 596 1.0
15013 600 1.0
15044 601 1.0
15064 602 1.0
15084 603 1.0
15105 604 1.0
15106 604 1.0
15127 605 1.0
15159 606 1.0
15193 607 1.0
15214 608 1.0
15238 609 1.0
15253 610 1.0
15278 611 1.0
15321 612 1.0
15346 613 1.0
15345 613 1.0
15385 615 1.0
15419 616 1.0
15445 617 1.0
15457 618 1.0
15477 619 1.0
15517 620 1.0
15539 621 1.0
15540 621 1.0
15567 622 1.0
15577 623 1.0
15604 624 1.0
15628 625 1.0
15672 626 1.0
15694 627 1.0
15719 628 1.0
15727 629 1.0
15762 630 1.0
15796 631 1.0
15809 632 1.0
15828 633 1.0
15866 634 1.0
15890 635 1.0
15921 636 1.0
15932 637 1.0
15971 638 1.0
15978 639 1.0
16047 641 1.0
16061 642 1.0
16093 643 1.0
16106 644 1.0
16136 645 1.0
16153 646 1.0
16188 647 1.0
16221 648 1.0
16230 649 1.0
16258 650 1.0
16294 651 1.0
16295 651 1.0
16329 653 1.0
16392 655 1.0
16421 656 1.0
16437 657 1.0
16464 658 1.0
16492 659 1.0
16516 660 1.0
16502 660 1.0
16544 661 1.0
16552 662 1.0
16612 664 1.0
16642 665 1.0
16672 666 1.0
16693 667 1.0
16721 668 1.0
16741 669 1.0
16764 670 1.0
16789 671 1.0
16788 671 1.0
16812 672 1.0
16842 673 1.0
16870 674 1.0
16879 675 1.0
16915 676 1.0
16930 677 1.0
16964 678 1.0
16994 679 1.0
17017 680 1.0
17057 682 1.0
17058 682 1.0
17056 682 1.0
17078 683 1.0
17133 685 1.0
17134 685 1.0
17169 686 1.0
17177 687 1.0
17214 688 1.0
17243 689 1.0
17261 690 1.0
17295 691 1.0
17294 691 1.0
17302 692 1.0
17340 693 1.0
17377 695 1.0
17404 696 1.0
17428 697 1.0
17465 698 1.0
17479 699 1.0
17478 699 1.0
17514 700 1.0
17540 701 1.0
17570 702 1.0
17593 703 1.0
17620 704 1.0
17638 705 1.0
17668 706 1.0
17682 707 1.0
17718 708 1.0
17704 708 1.0
17768 710 1.0
17796 711 1.0
17802 712 1.0
17803 712 1.0
17833 713 1.0
17869 714 1.0
17881 715 1.0
17907 716 1.0
17964 718 1.0
18016 720 1.0
18043 721 1.0
18060 722 1.0
18059 722 1.0
18095 723 1.0
18105 724 1.0
18145 725 1.0
18171 726 1.0
18190 727 1.0
18221 728 1.0
18227 729 1.0
18257 730 1.0
18293 731 1.0
18319 732 1.0
18338 733 1.0
18337 733 1.0
18369 734 1.0
18393 735 1.0
18408 736 1.0
18433 737 1.0
18461 738 1.0
18492 739 1.0
18491 739 1.0
18511 740 1.0
18545 741 1.0
18570 742 1.0
18594 743 1.0
18621 744 1.0
18640 745 1.0
18667 746 1.0
18666 746 1.0
18679 747 1.0
18705 748 1.0
18706 748 1.0
18741 749 1.0
18845 753 1.0
18867 754 1.0
18893 755 1.0
18917 756 1.0
18939 757 1.0
18956 758 1.0
18995 759 1.0
19004 760 1.0
19043 761 1.0
19071 762 1.0
19096 763 1.0
19121 764 1.0
19129 765 1.0
19166 766 1.0
19195 767 1.0
19202 768 1.0
19245 769 1.0
19268 770 1.0
19296 771 1.0
19319 772 1.0
19329 773 1.0
19377 775 1.0
19379 775 1.0
19411 776 1.0
19410 776 1.0
19468 778 1.0
19479 779 1.0
19516 780 1.0
19543 781 1.0
19568 782 1.0
19619 784 1.0
19643 785 1.0
19663 786 1.0
19680 787 1.0
19718 788 1.0
19743 789 1.0
19767 790 1.0
19786 791 1.0
19816 792 1.0
19859 794 1.0
19887 795 1.0
19917 796 1.0
19939 797 1.0
19954 798 1.0
19995 799 1.0
20011 800 1.0
20038 801 1.0
20096 803 1.0
20118 804 1.0
20142 805 1.0
20153 806 1.0
20180 807 1.0
20203 808 1.0
20231 809 1.0
20268 810 1.0
20278 811 1.0
20317 812 1.0
20344 813 1.0
20367 814 1.0
20395 815 1.0
20396 815 1.0
20417 816 1.0
20442 817 1.0
20472 818 1.0
20482 819 1.0
20521 820 1.0
20531 821 1.0
20530 821 1.0
20562 822 1.0
20580 823 1.0
20617 824 1.0
20647 825 1.0
20646 825 1.0
20657 826 1.0
20692 827 1.0
20703 828 1.0
20747 829 1.0
20769 830 1.0
20792 831 1.0
20804 832 1.0
20843 833 1.0
20844 833 1.0
20871 834 1.0
20891 835 1.0
20931 837 1.0
20966 838 1.0
20992 839 1.0
20993 839 1.0
21015 840 1.0
21045 841 1.0
21043 841 1.0
21061 842 1.0
21087 843 1.0
21104 844 1.0
21131 845 1.0
21156 846 1.0
21185 847 1.0
21217 848 1.0
21271 850 1.0
21292 851 1.0
21346 853 1.0
21352 854 1.0
21389 855 1.0
21390 855 1.0
21416 856 1.0
21431 857 1.0
21466 858 1.0
21480 859 1.0
21519 860 1.0
21529 861 1.0
21554 862 1.0
21579 863 1.0
21618 864 1.0
21617 864 1.0
21639 865 1.0
21663 866 1.0
21679 867 1.0
21717 868 1.0
21759 870 1.0
21821 872 1.0
21827 873 1.0
21856 874 1.0
21882 875 1.0
21916 876 1.0
21927 877 1.0
21954 878 1.0
21995 879 1.0
22020 880 1.0
22042 881 1.0
22153 886 1.0
22212 888 1.0
22236 889 1.0
22262 890 1.0
22263 890 1.0
22287 891 1.0
22305 892 1.0
22339 893 1.0
22372 894 1.0
22390 895 1.0
22417 896 1.0
22435 897 1.0
22455 898 1.0
22492 899 1.0
16318 652 0.0
 fin motif
# 4 target:1 c+:67 c-:49 score:51.57835507332566 score+:617.4153646229812 score-:287.31389215369705 nb:9 =l_1c_19 l_1c_9 l_1c_6 l_1c_16 l_1c_10 l_1c_5 l_1c_1 l_1c_4 l_1c_13 
3206 128 0.0
6732 269 0.0
11581 463 0.0
13535 541 0.0
14991 599 0.0
16685 667 1.0
2179 87 0.0
7842 313 1.0
9246 369 0.0
14362 574 0.0
18089 723 1.0
18843 753 1.0
19066 762 1.0
19628 785 1.0
19854 794 1.0
20831 833 1.0
260 10 0.0
932 37 0.0
985 39 0.0
1085 43 0.0
1363 54 0.0
1659 66 0.0
1760 70 0.0
1831 73 0.0
2187 87 0.0
2232 89 0.0
2255 90 0.0
2287 91 0.0
2737 109 0.0
3815 152 0.0
3910 156 0.0
3956 158 0.0
4459 178 0.0
5133 205 0.0
5234 209 0.0
5559 222 0.0
6015 240 0.0
6212 248 0.0
6469 258 0.0
6655 266 0.0
7303 292 0.0
7663 306 0.0
8161 326 0.0
8283 331 0.0
8833 353 0.0
8883 355 0.0
9711 388 0.0
9837 393 0.0
9924 396 0.0
9984 399 0.0
10757 430 0.0
10787 431 0.0
11237 449 0.0
11530 461 0.0
13308 532 0.0
13617 544 0.0
14365 574 0.0
14859 594 0.0
15133 605 1.0
15531 621 1.0
15680 627 1.0
15787 631 1.0
15983 639 1.0
16110 644 1.0
16715 668 1.0
16782 671 1.0
16836 673 1.0
17084 683 1.0
17139 685 1.0
17187 687 1.0
17285 691 1.0
17362 694 1.0
17458 698 1.0
17490 699 1.0
17762 710 1.0
17787 711 1.0
17917 716 1.0
17938 717 1.0
17959 718 1.0
18032 721 1.0
18064 722 1.0
18138 725 1.0
18184 727 1.0
18504 740 1.0
18635 745 1.0
18799 751 1.0
19141 765 1.0
19160 766 1.0
19264 770 1.0
19358 774 1.0
19387 775 1.0
19437 777 1.0
19460 778 1.0
19658 786 1.0
19762 790 1.0
19810 792 1.0
20256 810 1.0
20286 811 1.0
20309 812 1.0
20410 816 1.0
20436 817 1.0
20733 829 1.0
20854 834 1.0
20962 838 1.0
21084 843 1.0
21210 848 1.0
21410 856 1.0
21562 862 1.0
21888 875 1.0
22010 880 1.0
22063 882 1.0
22137 885 1.0
22161 886 1.0
22259 890 1.0
22385 895 1.0
22410 896 1.0
22487 899 1.0
16318 652 0.0
 fin motif
# 5 target:1 c+:192 c-:237 score:51.41860580864872 score+:1621.348021667521 score-:1292.268944492169 nb:9 =l_1c_19 l_1c_17 l_1c_8 l_1c_12 l_1c_11 l_1c_10 l_1c_13 l_1c_0 l_1c_4 
79 3 0.0
211 8 0.0
230 9 0.0
269 10 0.0
283 11 0.0
383 15 0.0
405 16 0.0
432 17 0.0
458 18 0.0
537 21 0.0
618 24 0.0
715 28 0.0
730 29 0.0
759 30 0.0
994 39 0.0
1014 40 0.0
1093 43 0.0
1110 44 0.0
1182 47 0.0
1438 57 0.0
1485 59 0.0
1506 60 0.0
1578 63 0.0
1686 67 0.0
1739 69 0.0
1806 72 0.0
1835 73 0.0
1863 74 0.0
1927 77 0.0
2059 82 0.0
2085 83 0.0
2108 84 0.0
2136 85 0.0
2234 89 0.0
2310 92 0.0
2385 95 0.0
2460 98 0.0
2485 99 0.0
2539 101 0.0
2562 102 0.0
2584 103 0.0
2606 104 0.0
2653 106 0.0
2686 107 0.0
2766 110 0.0
2833 113 0.0
2854 114 0.0
2879 115 0.0
2908 116 0.0
2985 119 0.0
3032 121 0.0
3081 123 0.0
3112 124 0.0
3160 126 0.0
3328 133 0.0
3364 134 0.0
3438 137 0.0
3539 141 0.0
3561 142 0.0
3585 143 0.0
3658 146 0.0
3713 148 0.0
3834 153 0.0
3896 155 0.0
3963 158 0.0
4035 161 0.0
4065 162 0.0
4104 164 0.0
4134 165 0.0
4165 166 0.0
4214 168 0.0
4363 174 0.0
4377 175 0.0
4489 179 0.0
4511 180 0.0
4533 181 0.0
4581 183 0.0
4634 185 0.0
4653 186 0.0
4752 190 0.0
4835 193 0.0
4988 199 0.0
5067 202 0.0
5089 203 0.0
5119 204 0.0
5162 206 0.0
5229 209 0.0
5387 215 0.0
5404 216 0.0
5440 217 0.0
5512 220 0.0
5570 222 0.0
5609 224 0.0
5631 225 0.0
5659 226 0.0
5679 227 0.0
5734 229 0.0
5812 232 0.0
5840 233 0.0
5880 235 0.0
5962 238 0.0
6189 247 0.0
6291 251 0.0
6351 254 0.0
6386 255 1.0
6463 258 0.0
6583 263 0.0
6663 266 0.0
6694 267 0.0
6708 268 0.0
6807 272 0.0
6935 277 0.0
7009 280 0.0
7037 281 0.0
7110 284 0.0
7139 285 0.0
7185 287 0.0
7233 289 0.0
7257 290 0.0
7337 293 0.0
7354 294 0.0
7416 296 0.0
7437 297 0.0
7530 301 0.0
7559 302 0.0
7656 306 0.0
7739 309 1.0
7759 310 0.0
7939 317 0.0
7956 318 0.0
8062 322 0.0
8104 324 0.0
8132 325 0.0
8228 329 0.0
8310 332 0.0
8386 335 0.0
8481 339 0.0
8589 343 0.0
8630 345 0.0
8653 346 0.0
8695 347 0.0
8708 348 0.0
8779 351 0.0
8828 353 0.0
8862 354 0.0
8985 359 0.0
9015 360 0.0
9058 362 0.0
9087 363 0.0
9110 364 0.0
9205 368 0.0
9237 369 0.0
9258 370 0.0
9427 377 0.0
9451 378 1.0
9484 379 0.0
9509 380 0.0
9632 385 0.0
9698 387 0.0
9807 392 0.0
9913 396 0.0
9939 397 0.0
10037 401 0.0
10084 403 0.0
10219 408 0.0
10237 409 0.0
10286 411 0.0
10305 412 0.0
10362 414 0.0
10459 418 0.0
10506 420 0.0
10536 421 0.0
10585 423 0.0
10606 424 0.0
10656 426 0.0
10687 427 0.0
10708 428 0.0
10732 429 0.0
10828 433 0.0
10886 435 0.0
10919 436 0.0
10930 437 0.0
11063 442 0.0
11134 445 0.0
11287 451 0.0
11311 452 0.0
11327 453 0.0
11360 454 0.0
11388 455 0.0
11442 457 0.0
11453 458 0.0
11508 460 0.0
11621 464 0.0
11680 467 0.0
11812 472 0.0
11928 477 0.0
12008 480 0.0
12041 481 0.0
12134 485 0.0
12206 488 0.0
12226 489 0.0
12360 494 0.0
12560 502 0.0
12605 504 0.0
12645 505 0.0
12690 507 0.0
12727 509 0.0
12807 512 0.0
12827 513 0.0
12850 514 0.0
12989 519 1.0
13077 523 0.0
13337 533 0.0
13459 538 0.0
13489 539 0.0
13530 541 0.0
13580 543 0.0
13619 544 0.0
13784 551 0.0
13808 552 0.0
13859 554 0.0
14011 560 0.0
14031 561 0.0
14064 562 0.0
14083 563 0.0
14113 564 1.0
14158 566 0.0
14252 570 0.0
14277 571 1.0
14382 575 0.0
14452 578 0.0
14538 581 0.0
14585 583 0.0
14611 584 0.0
14636 585 0.0
14657 586 0.0
14692 587 0.0
14711 588 0.0
14830 593 0.0
14934 597 0.0
14954 598 0.0
14979 599 0.0
15008 600 1.0
15039 601 1.0
15057 602 1.0
15079 603 1.0
15135 605 1.0
15156 606 1.0
15216 608 1.0
15259 610 1.0
15284 611 1.0
15305 612 1.0
15366 614 1.0
15414 616 1.0
15429 617 1.0
15481 619 1.0
15545 621 1.0
15527 621 1.0
15561 622 1.0
15612 624 1.0
15631 625 1.0
15713 628 1.0
15751 630 1.0
15815 632 1.0
15833 633 1.0
15855 634 1.0
15957 638 1.0
16006 640 1.0
16042 641 1.0
16060 642 1.0
16090 643 1.0
16131 645 1.0
16210 648 1.0
16287 651 1.0
16311 652 0.0
16360 654 1.0
16406 656 1.0
16483 659 1.0
16509 660 1.0
16536 661 1.0
16560 662 1.0
16590 663 1.0
16605 664 1.0
16630 665 1.0
16676 667 1.0
16762 670 1.0
16805 672 1.0
16833 673 1.0
16902 676 1.0
16979 679 1.0
17002 680 1.0
17027 681 1.0
17052 682 1.0
17101 684 1.0
17158 686 1.0
17211 688 1.0
17242 689 1.0
17309 692 1.0
17328 693 1.0
17373 694 1.0
17384 695 1.0
17421 696 1.0
17431 697 1.0
17453 698 1.0
17510 700 1.0
17582 703 1.0
17630 705 1.0
17657 706 1.0
17676 707 1.0
17706 708 1.0
17736 709 1.0
17753 710 1.0
17836 713 1.0
17859 714 1.0
17884 715 1.0
17904 716 1.0
17981 719 1.0
18080 723 1.0
18104 724 1.0
18140 725 1.0
18160 726 1.0
18181 727 1.0
18210 728 1.0
18267 730 1.0
18313 732 1.0
18332 733 1.0
18438 737 1.0
18458 738 1.0
18480 739 1.0
18532 741 1.0
18559 742 1.0
18579 743 1.0
18611 744 1.0
18632 745 1.0
18683 747 1.0
18711 748 1.0
18785 751 1.0
18809 752 1.0
18839 753 1.0
18858 754 1.0
18888 755 1.0
18955 758 1.0
18987 759 1.0
19012 760 1.0
19038 761 1.0
19079 763 1.0
19110 764 1.0
19147 765 1.0
19188 767 1.0
19210 768 1.0
19236 769 1.0
19283 771 1.0
19311 772 1.0
19333 773 1.0
19406 776 1.0
19489 779 1.0
19537 781 1.0
19553 782 1.0
19683 787 1.0
19708 788 1.0
19733 789 1.0
19788 791 1.0
19829 793 1.0
19861 794 1.0
19910 796 1.0
19929 797 1.0
19965 798 1.0
19980 799 1.0
20003 800 1.0
20033 801 1.0
20059 802 1.0
20081 803 1.0
20102 804 1.0
20136 805 1.0
20160 806 1.0
20183 807 1.0
20211 808 1.0
20235 809 1.0
20314 812 1.0
20338 813 1.0
20363 814 1.0
20387 815 1.0
20454 818 1.0
20488 819 1.0
20505 820 1.0
20558 822 1.0
20588 823 1.0
20603 824 1.0
20633 825 1.0
20661 826 1.0
20678 827 1.0
20709 828 1.0
20739 829 1.0
20761 830 1.0
20784 831 1.0
20810 832 1.0
20936 837 1.0
21012 840 1.0
21081 843 1.0
21110 844 1.0
21151 846 1.0
21179 847 1.0
21231 849 1.0
21253 850 1.0
21283 851 1.0
21313 852 1.0
21339 853 1.0
21361 854 1.0
21385 855 1.0
21461 858 1.0
21479 859 1.0
21542 861 1.0
21610 864 1.0
21628 865 1.0
21657 866 1.0
21684 867 1.0
21731 869 1.0
21812 872 1.0
21932 877 1.0
21961 878 1.0
21983 879 1.0
22086 883 1.0
22105 884 1.0
22185 887 1.0
22206 888 1.0
22244 889 1.0
22306 892 1.0
22336 893 1.0
22358 894 1.0
22489 899 1.0
 fin motif
# 6 target:1 c+:303 c-:437 score:30.815725779782554 score+:2255.4077610900817 score-:2058.1871160994733 nb:9 =l_1c_19 l_1c_9 l_1c_1 l_1c_5 l_1c_10 l_1c_0 l_1c_4 l_1c_13 l_1c_8 
22 0 0.0
39 1 0.0
75 3 0.0
133 5 0.0
172 6 0.0
272 10 0.0
280 11 0.0
369 14 0.0
461 18 0.0
475 19 1.0
677 27 0.0
713 28 0.0
778 31 0.0
875 35 0.0
966 38 0.0
1019 40 0.0
1057 42 0.0
1083 43 0.0
1100 44 0.0
1125 45 0.0
1163 46 0.0
1193 47 0.0
1221 48 0.0
1247 49 0.0
1281 51 1.0
1304 52 1.0
1357 54 0.0
1394 55 0.0
1439 57 0.0
1495 59 0.0
1514 60 0.0
1543 61 0.0
1570 62 1.0
1593 63 0.0
1677 67 0.0
1702 68 0.0
1730 69 0.0
1767 70 0.0
1923 76 0.0
2052 82 0.0
2091 83 0.0
2168 86 0.0
2178 87 0.0
2221 88 0.0
2239 89 0.0
2278 91 0.0
2359 94 0.0
2400 96 0.0
2447 97 0.0
2492 99 0.0
2510 100 0.0
2587 103 0.0
2602 104 0.0
2628 105 1.0
2667 106 0.0
2782 111 0.0
2944 117 0.0
2986 119 0.0
3050 122 0.0
3142 125 0.0
3172 126 0.0
3286 131 0.0
3346 133 0.0
3394 135 0.0
3403 136 0.0
3498 139 0.0
3558 142 0.0
3644 145 0.0
3700 148 0.0
3728 149 0.0
3772 150 0.0
3975 159 0.0
4045 161 0.0
4050 162 0.0
4102 164 0.0
4147 165 0.0
4275 171 0.0
4371 174 0.0
4416 176 0.0
4425 177 1.0
4500 180 0.0
4527 181 0.0
4552 182 0.0
4639 185 0.0
4684 187 0.0
4727 189 0.0
4759 190 0.0
4800 192 0.0
4829 193 0.0
4940 197 0.0
4991 199 0.0
5075 203 0.0
5100 204 0.0
5174 206 0.0
5184 207 0.0
5246 209 0.0
5281 211 0.0
5349 213 0.0
5385 215 0.0
5429 217 0.0
5475 219 0.0
5673 226 0.0
5723 228 0.0
5883 235 0.0
5920 236 0.0
6002 240 0.0
6042 241 1.0
6063 242 1.0
6171 246 0.0
6208 248 0.0
6319 252 0.0
6434 257 0.0
6459 258 0.0
6475 259 0.0
6509 260 0.0
6697 267 0.0
6757 270 0.0
6783 271 0.0
6850 274 1.0
6913 276 0.0
6925 277 0.0
6950 278 0.0
7055 282 0.0
7091 283 0.0
7137 285 0.0
7228 289 0.0
7275 291 0.0
7317 292 0.0
7352 294 0.0
7502 300 0.0
7577 303 0.0
7688 307 0.0
7717 308 0.0
7744 309 1.0
7757 310 0.0
7789 311 0.0
7803 312 0.0
7840 313 1.0
7875 315 0.0
7921 316 0.0
7937 317 0.0
7967 318 0.0
7991 319 0.0
8052 322 0.0
8124 324 0.0
8152 326 0.0
8187 327 0.0
8225 329 0.0
8257 330 1.0
8300 332 0.0
8363 334 0.0
8391 335 0.0
8408 336 1.0
8519 340 0.0
8539 341 0.0
8651 346 0.0
8696 347 0.0
8755 350 0.0
8780 351 0.0
8829 353 0.0
8854 354 0.0
8900 356 0.0
8956 358 0.0
8990 359 0.0
9040 361 0.0
9055 362 0.0
9075 363 0.0
9100 364 0.0
9245 369 0.0
9260 370 0.0
9279 371 0.0
9310 372 0.0
9348 373 0.0
9377 375 0.0
9402 376 0.0
9456 378 1.0
9497 379 0.0
9500 380 0.0
9525 381 0.0
9572 382 0.0
9643 385 0.0
9653 386 0.0
9692 387 0.0
9803 392 0.0
9848 393 0.0
9856 394 0.0
9875 395 0.0
9937 397 0.0
10002 400 0.0
10039 401 0.0
10075 403 0.0
10180 407 0.0
10224 408 0.0
10228 409 0.0
10280 411 0.0
10394 415 1.0
10484 419 0.0
10527 421 0.0
10579 423 0.0
10652 426 0.0
10688 427 0.0
10737 429 0.0
10765 430 0.0
10775 431 0.0
10913 436 0.0
10925 437 0.0
10961 438 1.0
10994 439 0.0
11020 440 0.0
11072 442 0.0
11085 443 0.0
11103 444 0.0
11127 445 0.0
11206 448 0.0
11242 449 0.0
11347 453 0.0
11366 454 0.0
11375 455 0.0
11497 459 0.0
11547 461 0.0
11555 462 0.0
11674 466 0.0
11697 467 0.0
11722 468 0.0
11767 470 0.0
11793 471 0.0
11923 476 0.0
11945 477 0.0
11953 478 0.0
12000 480 0.0
12049 481 0.0
12097 483 0.0
12102 484 0.0
12146 485 0.0
12302 492 0.0
12334 493 0.0
12350 494 0.0
12379 495 0.0
12443 497 0.0
12511 500 0.0
12540 501 0.0
12664 506 0.0
12696 507 0.0
12703 508 0.0
12777 511 1.0
13008 520 0.0
13056 522 0.0
13089 523 0.0
13111 524 0.0
13178 527 0.0
13236 529 0.0
13258 530 0.0
13290 531 1.0
13313 532 0.0
13409 536 0.0
13436 537 0.0
13502 540 0.0
13598 543 0.0
13607 544 0.0
13656 546 0.0
13696 547 0.0
13710 548 1.0
13758 550 0.0
13827 553 0.0
13853 554 0.0
13878 555 0.0
13919 556 1.0
13944 557 0.0
13987 559 0.0
14022 560 0.0
14123 564 1.0
14129 565 0.0
14152 566 0.0
14212 568 0.0
14237 569 0.0
14288 571 1.0
14312 572 0.0
14337 573 0.0
14374 574 0.0
14419 576 0.0
14425 577 0.0
14454 578 0.0
14505 580 0.0
14548 581 0.0
14575 583 0.0
14612 584 0.0
14627 585 0.0
14650 586 0.0
14785 591 0.0
14812 592 0.0
14863 594 0.0
14931 597 0.0
15055 602 1.0
15102 604 1.0
15145 605 1.0
15234 609 1.0
15300 612 1.0
15350 614 1.0
15412 616 1.0
15437 617 1.0
15552 622 1.0
15636 625 1.0
15687 627 1.0
15702 628 1.0
15735 629 1.0
15780 631 1.0
15917 636 1.0
16075 643 1.0
16118 644 1.0
16177 647 1.0
16277 651 1.0
16352 654 1.0
16400 656 1.0
16436 657 1.0
16488 659 1.0
16506 660 1.0
16740 669 1.0
16773 670 1.0
16800 672 1.0
16831 673 1.0
16925 677 1.0
17019 680 1.0
17111 684 1.0
17257 690 1.0
17275 691 1.0
17552 702 1.0
17659 706 1.0
17698 707 1.0
17849 713 1.0
17950 718 1.0
17988 719 1.0
18000 720 1.0
18054 722 1.0
18090 723 1.0
18100 724 1.0
18125 725 1.0
18234 729 1.0
18277 731 1.0
18327 733 1.0
18350 734 1.0
18386 735 1.0
18407 736 1.0
18432 737 1.0
18469 738 1.0
18497 739 1.0
18614 744 1.0
18657 746 1.0
18684 747 1.0
18712 748 1.0
18731 749 1.0
18752 750 1.0
18814 752 1.0
18842 753 1.0
18854 754 1.0
18892 755 1.0
18921 756 1.0
18929 757 1.0
18985 759 1.0
19020 760 1.0
19032 761 1.0
19065 762 1.0
19100 764 1.0
19132 765 1.0
19216 768 1.0
19290 771 1.0
19313 772 1.0
19392 775 1.0
19457 778 1.0
19515 780 1.0
19530 781 1.0
19588 783 1.0
19610 784 1.0
19627 785 1.0
19691 787 1.0
19702 788 1.0
19729 789 1.0
19808 792 1.0
19853 794 1.0
19963 798 1.0
19994 799 1.0
20035 801 1.0
20070 802 1.0
20075 803 1.0
20175 807 1.0
20298 811 1.0
20332 813 1.0
20355 814 1.0
20467 818 1.0
20513 820 1.0
20585 823 1.0
20625 825 1.0
20651 826 1.0
20682 827 1.0
20730 829 1.0
20751 830 1.0
20819 832 1.0
20829 833 1.0
20859 834 1.0
20888 835 1.0
20910 836 1.0
20926 837 1.0
20971 838 1.0
21019 840 1.0
21040 841 1.0
21052 842 1.0
21075 843 1.0
21160 846 1.0
21190 847 1.0
21245 849 1.0
21320 852 1.0
21380 855 1.0
21404 856 1.0
21443 857 1.0
21495 859 1.0
21503 860 1.0
21570 862 1.0
21602 864 1.0
21638 865 1.0
21667 866 1.0
21802 872 1.0
22000 880 1.0
22081 883 1.0
22119 884 1.0
22168 886 1.0
22256 890 1.0
22293 891 1.0
22346 893 1.0
22352 894 1.0
22491 899 1.0
334 13 0.0
565 22 0.0
819 32 0.0
1046 41 0.0
1282 51 1.0
1311 52 1.0
1326 53 0.0
1535 61 0.0
1629 65 0.0
1896 75 0.0
1926 77 0.0
1966 78 0.0
2785 111 0.0
3016 120 0.0
3146 125 0.0
3206 128 0.0
3661 146 0.0
3678 147 0.0
3794 151 0.0
3820 152 0.0
3852 154 1.0
4318 172 0.0
4333 173 1.0
4451 178 0.0
4730 189 0.0
5477 219 0.0
5619 224 0.0
5814 232 0.0
5932 237 0.0
6059 242 1.0
6134 245 0.0
6732 269 0.0
6808 272 0.0
7261 290 0.0
7326 293 0.0
7411 296 0.0
7564 302 0.0
7613 304 0.0
7788 311 0.0
7841 313 1.0
7934 317 0.0
8561 342 0.0
8855 354 0.0
8929 357 0.0
8991 359 0.0
9041 361 0.0
9311 372 0.0
9426 377 0.0
9741 389 0.0
9909 396 0.0
10434 417 0.0
10482 419 0.0
10530 421 0.0
10653 426 0.0
10988 439 0.0
11003 440 0.0
11104 444 0.0
11164 446 0.0
11304 452 0.0
11581 463 0.0
11982 479 0.0
12245 489 0.0
12376 495 0.0
12410 496 0.0
12537 501 0.0
12744 509 0.0
12761 510 0.0
12945 517 0.0
13176 527 0.0
13353 534 0.0
13464 538 0.0
13535 541 0.0
13879 555 0.0
14185 567 0.0
14251 570 0.0
14630 585 0.0
14807 592 0.0
14991 599 0.0
15103 604 1.0
15195 607 1.0
15202 608 1.0
15342 613 1.0
15404 616 1.0
15779 631 1.0
16165 646 1.0
16452 658 1.0
16489 659 1.0
16685 667 1.0
16856 674 1.0
16882 675 1.0
17130 685 1.0
17258 690 1.0
17292 691 1.0
17343 693 1.0
17511 700 1.0
17568 702 1.0
18011 720 1.0
18290 731 1.0
18383 735 1.0
18663 746 1.0
18707 748 1.0
18811 752 1.0
19127 765 1.0
19226 769 1.0
19256 770 1.0
19394 775 1.0
19403 776 1.0
19482 779 1.0
19511 780 1.0
19957 798 1.0
20126 805 1.0
20262 810 1.0
20303 812 1.0
20339 813 1.0
20393 815 1.0
20468 818 1.0
20526 821 1.0
20601 824 1.0
20911 836 1.0
20943 837 1.0
20995 839 1.0
21135 845 1.0
21161 846 1.0
21201 848 1.0
21582 863 1.0
21614 864 1.0
21685 867 1.0
21855 874 1.0
22326 893 1.0
22355 894 1.0
134 5 0.0
178 7 0.0
210 8 0.0
243 9 0.0
385 15 0.0
404 16 0.0
446 17 0.0
541 21 0.0
566 22 0.0
607 24 0.0
665 26 0.0
732 29 0.0
761 30 0.0
820 32 0.0
832 33 0.0
1047 41 0.0
1341 53 0.0
1698 67 0.0
1805 72 0.0
1834 73 0.0
1867 74 0.0
1898 75 0.0
1953 78 0.0
2040 81 0.0
2111 84 0.0
2135 85 0.0
2179 87 0.0
2309 92 0.0
2346 93 0.0
2387 95 0.0
2470 98 0.0
2561 102 0.0
2582 103 0.0
2603 104 0.0
2696 107 0.0
2773 110 0.0
2772 110 0.0
2835 113 0.0
2853 114 0.0
2878 115 0.0
2910 116 0.0
3017 120 0.0
3046 121 0.0
3066 122 0.0
3084 123 0.0
3117 124 0.0
3363 134 0.0
3437 137 0.0
3509 140 0.0
3584 143 0.0
3657 146 0.0
3697 147 0.0
3795 151 0.0
3823 152 0.0
3833 153 0.0
3965 158 0.0
4167 166 0.0
4216 168 0.0
4321 172 0.0
4335 173 1.0
4379 175 0.0
4469 178 0.0
4488 179 0.0
4861 194 0.0
5066 202 0.0
5263 210 0.0
5319 212 0.0
5361 214 0.0
5408 216 0.0
5511 220 0.0
5569 222 0.0
5587 223 0.0
5623 224 0.0
5678 227 0.0
5736 229 0.0
5811 232 0.0
5828 233 0.0
5943 237 0.0
5964 238 0.0
6129 245 0.0
6184 247 0.0
6280 251 0.0
6353 254 0.0
6388 255 1.0
6414 256 0.0
6485 259 0.0
6582 263 0.0
6662 266 0.0
6720 268 0.0
6809 272 0.0
7016 280 0.0
7017 280 0.0
7109 284 0.0
7184 287 0.0
7262 290 0.0
7306 292 0.0
7336 293 0.0
7420 296 0.0
7436 297 0.0
7532 301 0.0
7568 302 0.0
7567 302 0.0
7614 304 0.0
7842 313 1.0
7862 314 0.0
7995 319 0.0
8134 325 0.0
8184 327 0.0
8204 328 0.0
8317 332 0.0
8336 333 0.0
8443 337 0.0
8465 338 0.0
8483 339 0.0
8571 342 0.0
8579 343 0.0
8697 347 0.0
8710 348 0.0
8781 351 0.0
8810 352 0.0
8998 359 0.0
9014 360 0.0
9222 368 0.0
9246 369 0.0
9432 377 0.0
9721 388 0.0
9742 389 0.0
9761 390 0.0
9912 396 0.0
10058 402 1.0
10137 405 0.0
10261 410 0.0
10302 412 0.0
10361 414 0.0
10410 416 0.0
10458 418 0.0
10487 419 0.0
10689 427 0.0
10706 428 0.0
10833 433 0.0
10885 435 0.0
11167 446 0.0
11286 451 0.0
11305 452 0.0
11444 457 0.0
11507 460 0.0
11623 464 0.0
11638 465 0.0
11811 472 0.0
11870 474 0.0
11970 478 0.0
11983 479 0.0
12229 489 0.0
12387 495 0.0
12411 496 0.0
12559 502 0.0
12587 503 0.0
12604 504 0.0
12647 505 0.0
12763 510 0.0
12829 513 0.0
12856 514 0.0
12946 517 0.0
13079 523 0.0
13154 526 0.0
13369 534 0.0
13465 538 0.0
13492 539 0.0
13532 541 0.0
13561 542 0.0
13786 551 0.0
13807 552 0.0
13963 558 0.0
14063 562 0.0
14082 563 0.0
14193 567 0.0
14269 570 0.0
14362 574 0.0
14396 575 0.0
14685 587 0.0
14710 588 0.0
14739 589 0.0
14841 593 0.0
14956 598 0.0
14983 599 0.0
15018 600 1.0
15038 601 1.0
15078 603 1.0
15169 606 1.0
15196 607 1.0
15207 608 1.0
15258 610 1.0
15286 611 1.0
15332 613 1.0
15390 615 1.0
15463 618 1.0
15485 619 1.0
15522 620 1.0
15544 621 1.0
15584 623 1.0
15611 624 1.0
15660 626 1.0
15754 630 1.0
15814 632 1.0
15837 633 1.0
15854 634 1.0
15879 635 1.0
15939 637 1.0
15956 638 1.0
16008 640 1.0
16032 641 1.0
16062 642 1.0
16130 645 1.0
16170 646 1.0
16209 648 1.0
16236 649 1.0
16263 650 1.0
16310 652 0.0
16334 653 1.0
16386 655 1.0
16453 658 1.0
16538 661 1.0
16562 662 1.0
16592 663 1.0
16607 664 1.0
16632 665 1.0
16662 666 1.0
16678 667 1.0
16857 674 1.0
16883 675 1.0
16904 676 1.0
16959 678 1.0
16978 679 1.0
17036 681 1.0
17062 682 1.0
17160 686 1.0
17213 688 1.0
17241 689 1.0
17322 692 1.0
17344 693 1.0
17372 694 1.0
17383 695 1.0
17417 696 1.0
17435 697 1.0
17452 698 1.0
17482 699 1.0
17509 700 1.0
17534 701 1.0
17584 703 1.0
17616 704 1.0
17629 705 1.0
17691 707 1.0
17708 708 1.0
17735 709 1.0
17752 710 1.0
17812 712 1.0
17858 714 1.0
17886 715 1.0
17903 716 1.0
18089 723 1.0
18162 726 1.0
18224 728 1.0
18266 730 1.0
18279 731 1.0
18312 732 1.0
18361 734 1.0
18457 738 1.0
18534 741 1.0
18561 742 1.0
18581 743 1.0
18648 745 1.0
18787 751 1.0
18843 753 1.0
18962 758 1.0
19066 762 1.0
19081 763 1.0
19180 767 1.0
19235 769 1.0
19274 770 1.0
19335 773 1.0
19420 776 1.0
19488 779 1.0
19559 782 1.0
19628 785 1.0
19790 791 1.0
19837 793 1.0
19854 794 1.0
19897 795 1.0
19909 796 1.0
19928 797 1.0
20005 800 1.0
20110 804 1.0
20127 805 1.0
20159 806 1.0
20213 808 1.0
20237 809 1.0
20263 810 1.0
20305 812 1.0
20399 815 1.0
20487 819 1.0
20527 821 1.0
20557 822 1.0
20602 824 1.0
20711 828 1.0
20786 831 1.0
20831 833 1.0
20996 839 1.0
21109 844 1.0
21136 845 1.0
21265 850 1.0
21286 851 1.0
21319 852 1.0
21338 853 1.0
21360 854 1.0
21460 858 1.0
21544 861 1.0
21583 863 1.0
21686 867 1.0
21711 868 1.0
21733 869 1.0
21754 870 1.0
21785 871 1.0
21833 873 1.0
21865 874 1.0
21909 876 1.0
21936 877 1.0
21960 878 1.0
21985 879 1.0
22032 881 1.0
22187 887 1.0
22205 888 1.0
22249 889 1.0
22310 892 1.0
22445 897 1.0
22462 898 1.0
 fin motif
# 7 target:1 c+:64 c-:78 score:19.136061839078153 score+:590.8526343179736 score-:456.9002014444266 nb:10 =l_1c_19 l_1c_6 l_1c_16 l_1c_17 l_1c_8 l_1c_12 l_1c_0 l_1c_13 l_1c_4 l_1c_10 
261 10 0.0
833 33 0.0
930 37 0.0
954 38 0.0
983 39 0.0
1086 43 0.0
1364 54 0.0
1657 66 0.0
1758 70 0.0
1807 72 0.0
2233 89 0.0
2253 90 0.0
2285 91 0.0
2435 97 0.0
2511 100 0.0
2541 101 0.0
2689 107 0.0
2735 109 0.0
2932 117 0.0
3355 134 0.0
3383 135 0.0
3507 140 0.0
3541 141 0.0
3564 142 0.0
3816 152 0.0
3911 156 0.0
3954 158 0.0
4303 172 0.0
4460 178 0.0
5134 205 0.0
5232 209 0.0
5264 210 0.0
5560 222 0.0
6013 240 0.0
6213 248 0.0
6332 253 0.0
6960 278 0.0
7033 281 0.0
7301 292 0.0
7419 296 0.0
7940 317 0.0
8162 326 0.0
8232 329 0.0
8284 331 0.0
8479 339 0.0
8503 340 0.0
8677 347 0.0
8864 354 0.0
8881 355 0.0
8939 357 0.0
9485 379 0.0
9709 388 0.0
9814 392 0.0
9838 393 0.0
9922 396 0.0
9985 399 0.0
10243 409 0.0
10310 412 0.0
10488 419 0.0
10758 430 0.0
10785 431 0.0
10868 434 0.0
11238 449 0.0
11658 466 0.0
11806 472 0.0
12202 488 0.0
12283 491 0.0
12692 507 0.0
12836 513 0.0
13309 532 0.0
13469 538 0.0
13559 542 0.0
13615 544 0.0
13911 556 1.0
13933 557 0.0
14366 574 0.0
14706 588 0.0
14737 589 0.0
14857 594 0.0
15036 601 1.0
15131 605 1.0
15529 621 1.0
15981 639 1.0
16111 644 1.0
16237 649 1.0
16716 668 1.0
16783 671 1.0
16837 673 1.0
17082 683 1.0
17140 685 1.0
17286 691 1.0
17323 692 1.0
17363 694 1.0
17459 698 1.0
17760 710 1.0
17788 711 1.0
17918 716 1.0
17936 717 1.0
17960 718 1.0
18030 721 1.0
18065 722 1.0
18136 725 1.0
18185 727 1.0
18362 734 1.0
18505 740 1.0
18633 745 1.0
18797 751 1.0
18835 753 1.0
19088 763 1.0
19142 765 1.0
19158 766 1.0
19265 770 1.0
19359 774 1.0
19388 775 1.0
19435 777 1.0
19458 778 1.0
19560 782 1.0
19659 786 1.0
19760 790 1.0
19811 792 1.0
20254 810 1.0
20284 811 1.0
20307 812 1.0
20411 816 1.0
20434 817 1.0
20731 829 1.0
20855 834 1.0
20963 838 1.0
21085 843 1.0
21211 848 1.0
21333 853 1.0
21411 856 1.0
21563 862 1.0
21889 875 1.0
22011 880 1.0
22064 882 1.0
22138 885 1.0
22162 886 1.0
22257 890 1.0
22386 895 1.0
22411 896 1.0
22488 899 1.0
 fin motif
# 8 target:1 c+:16 c-:0 score:11.784943738986248 score+:82.49460617290372 score-:0 nb:10 =l_1c_19 l_1c_14 l_1c_16 l_1c_10 l_1c_1 l_1c_13 l_1c_11 l_1c_5 l_1c_0 l_1c_8 
9462 378 1.0
14905 596 1.0
15760 630 1.0
16577 663 1.0
18216 728 1.0
4884 195 1.0
6377 255 1.0
16369 654 1.0
17743 709 1.0
17989 719 1.0
18166 726 1.0
18781 751 1.0
19590 783 1.0
21742 869 1.0
21953 878 1.0
22067 882 1.0
 fin motif
# 9 target:1 c+:8 c-:7 score:5.384012683274822 score+:65.56063153582598 score-:34.33335797283202 nb:8 =l_1c_19 l_1c_7 l_1c_12 l_1c_8 l_1c_11 l_1c_10 l_1c_13 l_1c_0 
10093 403 0.0
10404 416 0.0
11783 471 0.0
12953 518 0.0
15613 624 1.0
16461 658 1.0
19795 791 1.0
21739 869 1.0
2319 92 0.0
4617 184 0.0
14736 589 0.0
17651 706 1.0
18601 744 1.0
19976 799 1.0
20547 821 1.0
 fin motif
