# 0 target:0 c+:90 c-:184 score:78.71614151753414 score+:402.10047640028546 score-:528.0463028283401 nb:1 =l_3c_3 
3 0 0.0
55 2 0.0
189 7 0.0
248 9 0.0
387 15 0.0
444 17 0.0
465 18 0.0
526 21 0.0
590 23 0.0
688 27 0.0
753 30 0.0
788 31 0.0
828 33 0.0
860 34 0.0
892 35 0.0
906 36 1.0
1008 40 0.0
1131 45 0.0
1255 50 0.0
1329 53 0.0
1410 56 1.0
1463 58 1.0
1510 60 0.0
1531 61 0.0
1665 66 0.0
1792 71 1.0
1840 73 0.0
1919 76 0.0
1982 79 1.0
2027 81 0.0
2121 84 0.0
2302 92 0.0
2411 96 0.0
2433 97 0.0
2617 104 0.0
2661 106 0.0
2757 110 0.0
2831 113 0.0
2861 114 0.0
2882 115 0.0
2958 118 1.0
3076 123 0.0
3153 126 0.0
3208 128 0.0
3229 129 0.0
3312 132 0.0
3360 134 0.0
3378 135 0.0
3549 141 0.0
3721 148 0.0
3761 150 0.0
3783 151 0.0
3830 153 0.0
3990 159 0.0
4009 160 1.0
4031 161 0.0
4062 162 0.0
4208 168 0.0
4241 169 0.0
4291 171 0.0
4313 172 0.0
4539 181 0.0
4620 184 0.0
4688 187 0.0
4722 188 0.0
4857 194 0.0
4883 195 1.0
4956 198 0.0
5012 200 0.0
5036 201 0.0
5062 202 0.0
5087 203 0.0
5204 208 0.0
5260 210 0.0
5292 211 0.0
5316 212 0.0
5331 213 0.0
5423 216 0.0
5469 218 0.0
5507 220 0.0
5582 223 0.0
5738 229 0.0
5769 230 0.0
5818 232 0.0
5831 233 0.0
5940 237 0.0
6022 240 0.0
6180 247 0.0
6226 249 0.0
6361 254 0.0
6383 255 1.0
6407 256 0.0
6439 257 0.0
6466 258 0.0
6566 262 0.0
6579 263 0.0
6632 265 0.0
6659 266 0.0
6739 269 0.0
6993 279 0.0
7156 286 0.0
7196 287 0.0
7540 301 0.0
7581 303 0.0
7640 305 1.0
7711 308 0.0
7795 311 0.0
7908 316 0.0
7948 317 0.0
8012 320 1.0
8036 321 0.0
8122 324 0.0
8136 325 0.0
8287 331 0.0
8332 333 0.0
8528 341 0.0
8620 344 0.0
8647 345 0.0
8763 350 0.0
8802 352 0.0
8836 353 0.0
9030 361 0.0
9134 365 1.0
9162 366 1.0
9231 369 0.0
9253 370 0.0
9297 371 0.0
9409 376 0.0
9459 378 1.0
9513 380 0.0
9609 384 0.0
9757 390 0.0
9789 391 0.0
9859 394 0.0
9892 395 0.0
9959 398 0.0
10133 405 0.0
10209 408 0.0
10255 410 0.0
10330 413 0.0
10358 414 0.0
10439 417 0.0
10462 418 0.0
10644 425 0.0
10683 427 0.0
10713 428 0.0
10847 433 0.0
10873 434 0.0
10904 436 0.0
11059 442 0.0
11209 448 0.0
11343 453 0.0
11501 460 0.0
11580 463 0.0
11607 464 0.0
11855 474 0.0
12013 480 0.0
12063 482 1.0
12116 484 0.0
12131 485 0.0
12189 487 0.0
12257 490 0.0
12309 492 0.0
12386 495 0.0
12407 496 0.0
12428 497 0.0
12557 502 0.0
12619 504 0.0
12635 505 0.0
12706 508 0.0
12755 510 0.0
12780 511 1.0
12833 513 0.0
12897 515 1.0
12908 516 0.0
12983 519 1.0
13023 520 0.0
13035 521 0.0
13060 522 0.0
13171 526 0.0
13217 528 0.0
13262 530 0.0
13377 535 0.0
13517 540 0.0
13535 541 0.0
13590 543 0.0
13641 545 0.0
13781 551 0.0
13929 557 0.0
13981 559 0.0
14018 560 0.0
14067 562 0.0
14087 563 0.0
14234 569 0.0
14304 572 0.0
14517 580 0.0
14565 582 0.0
14763 590 0.0
14852 594 0.0
14907 596 1.0
14941 597 0.0
14991 599 0.0
15021 600 1.0
15088 603 1.0
15163 606 1.0
15228 609 1.0
15338 613 1.0
15392 615 1.0
15441 617 1.0
15513 620 1.0
15586 623 1.0
15608 624 1.0
15657 626 1.0
15684 627 1.0
15757 630 1.0
15881 635 1.0
15911 636 1.0
16012 640 1.0
16052 642 1.0
16158 646 1.0
16318 652 0.0
16346 653 1.0
16369 654 1.0
16383 655 1.0
16455 658 1.0
16584 663 1.0
16634 665 1.0
16686 667 1.0
16920 676 1.0
16956 678 1.0
16987 679 1.0
17007 680 1.0
17162 686 1.0
17233 689 1.0
17538 701 1.0
17663 706 1.0
17712 708 1.0
17743 709 1.0
17776 711 1.0
17855 714 1.0
17944 717 1.0
17989 719 1.0
18038 721 1.0
18165 726 1.0
18213 728 1.0
18363 734 1.0
18537 741 1.0
18556 742 1.0
18781 751 1.0
18885 755 1.0
19054 762 1.0
19084 763 1.0
19183 767 1.0
19220 768 1.0
19351 774 1.0
19590 783 1.0
19933 797 1.0
20192 807 1.0
20461 818 1.0
20492 819 1.0
20885 835 1.0
20980 839 1.0
21357 854 1.0
21381 855 1.0
21508 860 1.0
21670 866 1.0
21721 868 1.0
21742 869 1.0
21777 871 1.0
21848 873 1.0
21921 876 1.0
21971 878 1.0
22034 881 1.0
22067 882 1.0
 fin motif
# 1 target:0 c+:39 c-:78 score:36.583746885395584 score+:205.61941839176188 score-:264.15341340839484 nb:1 =l_3c_6 
46 1 0.0
196 7 0.0
206 8 0.0
291 11 0.0
395 15 0.0
557 22 0.0
624 24 0.0
795 31 0.0
1562 62 1.0
1722 68 0.0
1968 78 0.0
2580 103 0.0
3018 120 0.0
3093 123 0.0
3193 127 1.0
3293 131 0.0
3693 147 0.0
3773 150 0.0
3907 156 0.0
4242 169 0.0
4264 170 0.0
4419 176 0.0
4593 183 0.0
4845 193 0.0
4866 194 0.0
4915 196 1.0
4985 199 0.0
5040 201 0.0
5364 214 0.0
5399 215 0.0
5698 227 0.0
6318 252 0.0
6417 256 0.0
6614 264 0.0
6970 278 0.0
7087 283 0.0
7273 290 0.0
7287 291 0.0
7421 296 0.0
7662 306 0.0
7781 311 0.0
8086 323 0.0
8771 350 0.0
8947 357 0.0
9007 360 0.0
9108 364 0.0
9388 375 0.0
9469 378 1.0
9969 398 0.0
9991 399 0.0
10095 403 0.0
10446 417 0.0
10469 418 0.0
10490 419 0.0
10893 435 0.0
10942 437 0.0
10965 438 1.0
11222 448 0.0
11284 451 0.0
11456 458 0.0
11538 461 0.0
11646 465 0.0
11732 469 0.0
11789 471 0.0
12221 488 0.0
12346 493 0.0
12421 496 0.0
12441 497 0.0
12508 500 0.0
12656 506 0.0
12923 516 0.0
12964 518 0.0
13219 528 0.0
13443 537 0.0
13646 545 0.0
13818 552 0.0
14045 561 0.0
14169 566 0.0
14596 583 0.0
14747 589 0.0
14839 593 0.0
14964 598 0.0
15172 606 1.0
15221 608 1.0
15524 620 1.0
15620 624 1.0
15721 628 1.0
15831 633 1.0
15995 639 1.0
16232 649 1.0
16324 652 0.0
16471 658 1.0
16568 662 1.0
16706 668 1.0
16791 671 1.0
16997 679 1.0
17060 682 1.0
17157 686 1.0
17342 693 1.0
17370 694 1.0
17772 710 1.0
17815 712 1.0
18223 728 1.0
18231 729 1.0
18322 732 1.0
18722 748 1.0
19272 770 1.0
19797 791 1.0
19894 795 1.0
20420 816 1.0
20718 828 1.0
21392 855 1.0
21693 867 1.0
21706 868 1.0
21741 869 1.0
21845 873 1.0
22374 894 1.0
 fin motif
# 2 target:0 c+:0 c-:5 score:11.899796029450052 score+:0 score-:19.039673647120082 nb:1 =l_3c_5 
3207 128 0.0
6107 244 0.0
6135 245 0.0
9312 372 0.0
11579 463 0.0
 fin motif
# 3 target:0 c+:1 c-:3 score:3.4383845455471738 score+:5.934597577826304 score-:11.436012850701783 nb:1 =l_3c_10 
1746 69 0.0
4184 167 1.0
5483 219 0.0
9264 370 0.0
 fin motif
