# 0 target:1 c+:93 c-:4 score:180.50051987121128 score+:517.5083427744262 score-:12.106887135034478 nb:3 =l_0c_14 l_0c_9 l_0c_18 
1743 69 0.0
4178 167 1.0
5482 219 0.0
9263 370 0.0
916 36 1.0
914 36 1.0
1315 52 1.0
1564 62 1.0
1746 69 0.0
2649 105 1.0
2646 105 1.0
2819 112 1.0
2818 112 1.0
3871 154 1.0
3866 154 1.0
4184 167 1.0
4889 195 1.0
4886 195 1.0
5483 219 0.0
6264 250 1.0
6261 250 1.0
8271 330 1.0
8274 330 1.0
9138 365 1.0
9135 365 1.0
9158 366 1.0
9155 366 1.0
9264 370 0.0
10954 438 1.0
13292 531 1.0
13293 531 1.0
13720 548 1.0
13719 548 1.0
14107 564 1.0
14106 564 1.0
14491 579 1.0
14494 579 1.0
15146 605 1.0
15149 605 1.0
15164 606 1.0
15167 606 1.0
15219 608 1.0
15217 608 1.0
15296 611 1.0
15299 611 1.0
15346 613 1.0
15462 618 1.0
15459 618 1.0
15540 621 1.0
15568 622 1.0
15571 622 1.0
15933 637 1.0
15994 639 1.0
15991 639 1.0
16063 642 1.0
16066 642 1.0
16095 643 1.0
16094 643 1.0
16295 651 1.0
16321 652 0.0
16370 654 1.0
16373 654 1.0
16443 657 1.0
16467 658 1.0
16470 658 1.0
16520 660 1.0
16523 660 1.0
16657 666 1.0
16658 666 1.0
16742 669 1.0
16765 670 1.0
16768 670 1.0
16814 672 1.0
16817 672 1.0
17031 681 1.0
17134 685 1.0
17245 689 1.0
17244 689 1.0
17295 691 1.0
17541 701 1.0
17542 701 1.0
17571 702 1.0
17574 702 1.0
17718 708 1.0
17744 709 1.0
17893 715 1.0
17896 715 1.0
17945 717 1.0
17948 717 1.0
17990 719 1.0
18039 721 1.0
18044 721 1.0
18042 721 1.0
18109 724 1.0
18106 724 1.0
18258 730 1.0
18259 730 1.0
18297 731 1.0
18294 731 1.0
18412 736 1.0
18409 736 1.0
18434 737 1.0
18595 743 1.0
18644 745 1.0
18647 745 1.0
18667 746 1.0
18744 749 1.0
18747 749 1.0
18782 751 1.0
18806 752 1.0
18804 752 1.0
18849 753 1.0
18846 753 1.0
18894 755 1.0
18897 755 1.0
18960 758 1.0
18957 758 1.0
19517 780 1.0
19519 780 1.0
19591 783 1.0
19822 792 1.0
19819 792 1.0
19893 795 1.0
19890 795 1.0
19923 796 1.0
19920 796 1.0
19996 799 1.0
19997 799 1.0
20272 810 1.0
20270 810 1.0
20373 814 1.0
20370 814 1.0
20396 815 1.0
20621 824 1.0
20618 824 1.0
20647 825 1.0
20895 835 1.0
20892 835 1.0
20916 836 1.0
21088 843 1.0
21091 843 1.0
21219 848 1.0
21218 848 1.0
21419 856 1.0
21418 856 1.0
21468 858 1.0
21471 858 1.0
21481 859 1.0
21484 859 1.0
21618 864 1.0
21643 865 1.0
21640 865 1.0
21743 869 1.0
21765 870 1.0
21762 870 1.0
21796 871 1.0
21797 871 1.0
21857 874 1.0
21860 874 1.0
21897 875 1.0
21895 875 1.0
22071 882 1.0
22068 882 1.0
22145 885 1.0
22394 895 1.0
22393 895 1.0
22493 899 1.0
22496 899 1.0
 fin motif
# 1 target:1 c+:314 c-:388 score:93.2416865668153 score+:2130.5534844866115 score-:1645.696714339172 nb:7 =l_0c_18 l_0c_11 l_0c_9 l_0c_3 l_0c_5 l_0c_2 l_0c_7 
22 0 0.0
75 3 0.0
134 5 0.0
172 6 0.0
250 10 0.0
475 19 1.0
566 22 0.0
875 35 0.0
966 38 0.0
1058 42 0.0
1100 44 0.0
1125 45 0.0
1221 48 0.0
1247 49 0.0
1304 52 1.0
1394 55 0.0
1495 59 0.0
1698 67 0.0
2091 83 0.0
2221 88 0.0
2359 94 0.0
2400 96 0.0
2425 97 0.0
2470 98 0.0
2587 103 0.0
2603 104 0.0
2772 110 0.0
2998 119 0.0
3066 122 0.0
3347 133 0.0
3394 135 0.0
3700 148 0.0
3772 150 0.0
3975 159 0.0
4045 161 0.0
4050 162 0.0
4147 165 0.0
4275 171 0.0
4425 177 1.0
4500 180 0.0
4528 181 0.0
4550 182 0.0
4773 190 0.0
4800 192 0.0
4975 199 0.0
5075 203 0.0
5100 204 0.0
5475 219 0.0
5723 228 0.0
5895 235 0.0
5920 236 0.0
6003 240 0.0
6025 241 1.0
6208 248 0.0
6432 257 0.0
6485 259 0.0
6754 270 0.0
6787 271 0.0
6850 274 1.0
6913 276 0.0
6925 277 0.0
6950 278 0.0
7016 280 0.0
7074 282 0.0
7133 285 0.0
7275 291 0.0
7317 292 0.0
7567 302 0.0
7578 303 0.0
7721 308 0.0
7875 315 0.0
7935 317 0.0
7967 318 0.0
7991 319 0.0
8124 324 0.0
8153 326 0.0
8204 328 0.0
8225 329 0.0
8300 332 0.0
8408 336 1.0
8650 346 0.0
8697 347 0.0
8781 351 0.0
8900 356 0.0
9075 363 0.0
9100 364 0.0
9286 371 0.0
9348 373 0.0
9500 380 0.0
9525 381 0.0
9675 387 0.0
9742 389 0.0
9848 393 0.0
9875 395 0.0
10058 402 1.0
10075 403 0.0
10224 408 0.0
10235 409 0.0
10482 419 0.0
10689 427 0.0
10737 429 0.0
10775 431 0.0
10922 436 0.0
10925 437 0.0
10969 438 1.0
10994 439 0.0
11085 443 0.0
11103 444 0.0
11375 455 0.0
11497 459 0.0
11547 461 0.0
11674 466 0.0
11697 467 0.0
11722 468 0.0
11923 476 0.0
11945 477 0.0
11970 478 0.0
12000 480 0.0
12049 481 0.0
12097 483 0.0
12350 494 0.0
12540 501 0.0
12696 507 0.0
12946 517 0.0
13111 524 0.0
13197 527 0.0
13258 530 0.0
13317 532 0.0
13405 536 0.0
13598 543 0.0
13710 548 1.0
13944 557 0.0
14022 560 0.0
14168 566 0.0
14283 571 1.0
14374 574 0.0
14419 576 0.0
14425 577 0.0
14455 578 0.0
14548 581 0.0
14575 583 0.0
14617 584 0.0
14650 586 0.0
15196 607 1.0
15234 609 1.0
15300 612 1.0
15350 614 1.0
15437 617 1.0
15700 628 1.0
15742 629 1.0
16075 643 1.0
16359 654 1.0
16400 656 1.0
16800 672 1.0
16925 677 1.0
17023 680 1.0
17275 691 1.0
17698 707 1.0
17849 713 1.0
17950 718 1.0
18000 720 1.0
18050 722 1.0
18100 724 1.0
18125 725 1.0
18350 734 1.0
18375 735 1.0
18469 738 1.0
18497 739 1.0
18700 748 1.0
18854 754 1.0
18929 757 1.0
18985 759 1.0
19100 764 1.0
19457 778 1.0
19548 781 1.0
19625 785 1.0
19729 789 1.0
19808 792 1.0
19991 799 1.0
20068 802 1.0
20075 803 1.0
20175 807 1.0
20263 810 1.0
20516 820 1.0
20625 825 1.0
20650 826 1.0
20695 827 1.0
20730 829 1.0
20750 830 1.0
20847 833 1.0
20925 837 1.0
20971 838 1.0
21040 841 1.0
21075 843 1.0
21136 845 1.0
21205 848 1.0
21319 852 1.0
21380 855 1.0
21495 859 1.0
21603 864 1.0
21865 874 1.0
22000 880 1.0
22081 883 1.0
22119 884 1.0
22168 886 1.0
22268 890 1.0
22293 891 1.0
22346 893 1.0
22462 898 1.0
178 7 0.0
210 8 0.0
243 9 0.0
278 11 0.0
279 11 0.0
385 15 0.0
404 16 0.0
446 17 0.0
463 18 0.0
541 21 0.0
607 24 0.0
664 26 0.0
665 26 0.0
702 28 0.0
732 29 0.0
761 30 0.0
778 31 0.0
820 32 0.0
832 33 0.0
932 37 0.0
985 39 0.0
1012 40 0.0
1047 41 0.0
1085 43 0.0
1181 47 0.0
1341 53 0.0
1363 54 0.0
1448 57 0.0
1515 60 0.0
1545 61 0.0
1544 61 0.0
1588 63 0.0
1659 66 0.0
1704 68 0.0
1703 68 0.0
1738 69 0.0
1760 70 0.0
1805 72 0.0
1831 73 0.0
1867 74 0.0
1898 75 0.0
1953 78 0.0
2040 81 0.0
2061 82 0.0
2111 84 0.0
2135 85 0.0
2160 86 0.0
2179 87 0.0
2232 89 0.0
2255 90 0.0
2287 91 0.0
2309 92 0.0
2347 93 0.0
2346 93 0.0
2387 95 0.0
2484 99 0.0
2561 102 0.0
2635 105 1.0
2658 106 0.0
2696 107 0.0
2737 109 0.0
2783 111 0.0
2835 113 0.0
2853 114 0.0
2878 115 0.0
2910 116 0.0
2934 117 0.0
3017 120 0.0
3046 121 0.0
3084 123 0.0
3118 124 0.0
3117 124 0.0
3144 125 0.0
3164 126 0.0
3206 128 0.0
3363 134 0.0
3437 137 0.0
3509 140 0.0
3560 142 0.0
3584 143 0.0
3657 146 0.0
3697 147 0.0
3795 151 0.0
3815 152 0.0
3833 153 0.0
3910 156 0.0
3956 158 0.0
4121 164 0.0
4167 166 0.0
4216 168 0.0
4321 172 0.0
4335 173 1.0
4362 174 0.0
4379 175 0.0
4459 178 0.0
4488 179 0.0
4636 185 0.0
4685 187 0.0
4728 189 0.0
4729 189 0.0
4864 194 0.0
5066 202 0.0
5133 205 0.0
5161 206 0.0
5234 209 0.0
5263 210 0.0
5319 212 0.0
5359 214 0.0
5361 214 0.0
5386 215 0.0
5408 216 0.0
5439 217 0.0
5469 218 0.0
5511 220 0.0
5559 222 0.0
5587 223 0.0
5623 224 0.0
5665 226 0.0
5678 227 0.0
5736 229 0.0
5811 232 0.0
5828 233 0.0
5943 237 0.0
5964 238 0.0
6015 240 0.0
6129 245 0.0
6184 247 0.0
6280 251 0.0
6320 252 0.0
6321 252 0.0
6343 253 0.0
6353 254 0.0
6388 255 1.0
6414 256 0.0
6469 258 0.0
6582 263 0.0
6655 266 0.0
6684 267 0.0
6720 268 0.0
6739 269 0.0
6809 272 0.0
7109 284 0.0
7184 287 0.0
7262 290 0.0
7336 293 0.0
7420 296 0.0
7436 297 0.0
7532 301 0.0
7614 304 0.0
7663 306 0.0
7758 310 0.0
7799 311 0.0
7813 312 0.0
7842 313 1.0
7862 314 0.0
8071 322 0.0
8134 325 0.0
8161 326 0.0
8185 327 0.0
8283 331 0.0
8337 333 0.0
8443 337 0.0
8463 338 0.0
8465 338 0.0
8483 339 0.0
8505 340 0.0
8571 342 0.0
8579 343 0.0
8710 348 0.0
8816 352 0.0
8810 352 0.0
8833 353 0.0
8883 355 0.0
8998 359 0.0
9014 360 0.0
9064 362 0.0
9222 368 0.0
9246 369 0.0
9317 372 0.0
9432 377 0.0
9457 378 1.0
9483 379 0.0
9634 385 0.0
9662 386 0.0
9711 388 0.0
9761 390 0.0
9809 392 0.0
9924 396 0.0
9938 397 0.0
9984 399 0.0
10003 400 0.0
10004 400 0.0
10040 401 0.0
10137 405 0.0
10184 407 0.0
10261 410 0.0
10288 411 0.0
10302 412 0.0
10330 413 0.0
10361 414 0.0
10410 416 0.0
10458 418 0.0
10528 421 0.0
10538 421 0.0
10586 423 0.0
10588 423 0.0
10658 426 0.0
10706 428 0.0
10757 430 0.0
10833 433 0.0
10885 435 0.0
11018 440 0.0
11019 440 0.0
11062 442 0.0
11136 445 0.0
11167 446 0.0
11237 449 0.0
11286 451 0.0
11305 452 0.0
11348 453 0.0
11359 454 0.0
11444 457 0.0
11507 460 0.0
11556 462 0.0
11581 463 0.0
11623 464 0.0
11638 465 0.0
11811 472 0.0
11870 474 0.0
11983 479 0.0
12110 484 0.0
12229 489 0.0
12304 492 0.0
12303 492 0.0
12380 495 0.0
12411 496 0.0
12559 502 0.0
12587 503 0.0
12604 504 0.0
12647 505 0.0
12671 506 0.0
12714 508 0.0
12763 510 0.0
12829 513 0.0
12856 514 0.0
13079 523 0.0
13154 526 0.0
13247 529 0.0
13369 534 0.0
13465 538 0.0
13492 539 0.0
13532 541 0.0
13561 542 0.0
13617 544 0.0
13695 547 0.0
13694 547 0.0
13756 550 0.0
13786 551 0.0
13807 552 0.0
13828 553 0.0
13865 554 0.0
13963 558 0.0
14063 562 0.0
14082 563 0.0
14193 567 0.0
14269 570 0.0
14313 572 0.0
14396 575 0.0
14638 585 0.0
14628 585 0.0
14685 587 0.0
14710 588 0.0
14739 589 0.0
14811 592 0.0
14810 592 0.0
14841 593 0.0
14859 594 0.0
14936 597 0.0
14956 598 0.0
14983 599 0.0
15018 600 1.0
15038 601 1.0
15056 602 1.0
15078 603 1.0
15103 604 1.0
15133 605 1.0
15169 606 1.0
15207 608 1.0
15258 610 1.0
15286 611 1.0
15332 613 1.0
15390 615 1.0
15409 616 1.0
15408 616 1.0
15465 618 1.0
15485 619 1.0
15522 620 1.0
15531 621 1.0
15560 622 1.0
15584 623 1.0
15611 624 1.0
15637 625 1.0
15660 626 1.0
15680 627 1.0
15754 630 1.0
15787 631 1.0
15814 632 1.0
15837 633 1.0
15854 634 1.0
15879 635 1.0
15904 636 1.0
15903 636 1.0
15939 637 1.0
15956 638 1.0
15983 639 1.0
16008 640 1.0
16032 641 1.0
16062 642 1.0
16110 644 1.0
16130 645 1.0
16167 646 1.0
16170 646 1.0
16178 647 1.0
16209 648 1.0
16236 649 1.0
16263 650 1.0
16261 650 1.0
16286 651 1.0
16310 652 0.0
16334 653 1.0
16386 655 1.0
16428 657 1.0
16453 658 1.0
16485 659 1.0
16511 660 1.0
16538 661 1.0
16562 662 1.0
16592 663 1.0
16607 664 1.0
16632 665 1.0
16662 666 1.0
16678 667 1.0
16715 668 1.0
16733 669 1.0
16761 670 1.0
16782 671 1.0
16836 673 1.0
16857 674 1.0
16883 675 1.0
16904 676 1.0
16959 678 1.0
16978 679 1.0
17036 681 1.0
17062 682 1.0
17084 683 1.0
17112 684 1.0
17139 685 1.0
17160 686 1.0
17187 687 1.0
17213 688 1.0
17241 689 1.0
17254 690 1.0
17253 690 1.0
17322 692 1.0
17344 693 1.0
17362 694 1.0
17383 695 1.0
17417 696 1.0
17435 697 1.0
17458 698 1.0
17490 699 1.0
17509 700 1.0
17534 701 1.0
17560 702 1.0
17584 703 1.0
17616 704 1.0
17629 705 1.0
17660 706 1.0
17708 708 1.0
17735 709 1.0
17762 710 1.0
17787 711 1.0
17812 712 1.0
17858 714 1.0
17886 715 1.0
17917 716 1.0
17938 717 1.0
17983 719 1.0
18032 721 1.0
18089 723 1.0
18162 726 1.0
18184 727 1.0
18224 728 1.0
18232 729 1.0
18233 729 1.0
18266 730 1.0
18280 731 1.0
18312 732 1.0
18335 733 1.0
18402 736 1.0
18403 736 1.0
18428 737 1.0
18427 737 1.0
18504 740 1.0
18534 741 1.0
18561 742 1.0
18581 743 1.0
18615 744 1.0
18635 745 1.0
18659 746 1.0
18685 747 1.0
18729 749 1.0
18753 750 1.0
18799 751 1.0
18815 752 1.0
18843 753 1.0
18887 755 1.0
18924 756 1.0
18922 756 1.0
18962 758 1.0
19011 760 1.0
19040 761 1.0
19066 762 1.0
19081 763 1.0
19141 765 1.0
19160 766 1.0
19180 767 1.0
19209 768 1.0
19235 769 1.0
19264 770 1.0
19285 771 1.0
19314 772 1.0
19335 773 1.0
19358 774 1.0
19387 775 1.0
19420 776 1.0
19437 777 1.0
19488 779 1.0
19513 780 1.0
19514 780 1.0
19559 782 1.0
19581 783 1.0
19580 783 1.0
19612 784 1.0
19611 784 1.0
19658 786 1.0
19689 787 1.0
19712 788 1.0
19762 790 1.0
19790 791 1.0
19837 793 1.0
19854 794 1.0
19897 795 1.0
19895 795 1.0
19909 796 1.0
19928 797 1.0
19961 798 1.0
19962 798 1.0
20005 800 1.0
20036 801 1.0
20110 804 1.0
20127 805 1.0
20159 806 1.0
20213 808 1.0
20237 809 1.0
20286 811 1.0
20309 812 1.0
20336 813 1.0
20362 814 1.0
20399 815 1.0
20410 816 1.0
20436 817 1.0
20456 818 1.0
20487 819 1.0
20527 821 1.0
20557 822 1.0
20587 823 1.0
20602 824 1.0
20711 828 1.0
20786 831 1.0
20809 832 1.0
20854 834 1.0
20860 834 1.0
20886 835 1.0
20887 835 1.0
20911 836 1.0
20996 839 1.0
21011 840 1.0
21053 842 1.0
21109 844 1.0
21153 846 1.0
21178 847 1.0
21246 849 1.0
21265 850 1.0
21286 851 1.0
21338 853 1.0
21360 854 1.0
21410 856 1.0
21438 857 1.0
21460 858 1.0
21504 860 1.0
21544 861 1.0
21562 862 1.0
21590 863 1.0
21583 863 1.0
21630 865 1.0
21666 866 1.0
21665 866 1.0
21686 867 1.0
21711 868 1.0
21733 869 1.0
21752 870 1.0
21754 870 1.0
21785 871 1.0
21816 872 1.0
21833 873 1.0
21888 875 1.0
21909 876 1.0
21936 877 1.0
21960 878 1.0
21985 879 1.0
22032 881 1.0
22063 882 1.0
22137 885 1.0
22187 887 1.0
22205 888 1.0
22249 889 1.0
22310 892 1.0
22362 894 1.0
22353 894 1.0
22385 895 1.0
22410 896 1.0
22445 897 1.0
22443 897 1.0
22487 899 1.0
3208 128 0.0
11580 463 0.0
6138 245 0.0
9313 372 0.0
 fin motif
# 2 target:1 c+:72 c-:0 score:82.03754086546371 score+:377.372687981133 score-:0 nb:6 =l_0c_13 l_0c_9 l_0c_17 l_0c_2 l_0c_18 l_0c_14 
914 36 1.0
2646 105 1.0
2818 112 1.0
4886 195 1.0
6261 250 1.0
8271 330 1.0
9135 365 1.0
9155 366 1.0
10954 438 1.0
13292 531 1.0
13719 548 1.0
14106 564 1.0
14491 579 1.0
15146 605 1.0
15164 606 1.0
15217 608 1.0
15296 611 1.0
15459 618 1.0
15568 622 1.0
15933 637 1.0
15991 639 1.0
16063 642 1.0
16094 643 1.0
16370 654 1.0
16467 658 1.0
16520 660 1.0
16657 666 1.0
16742 669 1.0
16765 670 1.0
16814 672 1.0
17031 681 1.0
17244 689 1.0
17541 701 1.0
17571 702 1.0
17893 715 1.0
17945 717 1.0
18039 721 1.0
18044 721 1.0
18106 724 1.0
18258 730 1.0
18294 731 1.0
18409 736 1.0
18434 737 1.0
18595 743 1.0
18644 745 1.0
18744 749 1.0
18804 752 1.0
18846 753 1.0
18894 755 1.0
18957 758 1.0
19517 780 1.0
19819 792 1.0
19890 795 1.0
19920 796 1.0
19996 799 1.0
20270 810 1.0
20370 814 1.0
20618 824 1.0
20892 835 1.0
21088 843 1.0
21218 848 1.0
21418 856 1.0
21468 858 1.0
21481 859 1.0
21640 865 1.0
21762 870 1.0
21796 871 1.0
21857 874 1.0
21895 875 1.0
22068 882 1.0
22145 885 1.0
22393 895 1.0
22493 899 1.0
 fin motif
# 3 target:1 c+:79 c-:4 score:53.07971094694496 score+:258.9057863815548 score-:14.739116025608004 nb:6 =l_0c_14 l_0c_9 l_0c_18 l_0c_2 l_0c_17 l_0c_5 
1743 69 0.0
4178 167 1.0
5482 219 0.0
9263 370 0.0
916 36 1.0
2649 105 1.0
2819 112 1.0
3871 154 1.0
3866 154 1.0
4889 195 1.0
6264 250 1.0
8274 330 1.0
9138 365 1.0
9158 366 1.0
10954 438 1.0
13292 531 1.0
13293 531 1.0
13720 548 1.0
14107 564 1.0
14494 579 1.0
15149 605 1.0
15167 606 1.0
15219 608 1.0
15299 611 1.0
15462 618 1.0
15571 622 1.0
15994 639 1.0
16066 642 1.0
16095 643 1.0
16094 643 1.0
16321 652 0.0
16373 654 1.0
16443 657 1.0
16470 658 1.0
16523 660 1.0
16658 666 1.0
16742 669 1.0
16765 670 1.0
16768 670 1.0
16817 672 1.0
17245 689 1.0
17244 689 1.0
17541 701 1.0
17542 701 1.0
17574 702 1.0
17744 709 1.0
17896 715 1.0
17948 717 1.0
17990 719 1.0
18044 721 1.0
18042 721 1.0
18109 724 1.0
18106 724 1.0
18259 730 1.0
18297 731 1.0
18412 736 1.0
18409 736 1.0
18434 737 1.0
18595 743 1.0
18647 745 1.0
18747 749 1.0
18782 751 1.0
18806 752 1.0
18849 753 1.0
18846 753 1.0
18894 755 1.0
18897 755 1.0
18960 758 1.0
18957 758 1.0
19517 780 1.0
19519 780 1.0
19591 783 1.0
19822 792 1.0
19893 795 1.0
19923 796 1.0
19996 799 1.0
19997 799 1.0
20272 810 1.0
20373 814 1.0
20621 824 1.0
20618 824 1.0
20895 835 1.0
20892 835 1.0
20916 836 1.0
21088 843 1.0
21091 843 1.0
21219 848 1.0
21419 856 1.0
21471 858 1.0
21481 859 1.0
21484 859 1.0
21643 865 1.0
21640 865 1.0
21743 869 1.0
21765 870 1.0
21797 871 1.0
21860 874 1.0
21897 875 1.0
22071 882 1.0
22145 885 1.0
22394 895 1.0
22493 899 1.0
22496 899 1.0
 fin motif
# 4 target:1 c+:77 c-:64 score:50.02706178094859 score+:582.9246007488042 score-:322.78387948787156 nb:7 =l_0c_19 l_0c_0 l_0c_9 l_0c_7 l_0c_1 l_0c_6 l_0c_4 
259 10 0.0
931 37 0.0
984 39 0.0
1084 43 0.0
1362 54 0.0
1658 66 0.0
1759 70 0.0
2231 89 0.0
2254 90 0.0
2286 91 0.0
2736 109 0.0
3814 152 0.0
3909 156 0.0
3955 158 0.0
4458 178 0.0
4863 194 0.0
5132 205 0.0
5233 209 0.0
5558 222 0.0
6014 240 0.0
6211 248 0.0
6342 253 0.0
6468 258 0.0
6654 266 0.0
7302 292 0.0
7658 306 0.0
8160 326 0.0
8282 331 0.0
8882 355 0.0
9710 388 0.0
9815 392 0.0
9836 393 0.0
9923 396 0.0
9983 399 0.0
10756 430 0.0
10786 431 0.0
11236 449 0.0
13307 532 0.0
13616 544 0.0
14364 574 0.0
14858 594 0.0
15132 605 1.0
15530 621 1.0
15679 627 1.0
15786 631 1.0
15982 639 1.0
16109 644 1.0
16714 668 1.0
16781 671 1.0
16835 673 1.0
17083 683 1.0
17138 685 1.0
17284 691 1.0
17361 694 1.0
17457 698 1.0
17489 699 1.0
17761 710 1.0
17786 711 1.0
17916 716 1.0
17937 717 1.0
17958 718 1.0
18031 721 1.0
18063 722 1.0
18137 725 1.0
18183 727 1.0
18503 740 1.0
18634 745 1.0
18798 751 1.0
19140 765 1.0
19159 766 1.0
19263 770 1.0
19357 774 1.0
19386 775 1.0
19436 777 1.0
19459 778 1.0
19657 786 1.0
19761 790 1.0
19809 792 1.0
20255 810 1.0
20285 811 1.0
20308 812 1.0
20409 816 1.0
20435 817 1.0
20732 829 1.0
20853 834 1.0
20961 838 1.0
21083 843 1.0
21209 848 1.0
21409 856 1.0
21561 862 1.0
21887 875 1.0
22009 880 1.0
22062 882 1.0
22136 885 1.0
22160 886 1.0
22258 890 1.0
22384 895 1.0
22409 896 1.0
22486 899 1.0
769 30 0.0
905 36 1.0
1409 56 1.0
1983 79 1.0
3721 148 0.0
3786 151 0.0
4623 184 0.0
4687 187 0.0
5315 212 0.0
5330 213 0.0
5830 233 0.0
6443 257 0.0
6440 257 0.0
6465 258 0.0
7155 286 0.0
7794 311 0.0
8803 352 0.0
10132 405 0.0
11210 448 0.0
12061 482 1.0
12308 492 0.0
13059 522 0.0
13261 530 0.0
15587 623 1.0
16345 653 1.0
16382 655 1.0
16955 678 1.0
17537 701 1.0
18555 742 1.0
21509 860 1.0
21778 871 1.0
21847 873 1.0
21920 876 1.0
4815 192 0.0
7284 291 0.0
8358 334 0.0
10117 404 0.0
10822 432 1.0
13888 555 0.0
14348 573 0.0
15033 601 1.0
17730 709 1.0
17810 712 1.0
20574 822 1.0
 fin motif
# 5 target:1 c+:22 c-:15 score:15.211876474458386 score+:92.18841046373926 score-:40.46803045058074 nb:4 =l_0c_16 l_0c_2 l_0c_6 l_0c_9 
6733 269 0.0
16686 667 1.0
906 36 1.0
1131 45 0.0
1410 56 1.0
3208 128 0.0
4688 187 0.0
5316 212 0.0
5331 213 0.0
5831 233 0.0
6466 258 0.0
7156 286 0.0
7795 311 0.0
9163 366 1.0
10133 405 0.0
11580 463 0.0
13060 522 0.0
13262 530 0.0
15588 623 1.0
16346 653 1.0
16383 655 1.0
16956 678 1.0
17538 701 1.0
18556 742 1.0
21848 873 1.0
21921 876 1.0
16321 652 0.0
16370 654 1.0
17571 702 1.0
17744 709 1.0
17990 719 1.0
18294 731 1.0
18782 751 1.0
19591 783 1.0
21743 869 1.0
21857 874 1.0
22068 882 1.0
 fin motif
# 6 target:1 c+:19 c-:1 score:12.170949619495016 score+:69.16456362474314 score-:5.875625603369062 nb:7 =l_0c_14 l_0c_9 l_0c_6 l_0c_17 l_0c_2 l_0c_18 l_0c_7 
1315 52 1.0
1564 62 1.0
15346 613 1.0
15540 621 1.0
16295 651 1.0
16321 652 0.0
16370 654 1.0
17134 685 1.0
17295 691 1.0
17718 708 1.0
17744 709 1.0
17990 719 1.0
18667 746 1.0
18782 751 1.0
19591 783 1.0
20396 815 1.0
20647 825 1.0
21618 864 1.0
21743 869 1.0
22068 882 1.0
 fin motif
# 7 target:1 c+:347 c-:534 score:4.731231727647469 score+:3075.055048433008 score-:3036.2589482662984 nb:12 =l_0c_14 l_0c_9 l_0c_10 l_0c_3 l_0c_5 l_0c_4 l_0c_11 l_0c_1 l_0c_15 l_0c_8 l_0c_17 l_0c_2 
60 2 0.0
6576 263 0.0
8289 331 0.0
13385 535 0.0
15 0 0.0
45 1 0.0
84 3 0.0
103 4 0.0
138 5 0.0
151 6 0.0
195 7 0.0
211 8 0.0
230 9 0.0
265 10 0.0
276 11 0.0
319 12 0.0
335 13 0.0
363 14 0.0
389 15 0.0
411 16 0.0
442 17 0.0
483 19 1.0
518 20 0.0
543 21 0.0
564 22 0.0
588 23 0.0
604 24 0.0
633 25 0.0
650 26 0.0
707 28 0.0
733 29 0.0
757 30 0.0
793 31 0.0
818 32 0.0
830 33 0.0
851 34 0.0
886 35 0.0
912 36 1.0
926 37 0.0
963 38 0.0
997 39 0.0
1016 40 0.0
1045 41 0.0
1051 42 0.0
1089 43 0.0
1103 44 0.0
1128 45 0.0
1161 46 0.0
1177 47 0.0
1218 48 0.0
1228 49 0.0
1253 50 0.0
1289 51 1.0
1312 52 1.0
1333 53 0.0
1354 54 0.0
1391 55 0.0
1416 56 1.0
1444 57 0.0
1469 58 1.0
1482 59 0.0
1518 60 0.0
1535 61 0.0
1558 62 1.0
1589 63 0.0
1615 64 0.0
1630 65 0.0
1679 67 0.0
1717 68 0.0
1736 69 0.0
1769 70 0.0
1793 71 1.0
1814 72 0.0
1845 73 0.0
1869 74 0.0
1895 75 0.0
1911 76 0.0
1934 77 0.0
1965 78 0.0
1993 79 1.0
2007 80 0.0
2038 81 0.0
2054 82 0.0
2076 83 0.0
2112 84 0.0
2136 85 0.0
2165 86 0.0
2199 87 0.0
2205 88 0.0
2242 89 0.0
2267 90 0.0
2280 91 0.0
2304 92 0.0
2331 93 0.0
2351 94 0.0
2393 95 0.0
2407 96 0.0
2443 97 0.0
2467 98 0.0
2481 99 0.0
2508 100 0.0
2527 101 0.0
2564 102 0.0
2576 103 0.0
2609 104 0.0
2640 105 1.0
2666 106 0.0
2692 107 0.0
2701 108 0.0
2728 109 0.0
2770 110 0.0
2785 111 0.0
2816 112 1.0
2836 113 0.0
2868 114 0.0
2912 116 0.0
2941 117 0.0
2959 118 1.0
2992 119 0.0
3015 120 0.0
3032 121 0.0
3057 122 0.0
3081 123 0.0
3114 124 0.0
3138 125 0.0
3167 126 0.0
3189 127 1.0
3215 128 0.0
3236 129 0.0
3266 130 1.0
3288 131 0.0
3305 132 0.0
3342 133 0.0
3369 134 0.0
3380 135 0.0
3409 136 0.0
3430 137 0.0
3451 138 0.0
3497 139 0.0
3521 140 0.0
3547 141 0.0
3554 142 0.0
3581 143 0.0
3613 144 0.0
3642 145 0.0
3665 146 0.0
3677 147 0.0
3703 148 0.0
3734 149 0.0
3769 150 0.0
3793 151 0.0
3821 152 0.0
3841 153 0.0
3851 154 1.0
3886 155 0.0
3903 156 0.0
3935 157 0.0
3967 158 0.0
3980 159 0.0
4014 160 1.0
4042 161 0.0
4053 162 0.0
4076 163 0.0
4115 164 0.0
4139 165 0.0
4151 166 0.0
4176 167 1.0
4201 168 0.0
4239 169 0.0
4260 170 0.0
4278 171 0.0
4317 172 0.0
4337 173 1.0
4367 174 0.0
4377 175 0.0
4401 176 0.0
4442 177 1.0
4454 178 0.0
4485 179 0.0
4504 180 0.0
4537 181 0.0
4568 182 0.0
4578 183 0.0
4606 184 0.0
4646 185 0.0
4663 186 0.0
4678 187 0.0
4702 188 0.0
4730 189 0.0
4764 190 0.0
4784 191 0.0
4803 192 0.0
4827 193 0.0
4859 194 0.0
4876 195 1.0
4909 196 1.0
4936 197 0.0
4958 198 0.0
4979 199 0.0
5018 200 0.0
5030 201 0.0
5051 202 0.0
5085 203 0.0
5103 204 0.0
5126 205 0.0
5171 206 0.0
5182 207 0.0
5202 208 0.0
5243 209 0.0
5251 210 0.0
5289 211 0.0
5311 212 0.0
5346 213 0.0
5358 214 0.0
5379 215 0.0
5409 216 0.0
5426 217 0.0
5452 218 0.0
5478 219 0.0
5514 220 0.0
5541 221 0.0
5563 222 0.0
5588 223 0.0
5618 224 0.0
5639 225 0.0
5670 226 0.0
5692 227 0.0
5720 228 0.0
5729 229 0.0
5765 230 0.0
5783 231 0.0
5802 232 0.0
5837 233 0.0
5861 234 1.0
5891 235 0.0
5915 236 0.0
5929 237 0.0
5956 238 0.0
5989 239 0.0
6005 240 0.0
6028 241 1.0
6067 242 1.0
6086 243 0.0
6101 244 0.0
6133 245 0.0
6157 246 0.0
6182 247 0.0
6205 248 0.0
6242 249 0.0
6251 250 1.0
6298 251 0.0
6304 252 0.0
6338 253 0.0
6358 254 0.0
6375 255 1.0
6405 256 0.0
6436 257 0.0
6454 258 0.0
6478 259 0.0
6507 260 0.0
6528 261 1.0
6551 262 0.0
6602 264 0.0
6634 265 0.0
6668 266 0.0
6682 267 0.0
6717 268 0.0
6730 269 0.0
6751 270 0.0
6782 271 0.0
6800 272 0.0
6840 273 0.0
6854 274 1.0
6886 275 0.0
6907 276 0.0
6940 277 0.0
6953 278 0.0
6982 279 0.0
7015 280 0.0
7026 281 0.0
7059 282 0.0
7113 284 0.0
7143 285 0.0
7166 286 0.0
7177 287 0.0
7218 288 0.0
7226 289 0.0
7263 290 0.0
7285 291 0.0
7313 292 0.0
7328 293 0.0
7393 295 0.0
7410 296 0.0
7426 297 0.0
7450 298 0.0
7477 299 0.0
7508 300 0.0
7526 301 0.0
7565 302 0.0
7600 304 0.0
7645 305 1.0
7655 306 0.0
7691 307 0.0
7716 308 0.0
7726 309 1.0
7763 310 0.0
7786 311 0.0
7805 312 0.0
7830 313 1.0
7853 314 0.0
7881 315 0.0
7918 316 0.0
7928 317 0.0
7964 318 0.0
7977 319 0.0
8005 320 1.0
8026 321 0.0
8054 322 0.0
8076 323 0.0
8118 324 0.0
8145 325 0.0
8166 326 0.0
8189 327 0.0
8207 328 0.0
8242 329 0.0
8254 330 1.0
8303 332 0.0
8335 333 0.0
8351 334 0.0
8388 335 0.0
8418 336 1.0
8436 337 0.0
8453 338 0.0
8476 339 0.0
8515 340 0.0
8536 341 0.0
8567 342 0.0
8583 343 0.0
8617 344 0.0
8645 345 0.0
8653 346 0.0
8684 347 0.0
8711 348 0.0
8726 349 0.0
8752 350 0.0
8792 351 0.0
8815 352 0.0
8856 354 0.0
8890 355 0.0
8907 356 0.0
8928 357 0.0
8969 358 0.0
8992 359 0.0
9020 360 0.0
9042 361 0.0
9052 362 0.0
9078 363 0.0
9105 364 0.0
9128 365 1.0
9177 367 0.0
9216 368 0.0
9240 369 0.0
9251 370 0.0
9280 371 0.0
9307 372 0.0
9334 373 0.0
9351 374 0.0
9379 375 0.0
9419 376 0.0
9463 378 1.0
9493 379 0.0
9503 380 0.0
9532 381 0.0
9552 382 0.0
9589 383 0.0
9614 384 0.0
9642 385 0.0
9659 386 0.0
9694 387 0.0
9718 388 0.0
9740 389 0.0
9755 390 0.0
9785 391 0.0
9801 392 0.0
9842 393 0.0
9852 394 0.0
9886 395 0.0
9903 396 0.0
9933 397 0.0
9965 398 0.0
9989 399 0.0
10011 400 0.0
10043 401 0.0
10053 402 1.0
10078 403 0.0
10101 404 0.0
10142 405 0.0
10169 406 0.0
10177 407 0.0
10206 408 0.0
10229 409 0.0
10253 410 0.0
10290 411 0.0
10306 412 0.0
10328 413 0.0
10353 414 0.0
10385 415 1.0
10430 417 0.0
10465 418 0.0
10480 419 0.0
10514 420 0.0
10530 421 0.0
10561 422 0.0
10581 423 0.0
10603 424 0.0
10639 425 0.0
10654 426 0.0
10691 427 0.0
10711 428 0.0
10728 429 0.0
10762 430 0.0
10778 431 0.0
10804 432 1.0
10841 433 0.0
10852 434 0.0
10890 435 0.0
10910 436 0.0
10936 437 0.0
10953 438 1.0
10988 439 0.0
11002 440 0.0
11047 441 1.0
11069 442 0.0
11104 444 0.0
11146 445 0.0
11165 446 0.0
11180 447 0.0
11205 448 0.0
11241 449 0.0
11278 451 0.0
11303 452 0.0
11338 453 0.0
11355 454 0.0
11393 455 0.0
11419 456 0.0
11434 457 0.0
11453 458 0.0
11478 459 0.0
11518 460 0.0
11544 461 0.0
11555 462 0.0
11589 463 0.0
11605 464 0.0
11639 465 0.0
11671 466 0.0
11676 467 0.0
11718 468 0.0
11727 469 0.0
11752 470 0.0
11778 471 0.0
11803 472 0.0
11843 473 0.0
11863 474 0.0
11889 475 0.0
11912 476 0.0
11938 477 0.0
11967 478 0.0
11979 479 0.0
12007 480 0.0
12046 481 0.0
12055 482 1.0
12088 483 0.0
12104 484 0.0
12143 485 0.0
12151 486 0.0
12180 487 0.0
12213 488 0.0
12244 489 0.0
12252 490 0.0
12281 491 0.0
12305 492 0.0
12340 493 0.0
12353 494 0.0
12412 496 0.0
12437 497 0.0
12460 498 0.0
12492 499 0.0
12503 500 0.0
12532 501 0.0
12552 502 0.0
12588 503 0.0
12601 504 0.0
12629 505 0.0
12661 506 0.0
12679 507 0.0
12713 508 0.0
12745 509 0.0
12753 510 0.0
12789 511 1.0
12809 512 0.0
12844 513 0.0
12850 514 0.0
12892 515 1.0
12921 516 0.0
12942 517 0.0
12951 518 0.0
12992 519 1.0
13004 520 0.0
13028 521 0.0
13054 522 0.0
13081 523 0.0
13105 524 0.0
13144 525 0.0
13169 526 0.0
13191 527 0.0
13214 528 0.0
13227 529 0.0
13273 530 0.0
13277 531 1.0
13301 532 0.0
13341 533 0.0
13355 534 0.0
13413 536 0.0
13438 537 0.0
13466 538 0.0
13476 539 0.0
13515 540 0.0
13526 541 0.0
13551 542 0.0
13577 543 0.0
13621 544 0.0
13626 545 0.0
13663 546 0.0
13691 547 0.0
13716 548 1.0
13727 549 0.0
13754 550 0.0
13787 551 0.0
13816 552 0.0
13842 553 0.0
13863 554 0.0
13884 555 0.0
13903 556 1.0
13939 557 0.0
13969 558 0.0
13976 559 0.0
14016 560 0.0
14028 561 0.0
14059 562 0.0
14096 563 0.0
14101 564 1.0
14130 565 0.0
14161 566 0.0
14186 567 0.0
14205 568 0.0
14239 569 0.0
14258 570 0.0
14291 571 1.0
14306 572 0.0
14339 573 0.0
14371 574 0.0
14394 575 0.0
14414 576 0.0
14428 577 0.0
14479 579 1.0
14504 580 0.0
14545 581 0.0
14551 582 0.0
14581 583 0.0
14603 584 0.0
14645 585 0.0
14663 586 0.0
14686 587 0.0
14717 588 0.0
14731 589 0.0
14760 590 0.0
14780 591 0.0
14807 592 0.0
14844 593 0.0
14868 594 0.0
14892 595 0.0
14903 596 1.0
14945 597 0.0
14961 598 0.0
14989 599 0.0
15014 600 1.0
15043 601 1.0
15059 602 1.0
15083 603 1.0
15107 604 1.0
15127 605 1.0
15159 606 1.0
15188 607 1.0
15214 608 1.0
15238 609 1.0
15264 610 1.0
15291 611 1.0
15320 612 1.0
15341 613 1.0
15369 614 1.0
15384 615 1.0
15417 616 1.0
15446 617 1.0
15451 618 1.0
15476 619 1.0
15518 620 1.0
15537 621 1.0
15567 622 1.0
15576 623 1.0
15605 624 1.0
15627 625 1.0
15671 626 1.0
15689 627 1.0
15718 628 1.0
15728 629 1.0
15764 630 1.0
15795 631 1.0
15808 632 1.0
15826 633 1.0
15865 634 1.0
15891 635 1.0
15920 636 1.0
15945 637 1.0
15972 638 1.0
15977 639 1.0
16001 640 1.0
16046 641 1.0
16054 642 1.0
16084 643 1.0
16101 644 1.0
16137 645 1.0
16154 646 1.0
16187 647 1.0
16220 648 1.0
16225 649 1.0
16257 650 1.0
16292 651 1.0
16304 652 0.0
16330 653 1.0
16353 654 1.0
16393 655 1.0
16420 656 1.0
16434 657 1.0
16464 658 1.0
16491 659 1.0
16502 660 1.0
16545 661 1.0
16553 662 1.0
16575 663 1.0
16619 664 1.0
16641 665 1.0
16667 666 1.0
16691 667 1.0
16720 668 1.0
16738 669 1.0
16770 670 1.0
16785 671 1.0
16811 672 1.0
16841 673 1.0
16865 674 1.0
16880 675 1.0
16914 676 1.0
16929 677 1.0
16963 678 1.0
16993 679 1.0
17012 680 1.0
17027 681 1.0
17053 682 1.0
17079 683 1.0
17105 684 1.0
17129 685 1.0
17170 686 1.0
17178 687 1.0
17216 688 1.0
17236 689 1.0
17260 690 1.0
17278 691 1.0
17303 692 1.0
17335 693 1.0
17354 694 1.0
17378 695 1.0
17405 696 1.0
17427 697 1.0
17464 698 1.0
17476 699 1.0
17510 700 1.0
17529 701 1.0
17556 702 1.0
17588 703 1.0
17621 704 1.0
17639 705 1.0
17669 706 1.0
17681 707 1.0
17701 708 1.0
17733 709 1.0
17769 710 1.0
17795 711 1.0
17801 712 1.0
17831 713 1.0
17868 714 1.0
17882 715 1.0
17911 716 1.0
17928 717 1.0
17962 718 1.0
17985 719 1.0
18011 720 1.0
18025 721 1.0
18056 722 1.0
18096 723 1.0
18122 724 1.0
18146 725 1.0
18170 726 1.0
18188 727 1.0
18217 728 1.0
18226 729 1.0
18257 730 1.0
18291 731 1.0
18315 732 1.0
18329 733 1.0
18370 734 1.0
18391 735 1.0
18415 736 1.0
18443 737 1.0
18462 738 1.0
18490 739 1.0
18509 740 1.0
18540 741 1.0
18569 742 1.0
18591 743 1.0
18622 744 1.0
18641 745 1.0
18652 746 1.0
18680 747 1.0
18721 748 1.0
18741 749 1.0
18766 750 1.0
18776 751 1.0
18801 752 1.0
18839 753 1.0
18863 754 1.0
18890 755 1.0
18916 756 1.0
18940 757 1.0
18968 758 1.0
18990 759 1.0
19005 760 1.0
19041 761 1.0
19072 762 1.0
19095 763 1.0
19120 764 1.0
19130 765 1.0
19167 766 1.0
19194 767 1.0
19201 768 1.0
19246 769 1.0
19269 770 1.0
19295 771 1.0
19320 772 1.0
19325 773 1.0
19362 774 1.0
19376 775 1.0
19402 776 1.0
19429 777 1.0
19469 778 1.0
19480 779 1.0
19511 780 1.0
19542 781 1.0
19567 782 1.0
19585 783 1.0
19620 784 1.0
19639 785 1.0
19662 786 1.0
19676 787 1.0
19717 788 1.0
19742 789 1.0
19765 790 1.0
19782 791 1.0
19815 792 1.0
19839 793 1.0
19887 795 1.0
19917 796 1.0
19935 797 1.0
19955 798 1.0
19982 799 1.0
20009 800 1.0
20040 801 1.0
20055 802 1.0
20092 803 1.0
20116 804 1.0
20144 805 1.0
20151 806 1.0
20179 807 1.0
20202 808 1.0
20226 809 1.0
20268 810 1.0
20279 811 1.0
20319 812 1.0
20345 813 1.0
20367 814 1.0
20389 815 1.0
20416 816 1.0
20441 817 1.0
20471 818 1.0
20477 819 1.0
20520 820 1.0
20528 821 1.0
20561 822 1.0
20575 823 1.0
20617 824 1.0
20636 825 1.0
20656 826 1.0
20687 827 1.0
20704 828 1.0
20746 829 1.0
20756 830 1.0
20791 831 1.0
20805 832 1.0
20839 833 1.0
20870 834 1.0
20891 835 1.0
20905 836 1.0
20929 837 1.0
20967 838 1.0
20994 839 1.0
21016 840 1.0
21042 841 1.0
21063 842 1.0
21096 843 1.0
21102 844 1.0
21130 845 1.0
21157 846 1.0
21184 847 1.0
21213 848 1.0
21270 850 1.0
21291 851 1.0
21310 852 1.0
21345 853 1.0
21353 854 1.0
21388 855 1.0
21416 856 1.0
21430 857 1.0
21466 858 1.0
21488 859 1.0
21518 860 1.0
21528 861 1.0
21553 862 1.0
21580 863 1.0
21613 864 1.0
21635 865 1.0
21658 866 1.0
21680 867 1.0
21718 868 1.0
21728 869 1.0
21759 870 1.0
21794 871 1.0
21819 872 1.0
21826 873 1.0
21850 874 1.0
21894 875 1.0
21915 876 1.0
21930 877 1.0
21955 878 1.0
21992 879 1.0
22015 880 1.0
22041 881 1.0
22089 883 1.0
22113 884 1.0
22132 885 1.0
22154 886 1.0
22189 887 1.0
22216 888 1.0
22240 889 1.0
22253 890 1.0
22286 891 1.0
22306 892 1.0
22340 893 1.0
22371 894 1.0
22390 895 1.0
22418 896 1.0
22437 897 1.0
22481 899 1.0
 fin motif
