# 0 target:1 c+:352 c-:1 score:651.4312531779826 score+:4177.808544727139 score-:8.648524388051223 nb:9 =l_2c_10 l_2c_18 l_2c_4 l_2c_14 l_2c_16 l_2c_7 l_2c_15 l_2c_5 l_2c_3 
912 36 1.0
2816 112 1.0
4884 195 1.0
6854 274 1.0
13716 548 1.0
15127 605 1.0
15159 606 1.0
15214 608 1.0
15567 622 1.0
15920 636 1.0
16464 658 1.0
16491 659 1.0
16502 660 1.0
16577 663 1.0
16929 677 1.0
17260 690 1.0
18257 730 1.0
18462 738 1.0
18622 744 1.0
18706 748 1.0
18741 749 1.0
19128 765 1.0
19320 772 1.0
19839 793 1.0
19887 795 1.0
19917 796 1.0
20179 807 1.0
20268 810 1.0
20367 814 1.0
20473 818 1.0
20575 823 1.0
20929 837 1.0
20967 838 1.0
21016 840 1.0
21157 846 1.0
21416 856 1.0
21466 858 1.0
22067 882 1.0
22113 884 1.0
22189 887 1.0
22340 893 1.0
22390 895 1.0
10385 415 1.0
19742 789 1.0
15989 639 1.0
16093 643 1.0
17512 700 1.0
20891 835 1.0
1793 71 1.0
1989 79 1.0
4909 196 1.0
12789 511 1.0
15188 607 1.0
15629 625 1.0
15891 635 1.0
16691 667 1.0
18370 734 1.0
18863 754 1.0
19360 774 1.0
19639 785 1.0
19679 787 1.0
20742 829 1.0
20791 831 1.0
14903 596 1.0
15761 630 1.0
18170 726 1.0
21955 878 1.0
22041 881 1.0
1289 51 1.0
1416 56 1.0
1469 58 1.0
1797 71 1.0
1993 79 1.0
3189 127 1.0
4341 173 1.0
4442 177 1.0
5861 234 1.0
6031 241 1.0
7645 305 1.0
7828 313 1.0
7830 313 1.0
8003 320 1.0
8005 320 1.0
8418 336 1.0
9466 378 1.0
10053 402 1.0
10383 415 1.0
10802 432 1.0
11047 441 1.0
12055 482 1.0
12793 511 1.0
12892 515 1.0
12992 519 1.0
13903 556 1.0
14102 564 1.0
14295 571 1.0
15014 600 1.0
15043 601 1.0
15063 602 1.0
15083 603 1.0
15106 604 1.0
15192 607 1.0
15320 612 1.0
15322 612 1.0
15386 615 1.0
15384 615 1.0
15417 616 1.0
15476 619 1.0
15518 620 1.0
15605 624 1.0
15627 625 1.0
15671 626 1.0
15694 627 1.0
15718 628 1.0
15728 629 1.0
15795 631 1.0
15808 632 1.0
15829 633 1.0
15865 634 1.0
15972 638 1.0
15977 639 1.0
16046 641 1.0
16137 645 1.0
16154 646 1.0
16187 647 1.0
16220 648 1.0
16225 649 1.0
16229 649 1.0
16257 650 1.0
16259 650 1.0
16330 653 1.0
16328 653 1.0
16393 655 1.0
16420 656 1.0
16422 656 1.0
16545 661 1.0
16553 662 1.0
16619 664 1.0
16621 664 1.0
16641 665 1.0
16671 666 1.0
16720 668 1.0
16841 673 1.0
16869 674 1.0
16878 675 1.0
16880 675 1.0
16914 676 1.0
16916 676 1.0
16963 678 1.0
16965 678 1.0
16995 679 1.0
16993 679 1.0
17016 680 1.0
17058 682 1.0
17079 683 1.0
17170 686 1.0
17178 687 1.0
17216 688 1.0
17303 692 1.0
17339 693 1.0
17378 695 1.0
17403 696 1.0
17405 696 1.0
17427 697 1.0
17464 698 1.0
17479 699 1.0
17592 703 1.0
17621 704 1.0
17639 705 1.0
17669 706 1.0
17681 707 1.0
17769 710 1.0
17795 711 1.0
17797 711 1.0
17801 712 1.0
17832 713 1.0
17868 714 1.0
17911 716 1.0
17963 718 1.0
18016 720 1.0
18096 723 1.0
18146 725 1.0
18188 727 1.0
18220 728 1.0
18226 729 1.0
18337 733 1.0
18391 735 1.0
18492 739 1.0
18512 740 1.0
18544 741 1.0
18569 742 1.0
18571 742 1.0
18641 745 1.0
18680 747 1.0
18678 747 1.0
18865 754 1.0
18916 756 1.0
18940 757 1.0
18995 759 1.0
19003 760 1.0
19005 760 1.0
19072 762 1.0
19097 763 1.0
19120 764 1.0
19167 766 1.0
19194 767 1.0
19196 767 1.0
19201 768 1.0
19246 769 1.0
19269 770 1.0
19295 771 1.0
19325 773 1.0
19377 775 1.0
19410 776 1.0
19469 778 1.0
19480 779 1.0
19542 781 1.0
19567 782 1.0
19620 784 1.0
19641 785 1.0
19662 786 1.0
19681 787 1.0
19717 788 1.0
19719 788 1.0
19815 792 1.0
19937 797 1.0
19953 798 1.0
19955 798 1.0
20009 800 1.0
20040 801 1.0
20094 803 1.0
20116 804 1.0
20144 805 1.0
20151 806 1.0
20202 808 1.0
20230 809 1.0
20279 811 1.0
20277 811 1.0
20319 812 1.0
20345 813 1.0
20416 816 1.0
20418 816 1.0
20441 817 1.0
20520 820 1.0
20531 821 1.0
20561 822 1.0
20702 828 1.0
20746 829 1.0
20793 831 1.0
20805 832 1.0
20803 832 1.0
20844 833 1.0
20870 834 1.0
20993 839 1.0
21043 841 1.0
21063 842 1.0
21096 843 1.0
21100 844 1.0
21130 845 1.0
21184 847 1.0
21272 850 1.0
21270 850 1.0
21291 851 1.0
21345 853 1.0
21353 854 1.0
21388 855 1.0
21430 857 1.0
21518 860 1.0
21530 861 1.0
21555 862 1.0
21580 863 1.0
21578 863 1.0
21662 866 1.0
21680 867 1.0
21718 868 1.0
21819 872 1.0
21826 873 1.0
21915 876 1.0
21917 876 1.0
21925 877 1.0
21995 879 1.0
22019 880 1.0
22152 886 1.0
22154 886 1.0
22216 888 1.0
22240 889 1.0
22262 890 1.0
22288 891 1.0
22371 894 1.0
22418 896 1.0
22437 897 1.0
487 19 1.0
1291 51 1.0
2959 118 1.0
2962 118 1.0
3269 130 1.0
3266 130 1.0
4014 160 1.0
4444 177 1.0
6068 242 1.0
6251 250 1.0
6375 255 1.0
6529 261 1.0
7726 309 1.0
8270 330 1.0
8416 336 1.0
10953 438 1.0
12053 482 1.0
12888 515 1.0
12994 519 1.0
13278 531 1.0
14487 579 1.0
15045 601 1.0
15085 603 1.0
15253 610 1.0
15278 611 1.0
15369 614 1.0
15446 617 1.0
15578 623 1.0
15603 624 1.0
15667 626 1.0
15932 637 1.0
16005 640 1.0
16001 640 1.0
16048 641 1.0
16105 644 1.0
16183 647 1.0
16222 648 1.0
16321 652 0.0
16369 654 1.0
16655 666 1.0
16722 668 1.0
16764 670 1.0
16812 672 1.0
16843 673 1.0
17029 681 1.0
17108 684 1.0
17105 684 1.0
17243 689 1.0
17354 694 1.0
17357 694 1.0
17540 701 1.0
17704 708 1.0
17743 709 1.0
17828 713 1.0
17965 718 1.0
17989 719 1.0
18043 721 1.0
18059 722 1.0
18105 724 1.0
18318 732 1.0
18594 743 1.0
18764 750 1.0
18766 750 1.0
18781 751 1.0
18918 756 1.0
18956 758 1.0
19122 764 1.0
19362 774 1.0
19432 777 1.0
19429 777 1.0
19590 783 1.0
19664 786 1.0
19766 790 1.0
19785 791 1.0
19781 791 1.0
20051 802 1.0
20204 808 1.0
20443 817 1.0
20617 824 1.0
20769 830 1.0
21087 843 1.0
21217 848 1.0
21480 859 1.0
21678 867 1.0
21742 869 1.0
21759 870 1.0
21882 875 1.0
21929 877 1.0
22089 883 1.0
22087 883 1.0
22144 885 1.0
22305 892 1.0
22454 898 1.0
1317 52 1.0
1566 62 1.0
2640 105 1.0
3871 154 1.0
4179 167 1.0
4183 167 1.0
4911 196 1.0
6071 242 1.0
6067 242 1.0
6264 250 1.0
6381 255 1.0
6528 261 1.0
6532 261 1.0
7646 305 1.0
8274 330 1.0
9138 365 1.0
9158 366 1.0
13277 531 1.0
13281 531 1.0
13293 531 1.0
14105 564 1.0
14494 579 1.0
15238 609 1.0
15267 610 1.0
15299 611 1.0
15348 613 1.0
15448 617 1.0
15462 618 1.0
15542 621 1.0
15764 630 1.0
15832 633 1.0
15893 635 1.0
15933 637 1.0
16004 640 1.0
16066 642 1.0
16297 651 1.0
16443 657 1.0
16658 666 1.0
16693 667 1.0
16745 669 1.0
16789 671 1.0
16817 672 1.0
17017 680 1.0
17031 681 1.0
17136 685 1.0
17297 691 1.0
17574 702 1.0
17896 715 1.0
17948 717 1.0
18297 731 1.0
18372 734 1.0
18412 736 1.0
18437 737 1.0
18545 741 1.0
18669 746 1.0
18806 752 1.0
18849 753 1.0
18897 755 1.0
19045 761 1.0
19098 763 1.0
19365 774 1.0
19519 780 1.0
19769 790 1.0
19765 790 1.0
19818 792 1.0
19859 794 1.0
19940 797 1.0
19997 799 1.0
20398 815 1.0
20484 819 1.0
20649 825 1.0
20658 826 1.0
20693 827 1.0
20916 836 1.0
21061 842 1.0
21219 848 1.0
21241 849 1.0
21238 849 1.0
21301 852 1.0
21322 852 1.0
21620 864 1.0
21643 865 1.0
21765 870 1.0
21796 871 1.0
21860 874 1.0
21897 875 1.0
22092 883 1.0
22148 885 1.0
22320 892 1.0
22455 898 1.0
22496 899 1.0
1314 52 1.0
1563 62 1.0
3865 154 1.0
4913 196 1.0
6261 250 1.0
6380 255 1.0
8271 330 1.0
9467 378 1.0
13291 531 1.0
14491 579 1.0
15105 604 1.0
15296 611 1.0
15345 613 1.0
15445 617 1.0
15459 618 1.0
15539 621 1.0
15765 630 1.0
15762 630 1.0
15890 635 1.0
16063 642 1.0
16294 651 1.0
16437 657 1.0
16657 666 1.0
16694 667 1.0
16741 669 1.0
16814 672 1.0
17133 685 1.0
17214 688 1.0
17294 691 1.0
17465 698 1.0
17478 699 1.0
17570 702 1.0
17717 708 1.0
17893 715 1.0
18060 722 1.0
18221 728 1.0
18293 731 1.0
18369 734 1.0
18408 736 1.0
18433 737 1.0
18511 740 1.0
18644 745 1.0
18666 746 1.0
18804 752 1.0
18845 753 1.0
18893 755 1.0
19096 763 1.0
19296 771 1.0
19478 779 1.0
19516 780 1.0
19995 799 1.0
20038 801 1.0
20142 805 1.0
20153 806 1.0
20395 815 1.0
20482 819 1.0
20646 825 1.0
20657 826 1.0
20692 827 1.0
20913 836 1.0
21218 848 1.0
21617 864 1.0
21639 865 1.0
21762 870 1.0
21856 874 1.0
21895 875 1.0
22145 885 1.0
22263 890 1.0
22287 891 1.0
22318 892 1.0
22492 899 1.0
 fin motif
# 1 target:1 c+:343 c-:0 score:399.0090965628119 score+:1835.4418441889347 score-:0 nb:6 =l_2c_5 l_2c_14 l_2c_11 l_2c_8 l_2c_1 l_2c_17 
912 36 1.0
2816 112 1.0
4884 195 1.0
6854 274 1.0
13716 548 1.0
15127 605 1.0
15159 606 1.0
15214 608 1.0
15567 622 1.0
15920 636 1.0
16464 658 1.0
16491 659 1.0
16502 660 1.0
16577 663 1.0
16929 677 1.0
17260 690 1.0
18257 730 1.0
18462 738 1.0
18622 744 1.0
18706 748 1.0
18741 749 1.0
19128 765 1.0
19320 772 1.0
19839 793 1.0
19887 795 1.0
19917 796 1.0
20179 807 1.0
20268 810 1.0
20367 814 1.0
20473 818 1.0
20575 823 1.0
20929 837 1.0
20967 838 1.0
21016 840 1.0
21157 846 1.0
21416 856 1.0
21466 858 1.0
22067 882 1.0
22113 884 1.0
22189 887 1.0
22340 893 1.0
22390 895 1.0
9133 365 1.0
17943 717 1.0
18037 721 1.0
1288 51 1.0
1400 56 1.0
1796 71 1.0
1992 79 1.0
2639 105 1.0
2961 118 1.0
3190 127 1.0
3265 130 1.0
4013 160 1.0
4338 173 1.0
4441 177 1.0
5864 234 1.0
7644 305 1.0
7725 309 1.0
7825 313 1.0
8000 320 1.0
8417 336 1.0
9462 378 1.0
10050 402 1.0
10386 415 1.0
10801 432 1.0
11048 441 1.0
12050 482 1.0
12792 511 1.0
12891 515 1.0
13900 556 1.0
14100 564 1.0
14291 571 1.0
14905 596 1.0
15011 600 1.0
15042 601 1.0
15062 602 1.0
15082 603 1.0
15107 604 1.0
15191 607 1.0
15319 612 1.0
15368 614 1.0
15383 615 1.0
15416 616 1.0
15475 619 1.0
15519 620 1.0
15600 624 1.0
15626 625 1.0
15670 626 1.0
15690 627 1.0
15725 629 1.0
15798 631 1.0
15826 633 1.0
15864 634 1.0
15892 635 1.0
15973 638 1.0
15976 639 1.0
16000 640 1.0
16045 641 1.0
16102 644 1.0
16134 645 1.0
16155 646 1.0
16186 647 1.0
16219 648 1.0
16226 649 1.0
16256 650 1.0
16325 653 1.0
16390 655 1.0
16419 656 1.0
16546 661 1.0
16554 662 1.0
16608 664 1.0
16640 665 1.0
16667 666 1.0
16689 667 1.0
16719 668 1.0
16785 671 1.0
16840 673 1.0
16865 674 1.0
16875 675 1.0
16913 676 1.0
16962 678 1.0
16992 679 1.0
17015 680 1.0
17080 683 1.0
17104 684 1.0
17171 686 1.0
17175 687 1.0
17304 692 1.0
17335 693 1.0
17353 694 1.0
17379 695 1.0
17400 696 1.0
17426 697 1.0
17463 698 1.0
17591 703 1.0
17618 704 1.0
17640 705 1.0
17666 706 1.0
17684 707 1.0
17766 710 1.0
17792 711 1.0
17829 713 1.0
17871 714 1.0
18012 720 1.0
18093 723 1.0
18143 725 1.0
18169 726 1.0
18187 727 1.0
18216 728 1.0
18225 729 1.0
18315 732 1.0
18367 734 1.0
18389 735 1.0
18489 739 1.0
18543 741 1.0
18566 742 1.0
18638 745 1.0
18675 747 1.0
18801 752 1.0
18864 754 1.0
18915 756 1.0
18937 757 1.0
18990 759 1.0
19002 760 1.0
19069 762 1.0
19094 763 1.0
19119 764 1.0
19164 766 1.0
19193 767 1.0
19200 768 1.0
19243 769 1.0
19294 771 1.0
19326 773 1.0
19361 774 1.0
19428 777 1.0
19466 778 1.0
19541 781 1.0
19617 784 1.0
19640 785 1.0
19661 786 1.0
19678 787 1.0
19714 788 1.0
19738 789 1.0
19814 792 1.0
19936 797 1.0
19952 798 1.0
20007 800 1.0
20037 801 1.0
20055 802 1.0
20092 803 1.0
20115 804 1.0
20141 805 1.0
20157 806 1.0
20201 808 1.0
20227 809 1.0
20280 811 1.0
20342 813 1.0
20415 816 1.0
20440 817 1.0
20523 820 1.0
20560 822 1.0
20656 826 1.0
20687 827 1.0
20701 828 1.0
20745 829 1.0
20756 830 1.0
20794 831 1.0
20802 832 1.0
20869 834 1.0
21097 843 1.0
21102 844 1.0
21129 845 1.0
21180 847 1.0
21267 850 1.0
21287 851 1.0
21344 853 1.0
21354 854 1.0
21387 855 1.0
21429 857 1.0
21521 860 1.0
21525 861 1.0
21550 862 1.0
21575 863 1.0
21661 866 1.0
21675 867 1.0
21719 868 1.0
21817 872 1.0
21829 873 1.0
21914 876 1.0
21950 878 1.0
21991 879 1.0
22018 880 1.0
22037 881 1.0
22088 883 1.0
22155 886 1.0
22286 891 1.0
22419 896 1.0
17512 700 1.0
6028 241 1.0
15457 618 1.0
15689 627 1.0
15715 628 1.0
16060 642 1.0
16293 651 1.0
16762 670 1.0
16877 675 1.0
17242 689 1.0
17480 699 1.0
17510 700 1.0
17701 708 1.0
17881 715 1.0
18011 720 1.0
18056 722 1.0
18104 724 1.0
18336 733 1.0
18493 739 1.0
18955 758 1.0
19413 776 1.0
19482 779 1.0
20314 812 1.0
20528 821 1.0
20532 821 1.0
20841 833 1.0
20994 839 1.0
21479 859 1.0
21577 863 1.0
21990 879 1.0
22265 890 1.0
22434 897 1.0
479 19 1.0
1466 58 1.0
1793 71 1.0
1989 79 1.0
2641 105 1.0
3187 127 1.0
3264 130 1.0
4337 173 1.0
4908 196 1.0
6030 241 1.0
6066 242 1.0
6252 250 1.0
6376 255 1.0
7641 305 1.0
8269 330 1.0
10804 432 1.0
10952 438 1.0
12789 511 1.0
12991 519 1.0
14101 564 1.0
14488 579 1.0
15059 602 1.0
15188 607 1.0
15254 610 1.0
15279 611 1.0
15415 616 1.0
15629 625 1.0
15714 628 1.0
15807 632 1.0
15827 633 1.0
15891 635 1.0
15979 639 1.0
16101 644 1.0
16151 646 1.0
16417 656 1.0
16691 667 1.0
16784 671 1.0
16813 672 1.0
17012 680 1.0
17030 681 1.0
17053 682 1.0
17076 683 1.0
17103 684 1.0
17352 694 1.0
17429 697 1.0
17588 703 1.0
17705 708 1.0
17800 712 1.0
17831 713 1.0
17906 716 1.0
17962 718 1.0
18058 722 1.0
18186 727 1.0
18314 732 1.0
18340 733 1.0
18370 734 1.0
18507 740 1.0
18540 741 1.0
18578 743 1.0
18757 750 1.0
18863 754 1.0
19095 763 1.0
19191 767 1.0
19266 770 1.0
19327 773 1.0
19360 774 1.0
19376 775 1.0
19427 777 1.0
19566 782 1.0
19639 785 1.0
19679 787 1.0
19764 790 1.0
19782 791 1.0
19857 794 1.0
19935 797 1.0
20114 804 1.0
20226 809 1.0
20276 811 1.0
20616 824 1.0
20704 828 1.0
20742 829 1.0
20791 831 1.0
20839 833 1.0
20990 839 1.0
21042 841 1.0
21060 842 1.0
21086 843 1.0
21126 845 1.0
21216 848 1.0
21236 849 1.0
21303 852 1.0
21528 861 1.0
21553 862 1.0
21658 866 1.0
21758 870 1.0
21881 875 1.0
21930 877 1.0
22015 880 1.0
22151 886 1.0
22304 892 1.0
22367 894 1.0
22456 898 1.0
12892 515 1.0
15627 625 1.0
15671 626 1.0
15808 632 1.0
16878 675 1.0
17479 699 1.0
17621 704 1.0
18016 720 1.0
18337 733 1.0
18492 739 1.0
18765 750 1.0
19410 776 1.0
19567 782 1.0
20202 808 1.0
20319 812 1.0
20531 821 1.0
20746 829 1.0
20993 839 1.0
21430 857 1.0
21578 863 1.0
21826 873 1.0
22216 888 1.0
22240 889 1.0
2959 118 1.0
4014 160 1.0
4178 167 1.0
6251 250 1.0
6375 255 1.0
8416 336 1.0
12888 515 1.0
14487 579 1.0
15278 611 1.0
15446 617 1.0
15578 623 1.0
15603 624 1.0
15667 626 1.0
15931 637 1.0
16005 640 1.0
16183 647 1.0
16369 654 1.0
16655 666 1.0
16812 672 1.0
17029 681 1.0
17466 698 1.0
17477 699 1.0
17743 709 1.0
17828 713 1.0
17989 719 1.0
18510 740 1.0
18764 750 1.0
18781 751 1.0
18802 752 1.0
19590 783 1.0
19664 786 1.0
19781 791 1.0
20204 808 1.0
21217 848 1.0
21742 869 1.0
21759 870 1.0
21929 877 1.0
22087 883 1.0
22142 885 1.0
22210 888 1.0
22234 889 1.0
22305 892 1.0
19041 761 1.0
1311 52 1.0
3852 154 1.0
6027 241 1.0
13290 531 1.0
15103 604 1.0
15342 613 1.0
15538 621 1.0
16061 642 1.0
16436 657 1.0
16740 669 1.0
17130 685 1.0
17292 691 1.0
17568 702 1.0
18055 722 1.0
18228 729 1.0
18290 731 1.0
18407 736 1.0
18432 737 1.0
18631 745 1.0
18663 746 1.0
18844 753 1.0
18892 755 1.0
19291 771 1.0
19516 780 1.0
19544 781 1.0
19994 799 1.0
20393 815 1.0
20481 819 1.0
20645 825 1.0
20842 833 1.0
20890 835 1.0
20911 836 1.0
21614 864 1.0
21638 865 1.0
21855 874 1.0
22264 890 1.0
22491 899 1.0
 fin motif
# 2 target:1 c+:317 c-:0 score:297.78349756311457 score+:833.7937931767208 score-:0 nb:3 =l_2c_7 l_2c_2 l_2c_4 
912 36 1.0
2816 112 1.0
4884 195 1.0
6854 274 1.0
13716 548 1.0
15127 605 1.0
15159 606 1.0
15214 608 1.0
15567 622 1.0
15920 636 1.0
16464 658 1.0
16491 659 1.0
16502 660 1.0
16577 663 1.0
16929 677 1.0
17260 690 1.0
18257 730 1.0
18462 738 1.0
18622 744 1.0
18706 748 1.0
18741 749 1.0
19128 765 1.0
19320 772 1.0
19839 793 1.0
19887 795 1.0
19917 796 1.0
20179 807 1.0
20268 810 1.0
20367 814 1.0
20473 818 1.0
20575 823 1.0
20929 837 1.0
20967 838 1.0
21016 840 1.0
21157 846 1.0
21416 856 1.0
21466 858 1.0
22067 882 1.0
22113 884 1.0
22189 887 1.0
22340 893 1.0
22390 895 1.0
9133 365 1.0
17943 717 1.0
18037 721 1.0
1288 51 1.0
1400 56 1.0
1796 71 1.0
1992 79 1.0
2639 105 1.0
2961 118 1.0
3190 127 1.0
3265 130 1.0
4013 160 1.0
4338 173 1.0
4441 177 1.0
5864 234 1.0
7644 305 1.0
7725 309 1.0
7825 313 1.0
8000 320 1.0
8417 336 1.0
9462 378 1.0
10050 402 1.0
10386 415 1.0
10801 432 1.0
11048 441 1.0
12050 482 1.0
12792 511 1.0
12891 515 1.0
13900 556 1.0
14100 564 1.0
14291 571 1.0
14905 596 1.0
15011 600 1.0
15042 601 1.0
15062 602 1.0
15082 603 1.0
15107 604 1.0
15191 607 1.0
15319 612 1.0
15368 614 1.0
15383 615 1.0
15416 616 1.0
15475 619 1.0
15519 620 1.0
15600 624 1.0
15626 625 1.0
15670 626 1.0
15690 627 1.0
15725 629 1.0
15798 631 1.0
15864 634 1.0
15892 635 1.0
15973 638 1.0
15976 639 1.0
16000 640 1.0
16045 641 1.0
16102 644 1.0
16134 645 1.0
16155 646 1.0
16186 647 1.0
16219 648 1.0
16226 649 1.0
16256 650 1.0
16325 653 1.0
16390 655 1.0
16419 656 1.0
16546 661 1.0
16554 662 1.0
16608 664 1.0
16640 665 1.0
16667 666 1.0
16689 667 1.0
16719 668 1.0
16785 671 1.0
16840 673 1.0
16865 674 1.0
16875 675 1.0
16913 676 1.0
16962 678 1.0
16992 679 1.0
17015 680 1.0
17080 683 1.0
17104 684 1.0
17171 686 1.0
17175 687 1.0
17304 692 1.0
17335 693 1.0
17353 694 1.0
17379 695 1.0
17400 696 1.0
17426 697 1.0
17463 698 1.0
17591 703 1.0
17618 704 1.0
17640 705 1.0
17666 706 1.0
17684 707 1.0
17766 710 1.0
17792 711 1.0
17829 713 1.0
17871 714 1.0
18012 720 1.0
18093 723 1.0
18143 725 1.0
18169 726 1.0
18187 727 1.0
18216 728 1.0
18225 729 1.0
18315 732 1.0
18367 734 1.0
18389 735 1.0
18489 739 1.0
18543 741 1.0
18566 742 1.0
18638 745 1.0
18675 747 1.0
18801 752 1.0
18864 754 1.0
18915 756 1.0
18937 757 1.0
18990 759 1.0
19002 760 1.0
19069 762 1.0
19094 763 1.0
19119 764 1.0
19164 766 1.0
19193 767 1.0
19200 768 1.0
19243 769 1.0
19294 771 1.0
19326 773 1.0
19361 774 1.0
19428 777 1.0
19466 778 1.0
19541 781 1.0
19617 784 1.0
19640 785 1.0
19661 786 1.0
19678 787 1.0
19714 788 1.0
19738 789 1.0
19814 792 1.0
19936 797 1.0
19952 798 1.0
20007 800 1.0
20037 801 1.0
20055 802 1.0
20092 803 1.0
20115 804 1.0
20141 805 1.0
20157 806 1.0
20201 808 1.0
20227 809 1.0
20280 811 1.0
20342 813 1.0
20415 816 1.0
20440 817 1.0
20523 820 1.0
20560 822 1.0
20656 826 1.0
20687 827 1.0
20701 828 1.0
20745 829 1.0
20756 830 1.0
20794 831 1.0
20802 832 1.0
20869 834 1.0
21097 843 1.0
21102 844 1.0
21129 845 1.0
21180 847 1.0
21267 850 1.0
21287 851 1.0
21344 853 1.0
21354 854 1.0
21387 855 1.0
21429 857 1.0
21521 860 1.0
21525 861 1.0
21550 862 1.0
21575 863 1.0
21661 866 1.0
21675 867 1.0
21719 868 1.0
21817 872 1.0
21829 873 1.0
21914 876 1.0
21950 878 1.0
21991 879 1.0
22018 880 1.0
22037 881 1.0
22088 883 1.0
22155 886 1.0
22286 891 1.0
22419 896 1.0
17476 699 1.0
18509 740 1.0
16643 665 1.0
10385 415 1.0
19742 789 1.0
15717 628 1.0
22370 894 1.0
15760 630 1.0
479 19 1.0
1466 58 1.0
1793 71 1.0
1989 79 1.0
2641 105 1.0
3187 127 1.0
3264 130 1.0
4337 173 1.0
4909 196 1.0
6030 241 1.0
6376 255 1.0
7641 305 1.0
10804 432 1.0
10952 438 1.0
12789 511 1.0
12991 519 1.0
13276 531 1.0
14101 564 1.0
15059 602 1.0
15188 607 1.0
15415 616 1.0
15443 617 1.0
15629 625 1.0
15714 628 1.0
15807 632 1.0
15827 633 1.0
15891 635 1.0
15979 639 1.0
16101 644 1.0
16151 646 1.0
16417 656 1.0
16691 667 1.0
16784 671 1.0
17012 680 1.0
17053 682 1.0
17076 683 1.0
17103 684 1.0
17352 694 1.0
17429 697 1.0
17588 703 1.0
17705 708 1.0
17800 712 1.0
17831 713 1.0
17906 716 1.0
17962 718 1.0
18058 722 1.0
18186 727 1.0
18314 732 1.0
18340 733 1.0
18370 734 1.0
18507 740 1.0
18540 741 1.0
18863 754 1.0
19095 763 1.0
19191 767 1.0
19327 773 1.0
19360 774 1.0
19376 775 1.0
19427 777 1.0
19566 782 1.0
19639 785 1.0
19679 787 1.0
19782 791 1.0
19857 794 1.0
19935 797 1.0
20114 804 1.0
20226 809 1.0
20276 811 1.0
20704 828 1.0
20742 829 1.0
20791 831 1.0
20839 833 1.0
20990 839 1.0
21042 841 1.0
21060 842 1.0
21126 845 1.0
21528 861 1.0
21553 862 1.0
21658 866 1.0
21758 870 1.0
21930 877 1.0
22015 880 1.0
22151 886 1.0
22367 894 1.0
22456 898 1.0
14903 596 1.0
15761 630 1.0
18170 726 1.0
21955 878 1.0
22041 881 1.0
1289 51 1.0
1416 56 1.0
1469 58 1.0
1797 71 1.0
1993 79 1.0
3189 127 1.0
4341 173 1.0
4442 177 1.0
5861 234 1.0
6031 241 1.0
7645 305 1.0
7828 313 1.0
7830 313 1.0
8003 320 1.0
8005 320 1.0
8418 336 1.0
10053 402 1.0
10383 415 1.0
10802 432 1.0
11047 441 1.0
12055 482 1.0
12793 511 1.0
12892 515 1.0
12992 519 1.0
13903 556 1.0
14102 564 1.0
14295 571 1.0
15014 600 1.0
15043 601 1.0
15063 602 1.0
15083 603 1.0
15192 607 1.0
15320 612 1.0
15322 612 1.0
15386 615 1.0
15384 615 1.0
15417 616 1.0
15476 619 1.0
15518 620 1.0
15605 624 1.0
15627 625 1.0
15671 626 1.0
15694 627 1.0
15718 628 1.0
15728 629 1.0
15795 631 1.0
15808 632 1.0
15865 634 1.0
15972 638 1.0
15977 639 1.0
16046 641 1.0
16137 645 1.0
16154 646 1.0
16187 647 1.0
16220 648 1.0
16225 649 1.0
16257 650 1.0
16259 650 1.0
16330 653 1.0
16328 653 1.0
16393 655 1.0
16420 656 1.0
16422 656 1.0
16545 661 1.0
16553 662 1.0
16619 664 1.0
16621 664 1.0
16641 665 1.0
16671 666 1.0
16720 668 1.0
16841 673 1.0
16869 674 1.0
16878 675 1.0
16880 675 1.0
16914 676 1.0
16916 676 1.0
16963 678 1.0
16965 678 1.0
16993 679 1.0
17016 680 1.0
17058 682 1.0
17079 683 1.0
17170 686 1.0
17178 687 1.0
17216 688 1.0
17217 688 1.0
17303 692 1.0
17378 695 1.0
17403 696 1.0
17405 696 1.0
17427 697 1.0
17464 698 1.0
17479 699 1.0
17592 703 1.0
17621 704 1.0
17639 705 1.0
17669 706 1.0
17681 707 1.0
17769 710 1.0
17795 711 1.0
17797 711 1.0
17801 712 1.0
17832 713 1.0
17868 714 1.0
17911 716 1.0
17910 716 1.0
17963 718 1.0
18016 720 1.0
18096 723 1.0
18146 725 1.0
18188 727 1.0
18226 729 1.0
18337 733 1.0
18391 735 1.0
18492 739 1.0
18512 740 1.0
18544 741 1.0
18569 742 1.0
18571 742 1.0
18641 745 1.0
18680 747 1.0
18678 747 1.0
18765 750 1.0
18865 754 1.0
18916 756 1.0
18940 757 1.0
18995 759 1.0
19003 760 1.0
19005 760 1.0
19072 762 1.0
19097 763 1.0
19120 764 1.0
19167 766 1.0
19194 767 1.0
19196 767 1.0
19201 768 1.0
19246 769 1.0
19269 770 1.0
19295 771 1.0
19325 773 1.0
19377 775 1.0
19410 776 1.0
19469 778 1.0
19475 779 1.0
19480 779 1.0
19542 781 1.0
19567 782 1.0
19620 784 1.0
19641 785 1.0
19662 786 1.0
19681 787 1.0
19717 788 1.0
19719 788 1.0
19815 792 1.0
19937 797 1.0
19953 798 1.0
19955 798 1.0
20009 800 1.0
20040 801 1.0
20094 803 1.0
20116 804 1.0
20144 805 1.0
20151 806 1.0
20202 808 1.0
20230 809 1.0
20279 811 1.0
20277 811 1.0
20320 812 1.0
20319 812 1.0
20345 813 1.0
20416 816 1.0
20441 817 1.0
20520 820 1.0
20531 821 1.0
20561 822 1.0
20702 828 1.0
20746 829 1.0
20793 831 1.0
20805 832 1.0
20803 832 1.0
20844 833 1.0
20870 834 1.0
20993 839 1.0
21043 841 1.0
21064 842 1.0
21063 842 1.0
21096 843 1.0
21100 844 1.0
21130 845 1.0
21184 847 1.0
21272 850 1.0
21270 850 1.0
21291 851 1.0
21345 853 1.0
21353 854 1.0
21388 855 1.0
21430 857 1.0
21518 860 1.0
21530 861 1.0
21555 862 1.0
21580 863 1.0
21578 863 1.0
21662 866 1.0
21680 867 1.0
21718 868 1.0
21819 872 1.0
21826 873 1.0
21915 876 1.0
21917 876 1.0
21925 877 1.0
21995 879 1.0
22019 880 1.0
22152 886 1.0
22154 886 1.0
22216 888 1.0
22215 888 1.0
22239 889 1.0
22240 889 1.0
22262 890 1.0
22288 891 1.0
22371 894 1.0
22418 896 1.0
22438 897 1.0
22437 897 1.0
487 19 1.0
1291 51 1.0
2959 118 1.0
2962 118 1.0
3269 130 1.0
3266 130 1.0
4014 160 1.0
4178 167 1.0
4180 167 1.0
4444 177 1.0
6068 242 1.0
6251 250 1.0
6375 255 1.0
6529 261 1.0
7726 309 1.0
8270 330 1.0
8416 336 1.0
10953 438 1.0
12053 482 1.0
12888 515 1.0
12994 519 1.0
13278 531 1.0
14487 579 1.0
15045 601 1.0
15085 603 1.0
15253 610 1.0
15278 611 1.0
15369 614 1.0
15446 617 1.0
15578 623 1.0
15603 624 1.0
15667 626 1.0
15932 637 1.0
16005 640 1.0
16001 640 1.0
16048 641 1.0
16105 644 1.0
16183 647 1.0
16222 648 1.0
16369 654 1.0
16655 666 1.0
16722 668 1.0
16764 670 1.0
16812 672 1.0
16843 673 1.0
17029 681 1.0
17108 684 1.0
17105 684 1.0
17243 689 1.0
17354 694 1.0
17357 694 1.0
17466 698 1.0
17477 699 1.0
17540 701 1.0
17704 708 1.0
17743 709 1.0
17828 713 1.0
17965 718 1.0
17989 719 1.0
18043 721 1.0
18059 722 1.0
18105 724 1.0
18166 726 1.0
18318 732 1.0
18510 740 1.0
18594 743 1.0
18764 750 1.0
18766 750 1.0
18781 751 1.0
18802 752 1.0
18918 756 1.0
18956 758 1.0
19122 764 1.0
19362 774 1.0
19432 777 1.0
19429 777 1.0
19590 783 1.0
19664 786 1.0
19766 790 1.0
19785 791 1.0
19781 791 1.0
19860 794 1.0
20051 802 1.0
20204 808 1.0
20443 817 1.0
20617 824 1.0
20769 830 1.0
21087 843 1.0
21217 848 1.0
21237 849 1.0
21302 852 1.0
21480 859 1.0
21678 867 1.0
21742 869 1.0
21759 870 1.0
21882 875 1.0
21929 877 1.0
21953 878 1.0
22089 883 1.0
22087 883 1.0
22144 885 1.0
22210 888 1.0
22234 889 1.0
22305 892 1.0
22454 898 1.0
2640 105 1.0
4179 167 1.0
4183 167 1.0
4911 196 1.0
6071 242 1.0
6067 242 1.0
6528 261 1.0
6532 261 1.0
13277 531 1.0
13281 531 1.0
15238 609 1.0
15764 630 1.0
15832 633 1.0
16004 640 1.0
19041 761 1.0
19045 761 1.0
19365 774 1.0
19769 790 1.0
19765 790 1.0
19818 792 1.0
19859 794 1.0
21061 842 1.0
21241 849 1.0
21238 849 1.0
21301 852 1.0
21322 852 1.0
22092 883 1.0
22455 898 1.0
15765 630 1.0
17465 698 1.0
17478 699 1.0
18511 740 1.0
19544 781 1.0
 fin motif
# 3 target:1 c+:352 c-:7 score:218.60531957415324 score+:493.1047978925939 score-:12.17309482945674 nb:2 =l_2c_16 l_2c_13 
912 36 1.0
2816 112 1.0
4884 195 1.0
6854 274 1.0
13716 548 1.0
15127 605 1.0
15159 606 1.0
15214 608 1.0
15567 622 1.0
15920 636 1.0
16464 658 1.0
16491 659 1.0
16502 660 1.0
16577 663 1.0
16929 677 1.0
17260 690 1.0
18257 730 1.0
18462 738 1.0
18622 744 1.0
18706 748 1.0
18741 749 1.0
19128 765 1.0
19320 772 1.0
19839 793 1.0
19887 795 1.0
19917 796 1.0
20179 807 1.0
20268 810 1.0
20367 814 1.0
20473 818 1.0
20575 823 1.0
20929 837 1.0
20967 838 1.0
21016 840 1.0
21157 846 1.0
21416 856 1.0
21466 858 1.0
22067 882 1.0
22113 884 1.0
22189 887 1.0
22340 893 1.0
22390 895 1.0
1288 51 1.0
1796 71 1.0
1992 79 1.0
2961 118 1.0
3190 127 1.0
4013 160 1.0
4441 177 1.0
7644 305 1.0
7825 313 1.0
8000 320 1.0
8417 336 1.0
9462 378 1.0
10801 432 1.0
12050 482 1.0
12792 511 1.0
12891 515 1.0
14291 571 1.0
14905 596 1.0
15042 601 1.0
15062 602 1.0
15082 603 1.0
15107 604 1.0
15191 607 1.0
15319 612 1.0
15383 615 1.0
15416 616 1.0
15600 624 1.0
15626 625 1.0
15670 626 1.0
15690 627 1.0
15892 635 1.0
15976 639 1.0
16000 640 1.0
16045 641 1.0
16219 648 1.0
16226 649 1.0
16256 650 1.0
16325 653 1.0
16419 656 1.0
16608 664 1.0
16640 665 1.0
16667 666 1.0
16689 667 1.0
16719 668 1.0
16840 673 1.0
16865 674 1.0
16875 675 1.0
16913 676 1.0
16962 678 1.0
16992 679 1.0
17015 680 1.0
17171 686 1.0
17335 693 1.0
17400 696 1.0
17426 697 1.0
17463 698 1.0
17591 703 1.0
17666 706 1.0
17792 711 1.0
18012 720 1.0
18169 726 1.0
18187 727 1.0
18216 728 1.0
18225 729 1.0
18367 734 1.0
18389 735 1.0
18543 741 1.0
18566 742 1.0
18675 747 1.0
18864 754 1.0
18915 756 1.0
18990 759 1.0
19002 760 1.0
19193 767 1.0
19294 771 1.0
19326 773 1.0
19361 774 1.0
19640 785 1.0
19714 788 1.0
19738 789 1.0
19936 797 1.0
19952 798 1.0
20007 800 1.0
20037 801 1.0
20055 802 1.0
20092 803 1.0
20115 804 1.0
20141 805 1.0
20157 806 1.0
20201 808 1.0
20440 817 1.0
20656 826 1.0
20687 827 1.0
20701 828 1.0
20745 829 1.0
20756 830 1.0
20794 831 1.0
20802 832 1.0
21102 844 1.0
21129 845 1.0
21180 847 1.0
21267 850 1.0
21287 851 1.0
21354 854 1.0
21525 861 1.0
21550 862 1.0
21575 863 1.0
21661 866 1.0
21675 867 1.0
21817 872 1.0
21914 876 1.0
21950 878 1.0
22018 880 1.0
22037 881 1.0
22088 883 1.0
22286 891 1.0
16643 665 1.0
10385 415 1.0
19742 789 1.0
15717 628 1.0
19270 770 1.0
22370 894 1.0
4914 196 1.0
15989 639 1.0
16093 643 1.0
17512 700 1.0
20891 835 1.0
15760 630 1.0
3207 128 0.0
6135 245 0.0
8289 331 0.0
9163 366 1.0
9312 372 0.0
11585 463 0.0
15457 618 1.0
15689 627 1.0
15830 633 1.0
16091 643 1.0
16293 651 1.0
16318 652 0.0
16788 671 1.0
16877 675 1.0
17056 682 1.0
17212 688 1.0
17480 699 1.0
17510 700 1.0
17803 712 1.0
17881 715 1.0
18011 720 1.0
18493 739 1.0
19482 779 1.0
20528 821 1.0
20532 821 1.0
20994 839 1.0
21390 855 1.0
21577 863 1.0
21990 879 1.0
14903 596 1.0
18170 726 1.0
21955 878 1.0
22041 881 1.0
1289 51 1.0
1416 56 1.0
1469 58 1.0
1797 71 1.0
1993 79 1.0
3189 127 1.0
4341 173 1.0
4442 177 1.0
5861 234 1.0
6031 241 1.0
7645 305 1.0
7828 313 1.0
7830 313 1.0
8003 320 1.0
8005 320 1.0
8418 336 1.0
9466 378 1.0
10053 402 1.0
10383 415 1.0
10802 432 1.0
11047 441 1.0
12055 482 1.0
12793 511 1.0
12892 515 1.0
12992 519 1.0
13903 556 1.0
14102 564 1.0
14295 571 1.0
15014 600 1.0
15043 601 1.0
15063 602 1.0
15083 603 1.0
15106 604 1.0
15192 607 1.0
15320 612 1.0
15322 612 1.0
15386 615 1.0
15384 615 1.0
15417 616 1.0
15476 619 1.0
15518 620 1.0
15605 624 1.0
15627 625 1.0
15671 626 1.0
15694 627 1.0
15718 628 1.0
15728 629 1.0
15795 631 1.0
15808 632 1.0
15829 633 1.0
15865 634 1.0
15972 638 1.0
15977 639 1.0
16046 641 1.0
16137 645 1.0
16154 646 1.0
16187 647 1.0
16220 648 1.0
16225 649 1.0
16229 649 1.0
16257 650 1.0
16259 650 1.0
16330 653 1.0
16328 653 1.0
16393 655 1.0
16420 656 1.0
16422 656 1.0
16545 661 1.0
16553 662 1.0
16619 664 1.0
16621 664 1.0
16641 665 1.0
16671 666 1.0
16720 668 1.0
16841 673 1.0
16869 674 1.0
16878 675 1.0
16880 675 1.0
16914 676 1.0
16916 676 1.0
16963 678 1.0
16965 678 1.0
16995 679 1.0
16993 679 1.0
17016 680 1.0
17058 682 1.0
17079 683 1.0
17170 686 1.0
17178 687 1.0
17216 688 1.0
17217 688 1.0
17303 692 1.0
17339 693 1.0
17378 695 1.0
17403 696 1.0
17405 696 1.0
17427 697 1.0
17464 698 1.0
17479 699 1.0
17592 703 1.0
17621 704 1.0
17639 705 1.0
17669 706 1.0
17681 707 1.0
17769 710 1.0
17795 711 1.0
17797 711 1.0
17801 712 1.0
17832 713 1.0
17868 714 1.0
17911 716 1.0
17910 716 1.0
17963 718 1.0
18016 720 1.0
18096 723 1.0
18146 725 1.0
18188 727 1.0
18220 728 1.0
18226 729 1.0
18337 733 1.0
18391 735 1.0
18492 739 1.0
18512 740 1.0
18544 741 1.0
18569 742 1.0
18571 742 1.0
18641 745 1.0
18680 747 1.0
18678 747 1.0
18865 754 1.0
18916 756 1.0
18940 757 1.0
18995 759 1.0
19003 760 1.0
19005 760 1.0
19072 762 1.0
19120 764 1.0
19167 766 1.0
19194 767 1.0
19196 767 1.0
19201 768 1.0
19246 769 1.0
19269 770 1.0
19295 771 1.0
19325 773 1.0
19377 775 1.0
19410 776 1.0
19469 778 1.0
19475 779 1.0
19480 779 1.0
19542 781 1.0
19567 782 1.0
19620 784 1.0
19641 785 1.0
19662 786 1.0
19681 787 1.0
19717 788 1.0
19719 788 1.0
19815 792 1.0
19937 797 1.0
19953 798 1.0
19955 798 1.0
20009 800 1.0
20040 801 1.0
20094 803 1.0
20116 804 1.0
20144 805 1.0
20151 806 1.0
20202 808 1.0
20230 809 1.0
20279 811 1.0
20277 811 1.0
20320 812 1.0
20319 812 1.0
20345 813 1.0
20416 816 1.0
20418 816 1.0
20441 817 1.0
20520 820 1.0
20531 821 1.0
20561 822 1.0
20702 828 1.0
20746 829 1.0
20793 831 1.0
20805 832 1.0
20803 832 1.0
20844 833 1.0
20870 834 1.0
20915 836 1.0
20993 839 1.0
21043 841 1.0
21064 842 1.0
21063 842 1.0
21096 843 1.0
21100 844 1.0
21130 845 1.0
21184 847 1.0
21272 850 1.0
21270 850 1.0
21291 851 1.0
21345 853 1.0
21353 854 1.0
21388 855 1.0
21430 857 1.0
21518 860 1.0
21530 861 1.0
21555 862 1.0
21580 863 1.0
21578 863 1.0
21662 866 1.0
21680 867 1.0
21718 868 1.0
21819 872 1.0
21826 873 1.0
21915 876 1.0
21917 876 1.0
21925 877 1.0
21995 879 1.0
22019 880 1.0
22152 886 1.0
22154 886 1.0
22216 888 1.0
22215 888 1.0
22239 889 1.0
22240 889 1.0
22262 890 1.0
22288 891 1.0
22371 894 1.0
22418 896 1.0
22438 897 1.0
22437 897 1.0
487 19 1.0
1291 51 1.0
2962 118 1.0
3269 130 1.0
3266 130 1.0
4014 160 1.0
4180 167 1.0
4444 177 1.0
6068 242 1.0
6529 261 1.0
7726 309 1.0
10953 438 1.0
12053 482 1.0
12994 519 1.0
13278 531 1.0
15045 601 1.0
15085 603 1.0
15369 614 1.0
15578 623 1.0
15603 624 1.0
16001 640 1.0
16048 641 1.0
16105 644 1.0
16222 648 1.0
16321 652 0.0
16369 654 1.0
16722 668 1.0
16764 670 1.0
16843 673 1.0
17108 684 1.0
17105 684 1.0
17243 689 1.0
17354 694 1.0
17357 694 1.0
17466 698 1.0
17477 699 1.0
17540 701 1.0
17704 708 1.0
17743 709 1.0
17965 718 1.0
17989 719 1.0
18043 721 1.0
18059 722 1.0
18105 724 1.0
18318 732 1.0
18510 740 1.0
18594 743 1.0
18766 750 1.0
18781 751 1.0
18918 756 1.0
18956 758 1.0
19122 764 1.0
19362 774 1.0
19432 777 1.0
19429 777 1.0
19590 783 1.0
19766 790 1.0
19785 791 1.0
20051 802 1.0
20443 817 1.0
20617 824 1.0
20769 830 1.0
21087 843 1.0
21480 859 1.0
21678 867 1.0
21742 869 1.0
22089 883 1.0
1317 52 1.0
1566 62 1.0
2640 105 1.0
3871 154 1.0
4183 167 1.0
4911 196 1.0
6071 242 1.0
6264 250 1.0
6381 255 1.0
6532 261 1.0
7646 305 1.0
8274 330 1.0
9138 365 1.0
9158 366 1.0
13281 531 1.0
13293 531 1.0
14105 564 1.0
14494 579 1.0
15238 609 1.0
15267 610 1.0
15299 611 1.0
15348 613 1.0
15448 617 1.0
15462 618 1.0
15542 621 1.0
15764 630 1.0
15832 633 1.0
15893 635 1.0
15933 637 1.0
16004 640 1.0
16066 642 1.0
16297 651 1.0
16443 657 1.0
16658 666 1.0
16693 667 1.0
16745 669 1.0
16789 671 1.0
16817 672 1.0
17017 680 1.0
17031 681 1.0
17136 685 1.0
17297 691 1.0
17574 702 1.0
17896 715 1.0
17948 717 1.0
18297 731 1.0
18372 734 1.0
18412 736 1.0
18437 737 1.0
18545 741 1.0
18669 746 1.0
18806 752 1.0
18849 753 1.0
18897 755 1.0
19041 761 1.0
19045 761 1.0
19098 763 1.0
19365 774 1.0
19519 780 1.0
19769 790 1.0
19818 792 1.0
19859 794 1.0
19940 797 1.0
19997 799 1.0
20398 815 1.0
20484 819 1.0
20649 825 1.0
20658 826 1.0
20693 827 1.0
20916 836 1.0
21219 848 1.0
21241 849 1.0
21322 852 1.0
21620 864 1.0
21643 865 1.0
21765 870 1.0
21796 871 1.0
21860 874 1.0
21897 875 1.0
22092 883 1.0
22148 885 1.0
22320 892 1.0
22455 898 1.0
22496 899 1.0
1311 52 1.0
1314 52 1.0
1559 62 1.0
1563 62 1.0
3865 154 1.0
3852 154 1.0
4913 196 1.0
6027 241 1.0
6261 250 1.0
6380 255 1.0
8271 330 1.0
9467 378 1.0
12376 495 0.0
13291 531 1.0
13290 531 1.0
14491 579 1.0
15105 604 1.0
15103 604 1.0
15296 611 1.0
15345 613 1.0
15342 613 1.0
15445 617 1.0
15459 618 1.0
15538 621 1.0
15539 621 1.0
15765 630 1.0
15762 630 1.0
15890 635 1.0
16063 642 1.0
16061 642 1.0
16294 651 1.0
16436 657 1.0
16437 657 1.0
16657 666 1.0
16694 667 1.0
16740 669 1.0
16741 669 1.0
16814 672 1.0
17133 685 1.0
17130 685 1.0
17214 688 1.0
17294 691 1.0
17292 691 1.0
17465 698 1.0
17478 699 1.0
17570 702 1.0
17568 702 1.0
17702 708 1.0
17717 708 1.0
17893 715 1.0
18060 722 1.0
18055 722 1.0
18221 728 1.0
18228 729 1.0
18290 731 1.0
18293 731 1.0
18369 734 1.0
18408 736 1.0
18407 736 1.0
18432 737 1.0
18433 737 1.0
18511 740 1.0
18631 745 1.0
18644 745 1.0
18663 746 1.0
18666 746 1.0
18804 752 1.0
18845 753 1.0
18844 753 1.0
18893 755 1.0
18892 755 1.0
19096 763 1.0
19291 771 1.0
19296 771 1.0
19478 779 1.0
19516 780 1.0
19544 781 1.0
19994 799 1.0
19995 799 1.0
20393 815 1.0
20395 815 1.0
20481 819 1.0
20482 819 1.0
20646 825 1.0
20645 825 1.0
20657 826 1.0
20692 827 1.0
20826 833 1.0
20842 833 1.0
20890 835 1.0
20913 836 1.0
20911 836 1.0
21218 848 1.0
21617 864 1.0
21614 864 1.0
21639 865 1.0
21638 865 1.0
21762 870 1.0
21856 874 1.0
21855 874 1.0
21895 875 1.0
22145 885 1.0
22264 890 1.0
22263 890 1.0
22287 891 1.0
22318 892 1.0
22492 899 1.0
22491 899 1.0
 fin motif
# 4 target:1 c+:339 c-:2 score:154.34167690341798 score+:716.4576727797107 score-:6.485959023987963 nb:6 =l_2c_5 l_2c_8 l_2c_9 l_2c_19 l_2c_0 l_2c_12 
912 36 1.0
2816 112 1.0
4884 195 1.0
6854 274 1.0
13716 548 1.0
15127 605 1.0
15159 606 1.0
15214 608 1.0
15567 622 1.0
15920 636 1.0
16464 658 1.0
16491 659 1.0
16502 660 1.0
16577 663 1.0
16929 677 1.0
17260 690 1.0
18257 730 1.0
18462 738 1.0
18622 744 1.0
18706 748 1.0
18741 749 1.0
19128 765 1.0
19320 772 1.0
19839 793 1.0
19887 795 1.0
19917 796 1.0
20179 807 1.0
20268 810 1.0
20367 814 1.0
20473 818 1.0
20575 823 1.0
20929 837 1.0
20967 838 1.0
21016 840 1.0
21157 846 1.0
21416 856 1.0
21466 858 1.0
22067 882 1.0
22113 884 1.0
22189 887 1.0
22340 893 1.0
22390 895 1.0
9133 365 1.0
17943 717 1.0
18037 721 1.0
1288 51 1.0
1400 56 1.0
1796 71 1.0
1992 79 1.0
2639 105 1.0
2961 118 1.0
3190 127 1.0
3265 130 1.0
4013 160 1.0
4338 173 1.0
4441 177 1.0
5864 234 1.0
7644 305 1.0
7725 309 1.0
7825 313 1.0
8000 320 1.0
8417 336 1.0
9462 378 1.0
10050 402 1.0
10386 415 1.0
10801 432 1.0
11048 441 1.0
12050 482 1.0
12792 511 1.0
12891 515 1.0
13900 556 1.0
14100 564 1.0
14291 571 1.0
14905 596 1.0
15011 600 1.0
15042 601 1.0
15062 602 1.0
15082 603 1.0
15107 604 1.0
15191 607 1.0
15319 612 1.0
15368 614 1.0
15383 615 1.0
15416 616 1.0
15475 619 1.0
15519 620 1.0
15600 624 1.0
15626 625 1.0
15670 626 1.0
15690 627 1.0
15725 629 1.0
15798 631 1.0
15826 633 1.0
15864 634 1.0
15892 635 1.0
15973 638 1.0
15976 639 1.0
16000 640 1.0
16045 641 1.0
16102 644 1.0
16134 645 1.0
16155 646 1.0
16186 647 1.0
16219 648 1.0
16226 649 1.0
16256 650 1.0
16325 653 1.0
16390 655 1.0
16419 656 1.0
16546 661 1.0
16554 662 1.0
16608 664 1.0
16640 665 1.0
16667 666 1.0
16689 667 1.0
16719 668 1.0
16785 671 1.0
16840 673 1.0
16865 674 1.0
16875 675 1.0
16913 676 1.0
16962 678 1.0
16992 679 1.0
17015 680 1.0
17080 683 1.0
17104 684 1.0
17171 686 1.0
17175 687 1.0
17304 692 1.0
17335 693 1.0
17353 694 1.0
17379 695 1.0
17400 696 1.0
17426 697 1.0
17463 698 1.0
17591 703 1.0
17618 704 1.0
17640 705 1.0
17666 706 1.0
17684 707 1.0
17766 710 1.0
17792 711 1.0
17829 713 1.0
17871 714 1.0
18012 720 1.0
18093 723 1.0
18143 725 1.0
18169 726 1.0
18187 727 1.0
18216 728 1.0
18225 729 1.0
18315 732 1.0
18367 734 1.0
18389 735 1.0
18489 739 1.0
18543 741 1.0
18566 742 1.0
18638 745 1.0
18675 747 1.0
18801 752 1.0
18864 754 1.0
18915 756 1.0
18937 757 1.0
18990 759 1.0
19002 760 1.0
19069 762 1.0
19094 763 1.0
19119 764 1.0
19164 766 1.0
19193 767 1.0
19200 768 1.0
19243 769 1.0
19294 771 1.0
19326 773 1.0
19361 774 1.0
19428 777 1.0
19466 778 1.0
19541 781 1.0
19617 784 1.0
19640 785 1.0
19661 786 1.0
19678 787 1.0
19714 788 1.0
19738 789 1.0
19814 792 1.0
19936 797 1.0
19952 798 1.0
20007 800 1.0
20037 801 1.0
20055 802 1.0
20092 803 1.0
20115 804 1.0
20141 805 1.0
20157 806 1.0
20201 808 1.0
20227 809 1.0
20280 811 1.0
20342 813 1.0
20415 816 1.0
20440 817 1.0
20523 820 1.0
20560 822 1.0
20656 826 1.0
20687 827 1.0
20701 828 1.0
20745 829 1.0
20756 830 1.0
20794 831 1.0
20802 832 1.0
20869 834 1.0
21097 843 1.0
21102 844 1.0
21129 845 1.0
21180 847 1.0
21267 850 1.0
21287 851 1.0
21344 853 1.0
21354 854 1.0
21387 855 1.0
21429 857 1.0
21521 860 1.0
21525 861 1.0
21550 862 1.0
21575 863 1.0
21661 866 1.0
21675 867 1.0
21719 868 1.0
21817 872 1.0
21829 873 1.0
21914 876 1.0
21950 878 1.0
21991 879 1.0
22018 880 1.0
22037 881 1.0
22088 883 1.0
22155 886 1.0
22286 891 1.0
22419 896 1.0
17476 699 1.0
17539 701 1.0
18509 740 1.0
16643 665 1.0
15717 628 1.0
19270 770 1.0
22370 894 1.0
4914 196 1.0
15989 639 1.0
16093 643 1.0
17512 700 1.0
20891 835 1.0
15760 630 1.0
4181 167 1.0
6028 241 1.0
11256 450 0.0
15236 609 1.0
15457 618 1.0
15689 627 1.0
15715 628 1.0
15713 628 1.0
15830 633 1.0
16060 642 1.0
16091 643 1.0
16293 651 1.0
16318 652 0.0
16762 670 1.0
16788 671 1.0
16877 675 1.0
17056 682 1.0
17212 688 1.0
17242 689 1.0
17480 699 1.0
17510 700 1.0
17701 708 1.0
17803 712 1.0
17881 715 1.0
17966 718 1.0
18011 720 1.0
18056 722 1.0
18104 724 1.0
18336 733 1.0
18493 739 1.0
18955 758 1.0
19039 761 1.0
19413 776 1.0
19482 779 1.0
20314 812 1.0
20528 821 1.0
20532 821 1.0
20841 833 1.0
20994 839 1.0
21390 855 1.0
21479 859 1.0
21577 863 1.0
21990 879 1.0
22265 890 1.0
22434 897 1.0
22460 898 1.0
479 19 1.0
1466 58 1.0
1793 71 1.0
1989 79 1.0
2641 105 1.0
3187 127 1.0
3264 130 1.0
4337 173 1.0
4908 196 1.0
4909 196 1.0
6030 241 1.0
6066 242 1.0
6252 250 1.0
6376 255 1.0
6527 261 1.0
7641 305 1.0
8269 330 1.0
10804 432 1.0
10952 438 1.0
12789 511 1.0
12991 519 1.0
13276 531 1.0
14101 564 1.0
14488 579 1.0
15059 602 1.0
15188 607 1.0
15254 610 1.0
15279 611 1.0
15415 616 1.0
15629 625 1.0
15714 628 1.0
15807 632 1.0
15827 633 1.0
15891 635 1.0
15979 639 1.0
16101 644 1.0
16151 646 1.0
16417 656 1.0
16691 667 1.0
16784 671 1.0
16813 672 1.0
17012 680 1.0
17030 681 1.0
17053 682 1.0
17076 683 1.0
17103 684 1.0
17352 694 1.0
17429 697 1.0
17588 703 1.0
17705 708 1.0
17800 712 1.0
17831 713 1.0
17906 716 1.0
17962 718 1.0
18058 722 1.0
18186 727 1.0
18314 732 1.0
18340 733 1.0
18370 734 1.0
18507 740 1.0
18540 741 1.0
18578 743 1.0
18757 750 1.0
18863 754 1.0
19095 763 1.0
19191 767 1.0
19266 770 1.0
19327 773 1.0
19360 774 1.0
19376 775 1.0
19427 777 1.0
19566 782 1.0
19639 785 1.0
19679 787 1.0
19764 790 1.0
19782 791 1.0
19857 794 1.0
19935 797 1.0
20114 804 1.0
20226 809 1.0
20276 811 1.0
20616 824 1.0
20704 828 1.0
20742 829 1.0
20791 831 1.0
20839 833 1.0
20990 839 1.0
21042 841 1.0
21060 842 1.0
21086 843 1.0
21126 845 1.0
21216 848 1.0
21236 849 1.0
21303 852 1.0
21528 861 1.0
21553 862 1.0
21658 866 1.0
21758 870 1.0
21791 871 1.0
21881 875 1.0
21930 877 1.0
22015 880 1.0
22151 886 1.0
22304 892 1.0
22367 894 1.0
22456 898 1.0
1311 52 1.0
1314 52 1.0
1559 62 1.0
3865 154 1.0
3852 154 1.0
6027 241 1.0
13291 531 1.0
13290 531 1.0
15103 604 1.0
15345 613 1.0
15342 613 1.0
15538 621 1.0
15539 621 1.0
16061 642 1.0
16436 657 1.0
16437 657 1.0
16740 669 1.0
16741 669 1.0
17133 685 1.0
17130 685 1.0
17294 691 1.0
17292 691 1.0
17570 702 1.0
17568 702 1.0
18055 722 1.0
18228 729 1.0
18290 731 1.0
18293 731 1.0
18408 736 1.0
18407 736 1.0
18432 737 1.0
18433 737 1.0
18631 745 1.0
18663 746 1.0
18666 746 1.0
18845 753 1.0
18844 753 1.0
18893 755 1.0
18892 755 1.0
19291 771 1.0
19516 780 1.0
19544 781 1.0
19994 799 1.0
19995 799 1.0
20393 815 1.0
20395 815 1.0
20481 819 1.0
20646 825 1.0
20645 825 1.0
20842 833 1.0
20890 835 1.0
20911 836 1.0
21617 864 1.0
21614 864 1.0
21639 865 1.0
21638 865 1.0
21856 874 1.0
21855 874 1.0
22264 890 1.0
22492 899 1.0
22491 899 1.0
 fin motif
# 5 target:1 c+:323 c-:1 score:131.45802735925375 score+:449.85169756532594 score-:2.8944045438631427 nb:4 =l_2c_5 l_2c_1 l_2c_17 l_2c_6 
912 36 1.0
2816 112 1.0
4884 195 1.0
6854 274 1.0
13716 548 1.0
15127 605 1.0
15159 606 1.0
15214 608 1.0
15567 622 1.0
15920 636 1.0
16464 658 1.0
16491 659 1.0
16502 660 1.0
16577 663 1.0
16929 677 1.0
17260 690 1.0
18257 730 1.0
18462 738 1.0
18622 744 1.0
18706 748 1.0
18741 749 1.0
19128 765 1.0
19320 772 1.0
19839 793 1.0
19887 795 1.0
19917 796 1.0
20179 807 1.0
20268 810 1.0
20367 814 1.0
20473 818 1.0
20575 823 1.0
20929 837 1.0
20967 838 1.0
21016 840 1.0
21157 846 1.0
21416 856 1.0
21466 858 1.0
22067 882 1.0
22113 884 1.0
22189 887 1.0
22340 893 1.0
22390 895 1.0
9133 365 1.0
17943 717 1.0
18037 721 1.0
1288 51 1.0
1400 56 1.0
1796 71 1.0
1992 79 1.0
2639 105 1.0
2961 118 1.0
3190 127 1.0
3265 130 1.0
4013 160 1.0
4338 173 1.0
4441 177 1.0
5864 234 1.0
7644 305 1.0
7725 309 1.0
7825 313 1.0
8000 320 1.0
8417 336 1.0
9462 378 1.0
10050 402 1.0
10386 415 1.0
10801 432 1.0
11048 441 1.0
12050 482 1.0
12792 511 1.0
12891 515 1.0
13900 556 1.0
14100 564 1.0
14291 571 1.0
14905 596 1.0
15011 600 1.0
15042 601 1.0
15062 602 1.0
15082 603 1.0
15107 604 1.0
15191 607 1.0
15319 612 1.0
15368 614 1.0
15383 615 1.0
15416 616 1.0
15475 619 1.0
15519 620 1.0
15600 624 1.0
15626 625 1.0
15670 626 1.0
15690 627 1.0
15725 629 1.0
15798 631 1.0
15826 633 1.0
15864 634 1.0
15892 635 1.0
15973 638 1.0
15976 639 1.0
16000 640 1.0
16045 641 1.0
16102 644 1.0
16134 645 1.0
16155 646 1.0
16186 647 1.0
16219 648 1.0
16226 649 1.0
16256 650 1.0
16325 653 1.0
16390 655 1.0
16419 656 1.0
16546 661 1.0
16554 662 1.0
16608 664 1.0
16640 665 1.0
16667 666 1.0
16689 667 1.0
16719 668 1.0
16785 671 1.0
16840 673 1.0
16865 674 1.0
16875 675 1.0
16913 676 1.0
16962 678 1.0
16992 679 1.0
17015 680 1.0
17080 683 1.0
17104 684 1.0
17171 686 1.0
17175 687 1.0
17304 692 1.0
17335 693 1.0
17353 694 1.0
17379 695 1.0
17400 696 1.0
17426 697 1.0
17463 698 1.0
17591 703 1.0
17618 704 1.0
17640 705 1.0
17666 706 1.0
17684 707 1.0
17766 710 1.0
17792 711 1.0
17829 713 1.0
17871 714 1.0
18012 720 1.0
18093 723 1.0
18143 725 1.0
18169 726 1.0
18187 727 1.0
18216 728 1.0
18225 729 1.0
18315 732 1.0
18367 734 1.0
18389 735 1.0
18489 739 1.0
18543 741 1.0
18566 742 1.0
18638 745 1.0
18675 747 1.0
18801 752 1.0
18864 754 1.0
18915 756 1.0
18937 757 1.0
18990 759 1.0
19002 760 1.0
19069 762 1.0
19094 763 1.0
19119 764 1.0
19164 766 1.0
19193 767 1.0
19200 768 1.0
19243 769 1.0
19294 771 1.0
19326 773 1.0
19361 774 1.0
19428 777 1.0
19466 778 1.0
19541 781 1.0
19617 784 1.0
19640 785 1.0
19661 786 1.0
19678 787 1.0
19714 788 1.0
19738 789 1.0
19814 792 1.0
19936 797 1.0
19952 798 1.0
20007 800 1.0
20037 801 1.0
20055 802 1.0
20092 803 1.0
20115 804 1.0
20141 805 1.0
20157 806 1.0
20201 808 1.0
20227 809 1.0
20280 811 1.0
20342 813 1.0
20415 816 1.0
20440 817 1.0
20523 820 1.0
20560 822 1.0
20656 826 1.0
20687 827 1.0
20701 828 1.0
20745 829 1.0
20756 830 1.0
20794 831 1.0
20802 832 1.0
20869 834 1.0
21097 843 1.0
21102 844 1.0
21129 845 1.0
21180 847 1.0
21267 850 1.0
21287 851 1.0
21344 853 1.0
21354 854 1.0
21387 855 1.0
21429 857 1.0
21521 860 1.0
21525 861 1.0
21550 862 1.0
21575 863 1.0
21661 866 1.0
21675 867 1.0
21719 868 1.0
21817 872 1.0
21829 873 1.0
21914 876 1.0
21950 878 1.0
21991 879 1.0
22018 880 1.0
22037 881 1.0
22088 883 1.0
22155 886 1.0
22286 891 1.0
22419 896 1.0
17476 699 1.0
17539 701 1.0
18509 740 1.0
16643 665 1.0
10385 415 1.0
19742 789 1.0
17512 700 1.0
4181 167 1.0
6028 241 1.0
11256 450 0.0
15236 609 1.0
15457 618 1.0
15689 627 1.0
15715 628 1.0
15713 628 1.0
16060 642 1.0
16091 643 1.0
16293 651 1.0
16762 670 1.0
16877 675 1.0
17212 688 1.0
17242 689 1.0
17480 699 1.0
17510 700 1.0
17701 708 1.0
17881 715 1.0
17966 718 1.0
18011 720 1.0
18056 722 1.0
18104 724 1.0
18336 733 1.0
18493 739 1.0
18955 758 1.0
19039 761 1.0
19413 776 1.0
19482 779 1.0
20314 812 1.0
20528 821 1.0
20532 821 1.0
20841 833 1.0
20994 839 1.0
21479 859 1.0
21577 863 1.0
21990 879 1.0
22265 890 1.0
22434 897 1.0
22460 898 1.0
479 19 1.0
1466 58 1.0
1793 71 1.0
1989 79 1.0
2641 105 1.0
3187 127 1.0
3264 130 1.0
4337 173 1.0
4908 196 1.0
6030 241 1.0
6066 242 1.0
6252 250 1.0
6376 255 1.0
6527 261 1.0
7641 305 1.0
8269 330 1.0
10804 432 1.0
10952 438 1.0
12789 511 1.0
12991 519 1.0
13276 531 1.0
14101 564 1.0
14488 579 1.0
15059 602 1.0
15188 607 1.0
15254 610 1.0
15279 611 1.0
15415 616 1.0
15629 625 1.0
15714 628 1.0
15807 632 1.0
15827 633 1.0
15891 635 1.0
15979 639 1.0
16101 644 1.0
16151 646 1.0
16417 656 1.0
16691 667 1.0
16784 671 1.0
16813 672 1.0
17012 680 1.0
17030 681 1.0
17053 682 1.0
17076 683 1.0
17103 684 1.0
17352 694 1.0
17429 697 1.0
17588 703 1.0
17705 708 1.0
17800 712 1.0
17831 713 1.0
17906 716 1.0
17962 718 1.0
18058 722 1.0
18186 727 1.0
18314 732 1.0
18340 733 1.0
18370 734 1.0
18507 740 1.0
18540 741 1.0
18578 743 1.0
18757 750 1.0
18863 754 1.0
19095 763 1.0
19191 767 1.0
19266 770 1.0
19327 773 1.0
19360 774 1.0
19376 775 1.0
19427 777 1.0
19566 782 1.0
19639 785 1.0
19679 787 1.0
19764 790 1.0
19782 791 1.0
19857 794 1.0
19935 797 1.0
20114 804 1.0
20226 809 1.0
20276 811 1.0
20616 824 1.0
20704 828 1.0
20742 829 1.0
20791 831 1.0
20839 833 1.0
20990 839 1.0
21042 841 1.0
21060 842 1.0
21086 843 1.0
21126 845 1.0
21216 848 1.0
21236 849 1.0
21303 852 1.0
21528 861 1.0
21553 862 1.0
21658 866 1.0
21758 870 1.0
21881 875 1.0
21930 877 1.0
22015 880 1.0
22151 886 1.0
22304 892 1.0
22367 894 1.0
22456 898 1.0
14903 596 1.0
15761 630 1.0
18170 726 1.0
21955 878 1.0
22041 881 1.0
1289 51 1.0
1416 56 1.0
1469 58 1.0
1797 71 1.0
1993 79 1.0
3189 127 1.0
4341 173 1.0
4442 177 1.0
5861 234 1.0
6031 241 1.0
7645 305 1.0
7828 313 1.0
7830 313 1.0
8003 320 1.0
8005 320 1.0
8418 336 1.0
10053 402 1.0
10383 415 1.0
10802 432 1.0
11047 441 1.0
12055 482 1.0
12793 511 1.0
12892 515 1.0
12992 519 1.0
13903 556 1.0
14102 564 1.0
14295 571 1.0
15014 600 1.0
15043 601 1.0
15063 602 1.0
15083 603 1.0
15192 607 1.0
15320 612 1.0
15322 612 1.0
15386 615 1.0
15384 615 1.0
15417 616 1.0
15476 619 1.0
15518 620 1.0
15605 624 1.0
15627 625 1.0
15671 626 1.0
15694 627 1.0
15728 629 1.0
15795 631 1.0
15808 632 1.0
15865 634 1.0
15972 638 1.0
15977 639 1.0
16046 641 1.0
16137 645 1.0
16154 646 1.0
16187 647 1.0
16220 648 1.0
16225 649 1.0
16257 650 1.0
16259 650 1.0
16330 653 1.0
16328 653 1.0
16393 655 1.0
16420 656 1.0
16422 656 1.0
16545 661 1.0
16553 662 1.0
16619 664 1.0
16621 664 1.0
16641 665 1.0
16671 666 1.0
16720 668 1.0
16841 673 1.0
16869 674 1.0
16878 675 1.0
16880 675 1.0
16914 676 1.0
16916 676 1.0
16963 678 1.0
16993 679 1.0
17016 680 1.0
17079 683 1.0
17170 686 1.0
17178 687 1.0
17216 688 1.0
17217 688 1.0
17303 692 1.0
17378 695 1.0
17403 696 1.0
17405 696 1.0
17427 697 1.0
17464 698 1.0
17479 699 1.0
17592 703 1.0
17621 704 1.0
17639 705 1.0
17669 706 1.0
17681 707 1.0
17769 710 1.0
17795 711 1.0
17797 711 1.0
17832 713 1.0
17868 714 1.0
17911 716 1.0
17910 716 1.0
17963 718 1.0
18016 720 1.0
18096 723 1.0
18146 725 1.0
18188 727 1.0
18226 729 1.0
18337 733 1.0
18391 735 1.0
18492 739 1.0
18512 740 1.0
18544 741 1.0
18569 742 1.0
18571 742 1.0
18641 745 1.0
18680 747 1.0
18678 747 1.0
18765 750 1.0
18865 754 1.0
18916 756 1.0
18940 757 1.0
18995 759 1.0
19003 760 1.0
19005 760 1.0
19072 762 1.0
19097 763 1.0
19120 764 1.0
19167 766 1.0
19194 767 1.0
19196 767 1.0
19201 768 1.0
19246 769 1.0
19295 771 1.0
19325 773 1.0
19377 775 1.0
19410 776 1.0
19469 778 1.0
19475 779 1.0
19480 779 1.0
19542 781 1.0
19567 782 1.0
19620 784 1.0
19641 785 1.0
19662 786 1.0
19681 787 1.0
19717 788 1.0
19719 788 1.0
19815 792 1.0
19937 797 1.0
19953 798 1.0
19955 798 1.0
20009 800 1.0
20040 801 1.0
20094 803 1.0
20116 804 1.0
20144 805 1.0
20151 806 1.0
20202 808 1.0
20230 809 1.0
20279 811 1.0
20277 811 1.0
20320 812 1.0
20319 812 1.0
20345 813 1.0
20416 816 1.0
20441 817 1.0
20520 820 1.0
20531 821 1.0
20561 822 1.0
20702 828 1.0
20746 829 1.0
20793 831 1.0
20805 832 1.0
20803 832 1.0
20870 834 1.0
20993 839 1.0
21043 841 1.0
21064 842 1.0
21063 842 1.0
21096 843 1.0
21100 844 1.0
21130 845 1.0
21184 847 1.0
21272 850 1.0
21270 850 1.0
21291 851 1.0
21345 853 1.0
21353 854 1.0
21430 857 1.0
21518 860 1.0
21530 861 1.0
21555 862 1.0
21580 863 1.0
21578 863 1.0
21662 866 1.0
21680 867 1.0
21718 868 1.0
21819 872 1.0
21826 873 1.0
21915 876 1.0
21917 876 1.0
21925 877 1.0
21995 879 1.0
22019 880 1.0
22152 886 1.0
22154 886 1.0
22216 888 1.0
22215 888 1.0
22239 889 1.0
22240 889 1.0
22262 890 1.0
22288 891 1.0
22418 896 1.0
22438 897 1.0
22437 897 1.0
487 19 1.0
1291 51 1.0
2959 118 1.0
2962 118 1.0
3269 130 1.0
3266 130 1.0
4014 160 1.0
4178 167 1.0
4180 167 1.0
4444 177 1.0
6251 250 1.0
6375 255 1.0
7726 309 1.0
8270 330 1.0
8416 336 1.0
12053 482 1.0
12888 515 1.0
12994 519 1.0
14487 579 1.0
15045 601 1.0
15085 603 1.0
15253 610 1.0
15278 611 1.0
15369 614 1.0
15446 617 1.0
15578 623 1.0
15603 624 1.0
15667 626 1.0
15932 637 1.0
15931 637 1.0
16005 640 1.0
16001 640 1.0
16048 641 1.0
16105 644 1.0
16183 647 1.0
16222 648 1.0
16369 654 1.0
16655 666 1.0
16722 668 1.0
16764 670 1.0
16812 672 1.0
16843 673 1.0
17029 681 1.0
17108 684 1.0
17105 684 1.0
17243 689 1.0
17354 694 1.0
17357 694 1.0
17466 698 1.0
17477 699 1.0
17704 708 1.0
17743 709 1.0
17828 713 1.0
17965 718 1.0
17989 719 1.0
18043 721 1.0
18059 722 1.0
18105 724 1.0
18318 732 1.0
18510 740 1.0
18594 743 1.0
18764 750 1.0
18766 750 1.0
18781 751 1.0
18802 752 1.0
18918 756 1.0
18956 758 1.0
19122 764 1.0
19362 774 1.0
19432 777 1.0
19429 777 1.0
19590 783 1.0
19664 786 1.0
19785 791 1.0
19781 791 1.0
19860 794 1.0
20051 802 1.0
20204 808 1.0
20443 817 1.0
20617 824 1.0
20769 830 1.0
21217 848 1.0
21237 849 1.0
21302 852 1.0
21480 859 1.0
21678 867 1.0
21742 869 1.0
21759 870 1.0
21882 875 1.0
21929 877 1.0
22089 883 1.0
22087 883 1.0
22142 885 1.0
22210 888 1.0
22234 889 1.0
22305 892 1.0
22454 898 1.0
2640 105 1.0
6067 242 1.0
6528 261 1.0
13277 531 1.0
19041 761 1.0
19765 790 1.0
21061 842 1.0
 fin motif
# 6 target:1 c+:302 c-:14 score:110.27814838784698 score+:271.02568452201854 score-:28.413758068755143 nb:2 =l_2c_18 l_2c_8 
912 36 1.0
2816 112 1.0
4884 195 1.0
6854 274 1.0
13716 548 1.0
15127 605 1.0
15159 606 1.0
15214 608 1.0
15567 622 1.0
15920 636 1.0
16464 658 1.0
16491 659 1.0
16502 660 1.0
16577 663 1.0
16929 677 1.0
17260 690 1.0
18257 730 1.0
18462 738 1.0
18622 744 1.0
18706 748 1.0
18741 749 1.0
19128 765 1.0
19320 772 1.0
19839 793 1.0
19887 795 1.0
19917 796 1.0
20179 807 1.0
20268 810 1.0
20367 814 1.0
20473 818 1.0
20575 823 1.0
20929 837 1.0
20967 838 1.0
21016 840 1.0
21157 846 1.0
21416 856 1.0
21466 858 1.0
22067 882 1.0
22113 884 1.0
22189 887 1.0
22340 893 1.0
22390 895 1.0
9133 365 1.0
17943 717 1.0
18037 721 1.0
14291 571 1.0
16608 664 1.0
16667 666 1.0
16865 674 1.0
17335 693 1.0
18389 735 1.0
19738 789 1.0
20007 800 1.0
20092 803 1.0
20656 826 1.0
20687 827 1.0
20756 830 1.0
21102 844 1.0
21180 847 1.0
21287 851 1.0
21817 872 1.0
22037 881 1.0
22286 891 1.0
4914 196 1.0
15989 639 1.0
16093 643 1.0
17512 700 1.0
20891 835 1.0
15457 618 1.0
16788 671 1.0
17056 682 1.0
17510 700 1.0
17803 712 1.0
17881 715 1.0
21390 855 1.0
851 34 0.0
1793 71 1.0
1930 77 0.0
1989 79 1.0
3187 127 1.0
4337 173 1.0
4909 196 1.0
6551 262 0.0
6576 263 0.0
6743 269 0.0
7641 305 1.0
8717 348 0.0
9926 397 0.0
10701 428 0.0
10804 432 1.0
12492 499 0.0
12789 511 1.0
13626 545 0.0
13976 559 0.0
14551 582 0.0
15059 602 1.0
15188 607 1.0
15415 616 1.0
15629 625 1.0
15714 628 1.0
15827 633 1.0
15891 635 1.0
15979 639 1.0
16101 644 1.0
16366 654 1.0
16691 667 1.0
16784 671 1.0
17012 680 1.0
17429 697 1.0
17588 703 1.0
17740 709 1.0
18186 727 1.0
18314 732 1.0
18370 734 1.0
18540 741 1.0
18863 754 1.0
19095 763 1.0
19327 773 1.0
19360 774 1.0
19639 785 1.0
19679 787 1.0
19935 797 1.0
20114 804 1.0
20226 809 1.0
20704 828 1.0
20742 829 1.0
20791 831 1.0
21126 845 1.0
21528 861 1.0
21553 862 1.0
21658 866 1.0
21727 869 1.0
21791 871 1.0
22015 880 1.0
22367 894 1.0
22456 898 1.0
15761 630 1.0
1993 79 1.0
4341 173 1.0
6031 241 1.0
7828 313 1.0
8003 320 1.0
8418 336 1.0
9466 378 1.0
10383 415 1.0
12892 515 1.0
14102 564 1.0
15322 612 1.0
15386 615 1.0
15417 616 1.0
15476 619 1.0
15627 625 1.0
15671 626 1.0
15694 627 1.0
15718 628 1.0
15808 632 1.0
15829 633 1.0
15865 634 1.0
15977 639 1.0
16154 646 1.0
16187 647 1.0
16229 649 1.0
16259 650 1.0
16328 653 1.0
16422 656 1.0
16621 664 1.0
16878 675 1.0
16916 676 1.0
16965 678 1.0
16995 679 1.0
17058 682 1.0
17079 683 1.0
17339 693 1.0
17378 695 1.0
17403 696 1.0
17427 697 1.0
17479 699 1.0
17621 704 1.0
17797 711 1.0
17801 712 1.0
17832 713 1.0
17963 718 1.0
18016 720 1.0
18188 727 1.0
18220 728 1.0
18337 733 1.0
18492 739 1.0
18512 740 1.0
18571 742 1.0
18641 745 1.0
18678 747 1.0
18995 759 1.0
19003 760 1.0
19072 762 1.0
19097 763 1.0
19196 767 1.0
19269 770 1.0
19325 773 1.0
19377 775 1.0
19410 776 1.0
19567 782 1.0
19662 786 1.0
19681 787 1.0
19719 788 1.0
19953 798 1.0
20202 808 1.0
20230 809 1.0
20277 811 1.0
20319 812 1.0
20418 816 1.0
20531 821 1.0
20561 822 1.0
20746 829 1.0
20803 832 1.0
20844 833 1.0
20993 839 1.0
21043 841 1.0
21184 847 1.0
21272 850 1.0
21388 855 1.0
21430 857 1.0
21578 863 1.0
21826 873 1.0
21917 876 1.0
21925 877 1.0
21995 879 1.0
22152 886 1.0
22216 888 1.0
22240 889 1.0
22262 890 1.0
22288 891 1.0
22371 894 1.0
487 19 1.0
1291 51 1.0
2959 118 1.0
3269 130 1.0
4014 160 1.0
4178 167 1.0
4444 177 1.0
6251 250 1.0
6375 255 1.0
7726 309 1.0
8270 330 1.0
8416 336 1.0
10953 438 1.0
12053 482 1.0
12888 515 1.0
12994 519 1.0
14487 579 1.0
15045 601 1.0
15085 603 1.0
15253 610 1.0
15278 611 1.0
15369 614 1.0
15446 617 1.0
15578 623 1.0
15603 624 1.0
15667 626 1.0
15932 637 1.0
16005 640 1.0
16001 640 1.0
16048 641 1.0
16105 644 1.0
16183 647 1.0
16222 648 1.0
16321 652 0.0
16369 654 1.0
16655 666 1.0
16722 668 1.0
16764 670 1.0
16812 672 1.0
16843 673 1.0
17029 681 1.0
17108 684 1.0
17243 689 1.0
17357 694 1.0
17466 698 1.0
17477 699 1.0
17540 701 1.0
17704 708 1.0
17743 709 1.0
17828 713 1.0
17965 718 1.0
17989 719 1.0
18043 721 1.0
18059 722 1.0
18105 724 1.0
18166 726 1.0
18318 732 1.0
18510 740 1.0
18594 743 1.0
18764 750 1.0
18766 750 1.0
18781 751 1.0
18802 752 1.0
18918 756 1.0
18956 758 1.0
19122 764 1.0
19362 774 1.0
19432 777 1.0
19590 783 1.0
19664 786 1.0
19785 791 1.0
19781 791 1.0
20204 808 1.0
20443 817 1.0
20617 824 1.0
20769 830 1.0
21087 843 1.0
21217 848 1.0
21480 859 1.0
21678 867 1.0
21742 869 1.0
21759 870 1.0
21882 875 1.0
21929 877 1.0
21953 878 1.0
22089 883 1.0
22087 883 1.0
22144 885 1.0
22305 892 1.0
22454 898 1.0
1317 52 1.0
1566 62 1.0
2640 105 1.0
3871 154 1.0
6067 242 1.0
6264 250 1.0
6528 261 1.0
8274 330 1.0
9138 365 1.0
9158 366 1.0
13293 531 1.0
14494 579 1.0
15299 611 1.0
15348 613 1.0
15462 618 1.0
15542 621 1.0
15933 637 1.0
16066 642 1.0
16297 651 1.0
16658 666 1.0
16745 669 1.0
16789 671 1.0
16817 672 1.0
17031 681 1.0
17136 685 1.0
17297 691 1.0
17574 702 1.0
17896 715 1.0
17948 717 1.0
18297 731 1.0
18412 736 1.0
18437 737 1.0
18669 746 1.0
18806 752 1.0
18849 753 1.0
18897 755 1.0
19041 761 1.0
19519 780 1.0
19765 790 1.0
19818 792 1.0
19997 799 1.0
20398 815 1.0
20649 825 1.0
21061 842 1.0
21219 848 1.0
21238 849 1.0
21301 852 1.0
21620 864 1.0
21643 865 1.0
21765 870 1.0
21796 871 1.0
21860 874 1.0
21897 875 1.0
22148 885 1.0
22496 899 1.0
1311 52 1.0
1314 52 1.0
1563 62 1.0
3865 154 1.0
4913 196 1.0
6027 241 1.0
9467 378 1.0
12376 495 0.0
13291 531 1.0
15103 604 1.0
15345 613 1.0
15342 613 1.0
15539 621 1.0
16061 642 1.0
16294 651 1.0
16437 657 1.0
16741 669 1.0
17133 685 1.0
17130 685 1.0
17214 688 1.0
17294 691 1.0
17570 702 1.0
18055 722 1.0
18221 728 1.0
18228 729 1.0
18290 731 1.0
18293 731 1.0
18408 736 1.0
18433 737 1.0
18631 745 1.0
18663 746 1.0
18666 746 1.0
18845 753 1.0
18893 755 1.0
19291 771 1.0
19516 780 1.0
19544 781 1.0
19995 799 1.0
20395 815 1.0
20482 819 1.0
20646 825 1.0
20842 833 1.0
20911 836 1.0
21617 864 1.0
21614 864 1.0
21639 865 1.0
21856 874 1.0
22264 890 1.0
22492 899 1.0
 fin motif
# 7 target:1 c+:319 c-:17 score:91.83714726218386 score+:234.93526483631223 score-:32.893540859507716 nb:2 =l_2c_16 l_2c_11 
912 36 1.0
2816 112 1.0
4884 195 1.0
6854 274 1.0
13716 548 1.0
15127 605 1.0
15159 606 1.0
15214 608 1.0
15567 622 1.0
15920 636 1.0
16464 658 1.0
16491 659 1.0
16502 660 1.0
16577 663 1.0
16929 677 1.0
17260 690 1.0
18257 730 1.0
18462 738 1.0
18622 744 1.0
18706 748 1.0
18741 749 1.0
19128 765 1.0
19320 772 1.0
19839 793 1.0
19887 795 1.0
19917 796 1.0
20179 807 1.0
20268 810 1.0
20367 814 1.0
20473 818 1.0
20575 823 1.0
20929 837 1.0
20967 838 1.0
21016 840 1.0
21157 846 1.0
21416 856 1.0
21466 858 1.0
22067 882 1.0
22113 884 1.0
22189 887 1.0
22340 893 1.0
22390 895 1.0
1288 51 1.0
1796 71 1.0
1992 79 1.0
2961 118 1.0
3190 127 1.0
4013 160 1.0
4441 177 1.0
7644 305 1.0
7825 313 1.0
8000 320 1.0
8417 336 1.0
9462 378 1.0
10801 432 1.0
12050 482 1.0
12792 511 1.0
12891 515 1.0
14291 571 1.0
14905 596 1.0
15042 601 1.0
15062 602 1.0
15082 603 1.0
15107 604 1.0
15191 607 1.0
15319 612 1.0
15383 615 1.0
15416 616 1.0
15600 624 1.0
15626 625 1.0
15670 626 1.0
15690 627 1.0
15892 635 1.0
15976 639 1.0
16000 640 1.0
16045 641 1.0
16219 648 1.0
16226 649 1.0
16256 650 1.0
16325 653 1.0
16419 656 1.0
16608 664 1.0
16640 665 1.0
16667 666 1.0
16689 667 1.0
16719 668 1.0
16840 673 1.0
16865 674 1.0
16875 675 1.0
16913 676 1.0
16962 678 1.0
16992 679 1.0
17015 680 1.0
17171 686 1.0
17335 693 1.0
17400 696 1.0
17426 697 1.0
17463 698 1.0
17591 703 1.0
17666 706 1.0
17792 711 1.0
18012 720 1.0
18169 726 1.0
18187 727 1.0
18216 728 1.0
18225 729 1.0
18367 734 1.0
18389 735 1.0
18543 741 1.0
18566 742 1.0
18675 747 1.0
18864 754 1.0
18915 756 1.0
18990 759 1.0
19002 760 1.0
19193 767 1.0
19294 771 1.0
19326 773 1.0
19361 774 1.0
19640 785 1.0
19714 788 1.0
19738 789 1.0
19936 797 1.0
19952 798 1.0
20007 800 1.0
20037 801 1.0
20055 802 1.0
20092 803 1.0
20115 804 1.0
20141 805 1.0
20157 806 1.0
20201 808 1.0
20440 817 1.0
20656 826 1.0
20687 827 1.0
20701 828 1.0
20745 829 1.0
20756 830 1.0
20794 831 1.0
20802 832 1.0
21102 844 1.0
21129 845 1.0
21180 847 1.0
21267 850 1.0
21287 851 1.0
21354 854 1.0
21525 861 1.0
21550 862 1.0
21575 863 1.0
21661 866 1.0
21675 867 1.0
21817 872 1.0
21914 876 1.0
21950 878 1.0
22018 880 1.0
22037 881 1.0
22088 883 1.0
22286 891 1.0
10385 415 1.0
15717 628 1.0
19270 770 1.0
22370 894 1.0
4914 196 1.0
15989 639 1.0
16093 643 1.0
17512 700 1.0
20891 835 1.0
15760 630 1.0
3207 128 0.0
6135 245 0.0
8289 331 0.0
9163 366 1.0
9312 372 0.0
11585 463 0.0
15457 618 1.0
15689 627 1.0
15830 633 1.0
16091 643 1.0
16293 651 1.0
16318 652 0.0
16788 671 1.0
16877 675 1.0
17056 682 1.0
17212 688 1.0
17480 699 1.0
17510 700 1.0
17803 712 1.0
17881 715 1.0
18011 720 1.0
18493 739 1.0
19482 779 1.0
20528 821 1.0
20532 821 1.0
20994 839 1.0
21390 855 1.0
21577 863 1.0
21990 879 1.0
479 19 1.0
851 34 0.0
1793 71 1.0
1930 77 0.0
1989 79 1.0
3187 127 1.0
3264 130 1.0
4337 173 1.0
4909 196 1.0
6030 241 1.0
6376 255 1.0
6551 262 0.0
6576 263 0.0
6743 269 0.0
7641 305 1.0
9926 397 0.0
10804 432 1.0
12492 499 0.0
12789 511 1.0
13626 545 0.0
13976 559 0.0
14101 564 1.0
14551 582 0.0
15059 602 1.0
15188 607 1.0
15415 616 1.0
15443 617 1.0
15629 625 1.0
15714 628 1.0
15827 633 1.0
15891 635 1.0
15979 639 1.0
16101 644 1.0
16151 646 1.0
16366 654 1.0
16417 656 1.0
16691 667 1.0
16784 671 1.0
17012 680 1.0
17053 682 1.0
17076 683 1.0
17103 684 1.0
17352 694 1.0
17429 697 1.0
17588 703 1.0
17740 709 1.0
17831 713 1.0
17906 716 1.0
17962 718 1.0
18058 722 1.0
18186 727 1.0
18314 732 1.0
18370 734 1.0
18507 740 1.0
18540 741 1.0
18779 751 1.0
18863 754 1.0
19095 763 1.0
19191 767 1.0
19327 773 1.0
19360 774 1.0
19376 775 1.0
19427 777 1.0
19639 785 1.0
19679 787 1.0
19935 797 1.0
20114 804 1.0
20226 809 1.0
20276 811 1.0
20704 828 1.0
20742 829 1.0
20791 831 1.0
20839 833 1.0
20990 839 1.0
21042 841 1.0
21086 843 1.0
21126 845 1.0
21528 861 1.0
21553 862 1.0
21658 866 1.0
21727 869 1.0
21791 871 1.0
21930 877 1.0
22015 880 1.0
22151 886 1.0
22367 894 1.0
22456 898 1.0
14903 596 1.0
18170 726 1.0
21955 878 1.0
22041 881 1.0
1289 51 1.0
1416 56 1.0
1469 58 1.0
1797 71 1.0
3189 127 1.0
4442 177 1.0
5861 234 1.0
7645 305 1.0
7830 313 1.0
8005 320 1.0
9466 378 1.0
10053 402 1.0
10802 432 1.0
11047 441 1.0
12055 482 1.0
12793 511 1.0
12892 515 1.0
12992 519 1.0
13903 556 1.0
14295 571 1.0
15014 600 1.0
15043 601 1.0
15063 602 1.0
15083 603 1.0
15106 604 1.0
15192 607 1.0
15320 612 1.0
15384 615 1.0
15518 620 1.0
15605 624 1.0
15627 625 1.0
15671 626 1.0
15718 628 1.0
15728 629 1.0
15795 631 1.0
15808 632 1.0
15829 633 1.0
15972 638 1.0
16046 641 1.0
16137 645 1.0
16220 648 1.0
16225 649 1.0
16229 649 1.0
16257 650 1.0
16330 653 1.0
16393 655 1.0
16420 656 1.0
16545 661 1.0
16553 662 1.0
16619 664 1.0
16641 665 1.0
16671 666 1.0
16720 668 1.0
16841 673 1.0
16869 674 1.0
16878 675 1.0
16880 675 1.0
16914 676 1.0
16963 678 1.0
16965 678 1.0
16995 679 1.0
16993 679 1.0
17016 680 1.0
17058 682 1.0
17170 686 1.0
17178 687 1.0
17216 688 1.0
17217 688 1.0
17303 692 1.0
17339 693 1.0
17405 696 1.0
17479 699 1.0
17592 703 1.0
17621 704 1.0
17639 705 1.0
17669 706 1.0
17681 707 1.0
17769 710 1.0
17795 711 1.0
17801 712 1.0
17868 714 1.0
17911 716 1.0
17910 716 1.0
18016 720 1.0
18096 723 1.0
18146 725 1.0
18220 728 1.0
18226 729 1.0
18337 733 1.0
18391 735 1.0
18492 739 1.0
18544 741 1.0
18569 742 1.0
18680 747 1.0
18765 750 1.0
18865 754 1.0
18916 756 1.0
18940 757 1.0
19005 760 1.0
19120 764 1.0
19167 766 1.0
19194 767 1.0
19201 768 1.0
19246 769 1.0
19269 770 1.0
19295 771 1.0
19410 776 1.0
19469 778 1.0
19475 779 1.0
19480 779 1.0
19542 781 1.0
19567 782 1.0
19620 784 1.0
19641 785 1.0
19717 788 1.0
19815 792 1.0
19937 797 1.0
19955 798 1.0
20009 800 1.0
20040 801 1.0
20094 803 1.0
20116 804 1.0
20144 805 1.0
20151 806 1.0
20202 808 1.0
20279 811 1.0
20320 812 1.0
20319 812 1.0
20345 813 1.0
20416 816 1.0
20418 816 1.0
20441 817 1.0
20520 820 1.0
20531 821 1.0
20702 828 1.0
20746 829 1.0
20793 831 1.0
20805 832 1.0
20870 834 1.0
20993 839 1.0
21064 842 1.0
21063 842 1.0
21096 843 1.0
21100 844 1.0
21130 845 1.0
21270 850 1.0
21291 851 1.0
21345 853 1.0
21353 854 1.0
21388 855 1.0
21430 857 1.0
21518 860 1.0
21530 861 1.0
21555 862 1.0
21580 863 1.0
21578 863 1.0
21662 866 1.0
21680 867 1.0
21718 868 1.0
21819 872 1.0
21826 873 1.0
21915 876 1.0
22019 880 1.0
22154 886 1.0
22216 888 1.0
22215 888 1.0
22239 889 1.0
22240 889 1.0
22371 894 1.0
22418 896 1.0
22438 897 1.0
22437 897 1.0
2959 118 1.0
4014 160 1.0
6251 250 1.0
6375 255 1.0
8416 336 1.0
12888 515 1.0
14487 579 1.0
15278 611 1.0
15446 617 1.0
15578 623 1.0
15603 624 1.0
15667 626 1.0
16005 640 1.0
16183 647 1.0
16369 654 1.0
16655 666 1.0
16812 672 1.0
17029 681 1.0
17466 698 1.0
17477 699 1.0
17743 709 1.0
17828 713 1.0
17989 719 1.0
18166 726 1.0
18510 740 1.0
18764 750 1.0
18781 751 1.0
18802 752 1.0
19590 783 1.0
19664 786 1.0
19781 791 1.0
20204 808 1.0
21217 848 1.0
21742 869 1.0
21759 870 1.0
21929 877 1.0
21953 878 1.0
22087 883 1.0
22210 888 1.0
22234 889 1.0
22305 892 1.0
13277 531 1.0
14105 564 1.0
19041 761 1.0
1311 52 1.0
1314 52 1.0
1559 62 1.0
1563 62 1.0
3865 154 1.0
3852 154 1.0
6027 241 1.0
12376 495 0.0
13291 531 1.0
13290 531 1.0
15105 604 1.0
15103 604 1.0
15345 613 1.0
15342 613 1.0
15538 621 1.0
15539 621 1.0
16061 642 1.0
16294 651 1.0
16436 657 1.0
16437 657 1.0
16740 669 1.0
16741 669 1.0
17133 685 1.0
17130 685 1.0
17294 691 1.0
17292 691 1.0
17570 702 1.0
17568 702 1.0
17702 708 1.0
17717 708 1.0
18055 722 1.0
18228 729 1.0
18290 731 1.0
18293 731 1.0
18408 736 1.0
18407 736 1.0
18432 737 1.0
18433 737 1.0
18631 745 1.0
18663 746 1.0
18666 746 1.0
18845 753 1.0
18844 753 1.0
18893 755 1.0
18892 755 1.0
19291 771 1.0
19516 780 1.0
19544 781 1.0
19994 799 1.0
19995 799 1.0
20393 815 1.0
20395 815 1.0
20481 819 1.0
20482 819 1.0
20646 825 1.0
20645 825 1.0
20826 833 1.0
20842 833 1.0
20890 835 1.0
20913 836 1.0
20911 836 1.0
21617 864 1.0
21614 864 1.0
21639 865 1.0
21638 865 1.0
21856 874 1.0
21855 874 1.0
22264 890 1.0
22492 899 1.0
22491 899 1.0
 fin motif
# 8 target:1 c+:339 c-:2 score:61.80321288534437 score+:177.6332654518874 score-:4.584269372923149 nb:3 =l_2c_10 l_2c_17 l_2c_12 
912 36 1.0
2816 112 1.0
4884 195 1.0
6854 274 1.0
13716 548 1.0
15127 605 1.0
15159 606 1.0
15214 608 1.0
15567 622 1.0
15920 636 1.0
16464 658 1.0
16491 659 1.0
16502 660 1.0
16577 663 1.0
16929 677 1.0
17260 690 1.0
18257 730 1.0
18462 738 1.0
18622 744 1.0
18706 748 1.0
18741 749 1.0
19128 765 1.0
19320 772 1.0
19839 793 1.0
19887 795 1.0
19917 796 1.0
20179 807 1.0
20268 810 1.0
20367 814 1.0
20473 818 1.0
20575 823 1.0
20929 837 1.0
20967 838 1.0
21016 840 1.0
21157 846 1.0
21416 856 1.0
21466 858 1.0
22067 882 1.0
22113 884 1.0
22189 887 1.0
22340 893 1.0
22390 895 1.0
9133 365 1.0
17943 717 1.0
18037 721 1.0
9462 378 1.0
14905 596 1.0
16689 667 1.0
16865 674 1.0
18216 728 1.0
22037 881 1.0
16643 665 1.0
10385 415 1.0
19742 789 1.0
4914 196 1.0
15989 639 1.0
16093 643 1.0
17512 700 1.0
20891 835 1.0
6138 245 0.0
9162 366 1.0
11585 463 0.0
20492 819 1.0
1793 71 1.0
1989 79 1.0
3187 127 1.0
4337 173 1.0
4909 196 1.0
7641 305 1.0
10804 432 1.0
12789 511 1.0
14488 579 1.0
15059 602 1.0
15188 607 1.0
15254 610 1.0
15279 611 1.0
15629 625 1.0
15714 628 1.0
15891 635 1.0
15979 639 1.0
16691 667 1.0
16784 671 1.0
16813 672 1.0
17012 680 1.0
17588 703 1.0
18186 727 1.0
18370 734 1.0
18540 741 1.0
18863 754 1.0
19360 774 1.0
19639 785 1.0
19679 787 1.0
19935 797 1.0
20114 804 1.0
20704 828 1.0
20742 829 1.0
20791 831 1.0
21216 848 1.0
21236 849 1.0
21303 852 1.0
21528 861 1.0
21553 862 1.0
21658 866 1.0
21791 871 1.0
22015 880 1.0
22367 894 1.0
14903 596 1.0
15761 630 1.0
18170 726 1.0
21955 878 1.0
22041 881 1.0
1289 51 1.0
1416 56 1.0
1469 58 1.0
1797 71 1.0
1993 79 1.0
3189 127 1.0
4341 173 1.0
4442 177 1.0
5861 234 1.0
6031 241 1.0
7645 305 1.0
7828 313 1.0
7830 313 1.0
8003 320 1.0
8005 320 1.0
8418 336 1.0
9466 378 1.0
10053 402 1.0
10383 415 1.0
10802 432 1.0
11047 441 1.0
12055 482 1.0
12793 511 1.0
12892 515 1.0
12992 519 1.0
13903 556 1.0
14102 564 1.0
14295 571 1.0
15014 600 1.0
15043 601 1.0
15063 602 1.0
15083 603 1.0
15106 604 1.0
15192 607 1.0
15320 612 1.0
15322 612 1.0
15386 615 1.0
15384 615 1.0
15417 616 1.0
15476 619 1.0
15518 620 1.0
15605 624 1.0
15627 625 1.0
15671 626 1.0
15694 627 1.0
15718 628 1.0
15728 629 1.0
15795 631 1.0
15808 632 1.0
15829 633 1.0
15865 634 1.0
15972 638 1.0
15977 639 1.0
16046 641 1.0
16137 645 1.0
16154 646 1.0
16187 647 1.0
16220 648 1.0
16225 649 1.0
16229 649 1.0
16257 650 1.0
16259 650 1.0
16330 653 1.0
16328 653 1.0
16393 655 1.0
16420 656 1.0
16422 656 1.0
16545 661 1.0
16553 662 1.0
16619 664 1.0
16621 664 1.0
16641 665 1.0
16671 666 1.0
16720 668 1.0
16841 673 1.0
16869 674 1.0
16878 675 1.0
16880 675 1.0
16914 676 1.0
16916 676 1.0
16963 678 1.0
16965 678 1.0
16995 679 1.0
16993 679 1.0
17016 680 1.0
17058 682 1.0
17079 683 1.0
17170 686 1.0
17178 687 1.0
17216 688 1.0
17303 692 1.0
17339 693 1.0
17378 695 1.0
17403 696 1.0
17405 696 1.0
17427 697 1.0
17464 698 1.0
17479 699 1.0
17592 703 1.0
17621 704 1.0
17639 705 1.0
17669 706 1.0
17681 707 1.0
17769 710 1.0
17795 711 1.0
17797 711 1.0
17801 712 1.0
17832 713 1.0
17868 714 1.0
17911 716 1.0
17963 718 1.0
18016 720 1.0
18096 723 1.0
18146 725 1.0
18188 727 1.0
18220 728 1.0
18226 729 1.0
18337 733 1.0
18391 735 1.0
18492 739 1.0
18512 740 1.0
18544 741 1.0
18569 742 1.0
18571 742 1.0
18641 745 1.0
18680 747 1.0
18678 747 1.0
18865 754 1.0
18916 756 1.0
18940 757 1.0
18995 759 1.0
19003 760 1.0
19005 760 1.0
19072 762 1.0
19097 763 1.0
19120 764 1.0
19167 766 1.0
19194 767 1.0
19196 767 1.0
19201 768 1.0
19246 769 1.0
19269 770 1.0
19295 771 1.0
19325 773 1.0
19377 775 1.0
19410 776 1.0
19469 778 1.0
19480 779 1.0
19542 781 1.0
19567 782 1.0
19620 784 1.0
19641 785 1.0
19662 786 1.0
19681 787 1.0
19717 788 1.0
19719 788 1.0
19815 792 1.0
19937 797 1.0
19953 798 1.0
19955 798 1.0
20009 800 1.0
20040 801 1.0
20094 803 1.0
20116 804 1.0
20144 805 1.0
20151 806 1.0
20202 808 1.0
20230 809 1.0
20279 811 1.0
20277 811 1.0
20319 812 1.0
20345 813 1.0
20416 816 1.0
20418 816 1.0
20441 817 1.0
20520 820 1.0
20531 821 1.0
20561 822 1.0
20702 828 1.0
20746 829 1.0
20793 831 1.0
20805 832 1.0
20803 832 1.0
20844 833 1.0
20870 834 1.0
20915 836 1.0
20993 839 1.0
21043 841 1.0
21063 842 1.0
21096 843 1.0
21100 844 1.0
21130 845 1.0
21184 847 1.0
21272 850 1.0
21270 850 1.0
21291 851 1.0
21345 853 1.0
21353 854 1.0
21388 855 1.0
21430 857 1.0
21518 860 1.0
21530 861 1.0
21555 862 1.0
21580 863 1.0
21578 863 1.0
21662 866 1.0
21680 867 1.0
21718 868 1.0
21819 872 1.0
21826 873 1.0
21915 876 1.0
21917 876 1.0
21925 877 1.0
21995 879 1.0
22019 880 1.0
22152 886 1.0
22154 886 1.0
22216 888 1.0
22240 889 1.0
22262 890 1.0
22288 891 1.0
22371 894 1.0
22418 896 1.0
22437 897 1.0
487 19 1.0
1291 51 1.0
2959 118 1.0
2962 118 1.0
3269 130 1.0
3266 130 1.0
4014 160 1.0
4180 167 1.0
4444 177 1.0
6251 250 1.0
6375 255 1.0
7726 309 1.0
8270 330 1.0
8416 336 1.0
10953 438 1.0
12053 482 1.0
12888 515 1.0
12994 519 1.0
14487 579 1.0
15045 601 1.0
15085 603 1.0
15253 610 1.0
15278 611 1.0
15369 614 1.0
15446 617 1.0
15578 623 1.0
15603 624 1.0
15667 626 1.0
15932 637 1.0
16005 640 1.0
16001 640 1.0
16048 641 1.0
16105 644 1.0
16183 647 1.0
16222 648 1.0
16369 654 1.0
16655 666 1.0
16722 668 1.0
16764 670 1.0
16812 672 1.0
16843 673 1.0
17029 681 1.0
17108 684 1.0
17105 684 1.0
17243 689 1.0
17354 694 1.0
17357 694 1.0
17540 701 1.0
17704 708 1.0
17743 709 1.0
17828 713 1.0
17965 718 1.0
17989 719 1.0
18043 721 1.0
18059 722 1.0
18105 724 1.0
18166 726 1.0
18318 732 1.0
18594 743 1.0
18764 750 1.0
18766 750 1.0
18781 751 1.0
18802 752 1.0
18918 756 1.0
18956 758 1.0
19122 764 1.0
19362 774 1.0
19432 777 1.0
19429 777 1.0
19590 783 1.0
19664 786 1.0
19785 791 1.0
19781 791 1.0
19860 794 1.0
20051 802 1.0
20204 808 1.0
20443 817 1.0
20617 824 1.0
20769 830 1.0
21087 843 1.0
21217 848 1.0
21237 849 1.0
21302 852 1.0
21480 859 1.0
21678 867 1.0
21742 869 1.0
21759 870 1.0
21882 875 1.0
21929 877 1.0
21953 878 1.0
22089 883 1.0
22087 883 1.0
22144 885 1.0
22305 892 1.0
22454 898 1.0
1314 52 1.0
3865 154 1.0
13291 531 1.0
15345 613 1.0
15539 621 1.0
16437 657 1.0
16741 669 1.0
17133 685 1.0
17294 691 1.0
17570 702 1.0
18293 731 1.0
18408 736 1.0
18433 737 1.0
18666 746 1.0
18845 753 1.0
18893 755 1.0
19516 780 1.0
19995 799 1.0
20395 815 1.0
20646 825 1.0
21617 864 1.0
21639 865 1.0
21856 874 1.0
22492 899 1.0
 fin motif
# 9 target:1 c+:305 c-:0 score:45.82202592154581 score+:128.30167258032827 score-:0 nb:3 =l_2c_7 l_2c_13 l_2c_0 
912 36 1.0
2816 112 1.0
4884 195 1.0
6854 274 1.0
13716 548 1.0
15127 605 1.0
15159 606 1.0
15214 608 1.0
15567 622 1.0
15920 636 1.0
16464 658 1.0
16491 659 1.0
16502 660 1.0
16577 663 1.0
16929 677 1.0
17260 690 1.0
18257 730 1.0
18462 738 1.0
18622 744 1.0
18706 748 1.0
18741 749 1.0
19128 765 1.0
19320 772 1.0
19839 793 1.0
19887 795 1.0
19917 796 1.0
20179 807 1.0
20268 810 1.0
20367 814 1.0
20473 818 1.0
20575 823 1.0
20929 837 1.0
20967 838 1.0
21016 840 1.0
21157 846 1.0
21416 856 1.0
21466 858 1.0
22067 882 1.0
22113 884 1.0
22189 887 1.0
22340 893 1.0
22390 895 1.0
9133 365 1.0
17943 717 1.0
18037 721 1.0
1288 51 1.0
1400 56 1.0
1796 71 1.0
1992 79 1.0
2639 105 1.0
2961 118 1.0
3190 127 1.0
3265 130 1.0
4013 160 1.0
4338 173 1.0
4441 177 1.0
5864 234 1.0
7644 305 1.0
7725 309 1.0
7825 313 1.0
8000 320 1.0
8417 336 1.0
9462 378 1.0
10050 402 1.0
10386 415 1.0
10801 432 1.0
11048 441 1.0
12050 482 1.0
12792 511 1.0
12891 515 1.0
13900 556 1.0
14100 564 1.0
14291 571 1.0
14905 596 1.0
15011 600 1.0
15042 601 1.0
15062 602 1.0
15082 603 1.0
15107 604 1.0
15191 607 1.0
15319 612 1.0
15368 614 1.0
15383 615 1.0
15416 616 1.0
15475 619 1.0
15519 620 1.0
15600 624 1.0
15626 625 1.0
15670 626 1.0
15690 627 1.0
15725 629 1.0
15798 631 1.0
15864 634 1.0
15892 635 1.0
15973 638 1.0
15976 639 1.0
16000 640 1.0
16045 641 1.0
16102 644 1.0
16134 645 1.0
16155 646 1.0
16186 647 1.0
16219 648 1.0
16226 649 1.0
16256 650 1.0
16325 653 1.0
16390 655 1.0
16419 656 1.0
16546 661 1.0
16554 662 1.0
16608 664 1.0
16640 665 1.0
16667 666 1.0
16689 667 1.0
16719 668 1.0
16785 671 1.0
16840 673 1.0
16865 674 1.0
16875 675 1.0
16913 676 1.0
16962 678 1.0
16992 679 1.0
17015 680 1.0
17080 683 1.0
17104 684 1.0
17171 686 1.0
17175 687 1.0
17304 692 1.0
17335 693 1.0
17353 694 1.0
17379 695 1.0
17400 696 1.0
17426 697 1.0
17463 698 1.0
17591 703 1.0
17618 704 1.0
17640 705 1.0
17666 706 1.0
17684 707 1.0
17766 710 1.0
17792 711 1.0
17829 713 1.0
17871 714 1.0
18012 720 1.0
18093 723 1.0
18143 725 1.0
18169 726 1.0
18187 727 1.0
18216 728 1.0
18225 729 1.0
18315 732 1.0
18367 734 1.0
18389 735 1.0
18489 739 1.0
18543 741 1.0
18566 742 1.0
18638 745 1.0
18675 747 1.0
18801 752 1.0
18864 754 1.0
18915 756 1.0
18937 757 1.0
18990 759 1.0
19002 760 1.0
19069 762 1.0
19094 763 1.0
19119 764 1.0
19164 766 1.0
19193 767 1.0
19200 768 1.0
19243 769 1.0
19294 771 1.0
19326 773 1.0
19361 774 1.0
19428 777 1.0
19466 778 1.0
19541 781 1.0
19617 784 1.0
19640 785 1.0
19661 786 1.0
19678 787 1.0
19714 788 1.0
19738 789 1.0
19814 792 1.0
19936 797 1.0
19952 798 1.0
20007 800 1.0
20037 801 1.0
20055 802 1.0
20092 803 1.0
20115 804 1.0
20141 805 1.0
20157 806 1.0
20201 808 1.0
20227 809 1.0
20280 811 1.0
20342 813 1.0
20415 816 1.0
20440 817 1.0
20523 820 1.0
20560 822 1.0
20656 826 1.0
20687 827 1.0
20701 828 1.0
20745 829 1.0
20756 830 1.0
20794 831 1.0
20802 832 1.0
20869 834 1.0
21097 843 1.0
21102 844 1.0
21129 845 1.0
21180 847 1.0
21267 850 1.0
21287 851 1.0
21344 853 1.0
21354 854 1.0
21387 855 1.0
21429 857 1.0
21521 860 1.0
21525 861 1.0
21550 862 1.0
21575 863 1.0
21661 866 1.0
21675 867 1.0
21719 868 1.0
21817 872 1.0
21829 873 1.0
21914 876 1.0
21950 878 1.0
21991 879 1.0
22018 880 1.0
22037 881 1.0
22088 883 1.0
22155 886 1.0
22286 891 1.0
22419 896 1.0
17476 699 1.0
18509 740 1.0
16643 665 1.0
10385 415 1.0
19742 789 1.0
15717 628 1.0
22370 894 1.0
15989 639 1.0
16093 643 1.0
17512 700 1.0
20891 835 1.0
15760 630 1.0
4181 167 1.0
9163 366 1.0
15689 627 1.0
16877 675 1.0
17510 700 1.0
17966 718 1.0
18011 720 1.0
20532 821 1.0
20994 839 1.0
21577 863 1.0
14903 596 1.0
18170 726 1.0
21955 878 1.0
22041 881 1.0
1289 51 1.0
1416 56 1.0
1469 58 1.0
1797 71 1.0
1993 79 1.0
3189 127 1.0
4341 173 1.0
4442 177 1.0
5861 234 1.0
6031 241 1.0
7645 305 1.0
7828 313 1.0
7830 313 1.0
8003 320 1.0
8005 320 1.0
8418 336 1.0
9466 378 1.0
10053 402 1.0
10383 415 1.0
10802 432 1.0
11047 441 1.0
12055 482 1.0
12793 511 1.0
12892 515 1.0
12992 519 1.0
13903 556 1.0
14102 564 1.0
14295 571 1.0
15014 600 1.0
15043 601 1.0
15063 602 1.0
15083 603 1.0
15106 604 1.0
15192 607 1.0
15320 612 1.0
15322 612 1.0
15386 615 1.0
15384 615 1.0
15417 616 1.0
15476 619 1.0
15518 620 1.0
15605 624 1.0
15627 625 1.0
15671 626 1.0
15694 627 1.0
15718 628 1.0
15728 629 1.0
15795 631 1.0
15808 632 1.0
15829 633 1.0
15865 634 1.0
15972 638 1.0
15977 639 1.0
16046 641 1.0
16137 645 1.0
16154 646 1.0
16187 647 1.0
16220 648 1.0
16225 649 1.0
16229 649 1.0
16257 650 1.0
16259 650 1.0
16330 653 1.0
16328 653 1.0
16393 655 1.0
16420 656 1.0
16422 656 1.0
16545 661 1.0
16553 662 1.0
16619 664 1.0
16621 664 1.0
16641 665 1.0
16671 666 1.0
16720 668 1.0
16841 673 1.0
16869 674 1.0
16878 675 1.0
16880 675 1.0
16914 676 1.0
16916 676 1.0
16963 678 1.0
16965 678 1.0
16995 679 1.0
16993 679 1.0
17016 680 1.0
17058 682 1.0
17079 683 1.0
17170 686 1.0
17178 687 1.0
17216 688 1.0
17217 688 1.0
17303 692 1.0
17339 693 1.0
17378 695 1.0
17403 696 1.0
17405 696 1.0
17427 697 1.0
17464 698 1.0
17479 699 1.0
17592 703 1.0
17621 704 1.0
17639 705 1.0
17669 706 1.0
17681 707 1.0
17769 710 1.0
17795 711 1.0
17797 711 1.0
17801 712 1.0
17832 713 1.0
17868 714 1.0
17911 716 1.0
17910 716 1.0
17963 718 1.0
18016 720 1.0
18096 723 1.0
18146 725 1.0
18188 727 1.0
18220 728 1.0
18226 729 1.0
18337 733 1.0
18391 735 1.0
18492 739 1.0
18512 740 1.0
18544 741 1.0
18569 742 1.0
18571 742 1.0
18641 745 1.0
18680 747 1.0
18678 747 1.0
18865 754 1.0
18916 756 1.0
18940 757 1.0
18995 759 1.0
19003 760 1.0
19005 760 1.0
19072 762 1.0
19120 764 1.0
19167 766 1.0
19194 767 1.0
19196 767 1.0
19201 768 1.0
19246 769 1.0
19269 770 1.0
19295 771 1.0
19325 773 1.0
19377 775 1.0
19410 776 1.0
19469 778 1.0
19475 779 1.0
19480 779 1.0
19542 781 1.0
19567 782 1.0
19620 784 1.0
19641 785 1.0
19662 786 1.0
19681 787 1.0
19717 788 1.0
19719 788 1.0
19815 792 1.0
19937 797 1.0
19953 798 1.0
19955 798 1.0
20009 800 1.0
20040 801 1.0
20094 803 1.0
20116 804 1.0
20144 805 1.0
20151 806 1.0
20202 808 1.0
20230 809 1.0
20279 811 1.0
20277 811 1.0
20320 812 1.0
20319 812 1.0
20345 813 1.0
20416 816 1.0
20418 816 1.0
20441 817 1.0
20520 820 1.0
20531 821 1.0
20561 822 1.0
20702 828 1.0
20746 829 1.0
20793 831 1.0
20805 832 1.0
20803 832 1.0
20844 833 1.0
20870 834 1.0
20915 836 1.0
20993 839 1.0
21043 841 1.0
21064 842 1.0
21063 842 1.0
21096 843 1.0
21100 844 1.0
21130 845 1.0
21184 847 1.0
21272 850 1.0
21270 850 1.0
21291 851 1.0
21345 853 1.0
21353 854 1.0
21388 855 1.0
21430 857 1.0
21518 860 1.0
21530 861 1.0
21555 862 1.0
21580 863 1.0
21578 863 1.0
21662 866 1.0
21680 867 1.0
21718 868 1.0
21819 872 1.0
21826 873 1.0
21915 876 1.0
21917 876 1.0
21925 877 1.0
21995 879 1.0
22019 880 1.0
22152 886 1.0
22154 886 1.0
22216 888 1.0
22215 888 1.0
22239 889 1.0
22240 889 1.0
22262 890 1.0
22288 891 1.0
22371 894 1.0
22418 896 1.0
22438 897 1.0
22437 897 1.0
19041 761 1.0
1314 52 1.0
1563 62 1.0
3865 154 1.0
6027 241 1.0
13291 531 1.0
15345 613 1.0
15539 621 1.0
16294 651 1.0
16437 657 1.0
16741 669 1.0
17133 685 1.0
17294 691 1.0
17570 702 1.0
17702 708 1.0
17717 708 1.0
18055 722 1.0
18228 729 1.0
18293 731 1.0
18408 736 1.0
18433 737 1.0
18666 746 1.0
18845 753 1.0
18893 755 1.0
19291 771 1.0
19516 780 1.0
19544 781 1.0
19995 799 1.0
20395 815 1.0
20482 819 1.0
20646 825 1.0
20842 833 1.0
20890 835 1.0
21617 864 1.0
21639 865 1.0
21856 874 1.0
22264 890 1.0
22492 899 1.0
 fin motif
