# 0 target:1 c+:352 c-:1 score:898.208260760781 score+:1439.7605174315406 score-:2.6273002142911412 nb:1 =l_3c_4 
490 19 1.0
916 36 1.0
1292 51 1.0
1317 52 1.0
1421 56 1.0
1471 58 1.0
1566 62 1.0
1799 71 1.0
1995 79 1.0
2649 105 1.0
2819 112 1.0
2966 118 1.0
3194 127 1.0
3271 130 1.0
3871 154 1.0
4019 160 1.0
4183 167 1.0
4343 173 1.0
4445 177 1.0
4889 195 1.0
4917 196 1.0
5865 234 1.0
6033 241 1.0
6073 242 1.0
6264 250 1.0
6381 255 1.0
6535 261 1.0
6873 274 1.0
7647 305 1.0
7747 309 1.0
7831 313 1.0
8006 320 1.0
8274 330 1.0
8422 336 1.0
9138 365 1.0
9158 366 1.0
9468 378 1.0
10060 402 1.0
10389 415 1.0
10824 432 1.0
10957 438 1.0
11049 441 1.0
12071 482 1.0
12795 511 1.0
12894 515 1.0
12999 519 1.0
13293 531 1.0
13720 548 1.0
13920 556 1.0
14107 564 1.0
14297 571 1.0
14494 579 1.0
14923 596 1.0
15016 600 1.0
15046 601 1.0
15065 602 1.0
15086 603 1.0
15116 604 1.0
15149 605 1.0
15167 606 1.0
15194 607 1.0
15219 608 1.0
15247 609 1.0
15269 610 1.0
15299 611 1.0
15323 612 1.0
15348 613 1.0
15374 614 1.0
15387 615 1.0
15421 616 1.0
15448 617 1.0
15462 618 1.0
15499 619 1.0
15520 620 1.0
15542 621 1.0
15571 622 1.0
15589 623 1.0
15606 624 1.0
15649 625 1.0
15673 626 1.0
15696 627 1.0
15720 628 1.0
15747 629 1.0
15767 630 1.0
15799 631 1.0
15812 632 1.0
15832 633 1.0
15870 634 1.0
15893 635 1.0
15924 636 1.0
15935 637 1.0
15974 638 1.0
15994 639 1.0
16021 640 1.0
16049 641 1.0
16066 642 1.0
16095 643 1.0
16107 644 1.0
16139 645 1.0
16171 646 1.0
16189 647 1.0
16223 648 1.0
16231 649 1.0
16260 650 1.0
16297 651 1.0
16323 652 0.0
16331 653 1.0
16373 654 1.0
16395 655 1.0
16423 656 1.0
16443 657 1.0
16470 658 1.0
16496 659 1.0
16523 660 1.0
16547 661 1.0
16569 662 1.0
16583 663 1.0
16622 664 1.0
16644 665 1.0
16658 666 1.0
16696 667 1.0
16723 668 1.0
16745 669 1.0
16768 670 1.0
16790 671 1.0
16817 672 1.0
16844 673 1.0
16871 674 1.0
16881 675 1.0
16917 676 1.0
16947 677 1.0
16966 678 1.0
16998 679 1.0
17018 680 1.0
17033 681 1.0
17059 682 1.0
17097 683 1.0
17110 684 1.0
17136 685 1.0
17172 686 1.0
17194 687 1.0
17221 688 1.0
17245 689 1.0
17265 690 1.0
17297 691 1.0
17324 692 1.0
17341 693 1.0
17359 694 1.0
17393 695 1.0
17406 696 1.0
17448 697 1.0
17469 698 1.0
17491 699 1.0
17517 700 1.0
17542 701 1.0
17574 702 1.0
17594 703 1.0
17623 704 1.0
17641 705 1.0
17671 706 1.0
17685 707 1.0
17720 708 1.0
17745 709 1.0
17771 710 1.0
17798 711 1.0
17816 712 1.0
17834 713 1.0
17872 714 1.0
17896 715 1.0
17914 716 1.0
17948 717 1.0
17969 718 1.0
17992 719 1.0
18018 720 1.0
18042 721 1.0
18061 722 1.0
18098 723 1.0
18109 724 1.0
18148 725 1.0
18172 726 1.0
18192 727 1.0
18222 728 1.0
18245 729 1.0
18259 730 1.0
18297 731 1.0
18320 732 1.0
18345 733 1.0
18372 734 1.0
18396 735 1.0
18412 736 1.0
18437 737 1.0
18470 738 1.0
18498 739 1.0
18513 740 1.0
18546 741 1.0
18572 742 1.0
18598 743 1.0
18624 744 1.0
18647 745 1.0
18669 746 1.0
18681 747 1.0
18710 748 1.0
18747 749 1.0
18770 750 1.0
18784 751 1.0
18806 752 1.0
18849 753 1.0
18870 754 1.0
18897 755 1.0
18919 756 1.0
18942 757 1.0
18960 758 1.0
18998 759 1.0
19006 760 1.0
19048 761 1.0
19074 762 1.0
19098 763 1.0
19123 764 1.0
19131 765 1.0
19169 766 1.0
19197 767 1.0
19222 768 1.0
19248 769 1.0
19273 770 1.0
19297 771 1.0
19324 772 1.0
19332 773 1.0
19366 774 1.0
19382 775 1.0
19419 776 1.0
19434 777 1.0
19471 778 1.0
19497 779 1.0
19519 780 1.0
19549 781 1.0
19571 782 1.0
19593 783 1.0
19622 784 1.0
19645 785 1.0
19671 786 1.0
19682 787 1.0
19720 788 1.0
19744 789 1.0
19772 790 1.0
19787 791 1.0
19822 792 1.0
19847 793 1.0
19869 794 1.0
19893 795 1.0
19923 796 1.0
19942 797 1.0
19956 798 1.0
19997 799 1.0
20013 800 1.0
20045 801 1.0
20072 802 1.0
20099 803 1.0
20121 804 1.0
20148 805 1.0
20170 806 1.0
20195 807 1.0
20220 808 1.0
20232 809 1.0
20272 810 1.0
20299 811 1.0
20324 812 1.0
20347 813 1.0
20373 814 1.0
20398 815 1.0
20421 816 1.0
20444 817 1.0
20474 818 1.0
20484 819 1.0
20524 820 1.0
20549 821 1.0
20569 822 1.0
20581 823 1.0
20621 824 1.0
20649 825 1.0
20658 826 1.0
20693 827 1.0
20721 828 1.0
20748 829 1.0
20771 830 1.0
20796 831 1.0
20806 832 1.0
20845 833 1.0
20874 834 1.0
20895 835 1.0
20916 836 1.0
20949 837 1.0
20972 838 1.0
20997 839 1.0
21023 840 1.0
21049 841 1.0
21068 842 1.0
21091 843 1.0
21107 844 1.0
21132 845 1.0
21164 846 1.0
21186 847 1.0
21219 848 1.0
21241 849 1.0
21273 850 1.0
21293 851 1.0
21322 852 1.0
21349 853 1.0
21371 854 1.0
21393 855 1.0
21419 856 1.0
21445 857 1.0
21471 858 1.0
21484 859 1.0
21522 860 1.0
21531 861 1.0
21556 862 1.0
21581 863 1.0
21620 864 1.0
21643 865 1.0
21664 866 1.0
21681 867 1.0
21720 868 1.0
21745 869 1.0
21765 870 1.0
21797 871 1.0
21824 872 1.0
21849 873 1.0
21860 874 1.0
21897 875 1.0
21918 876 1.0
21940 877 1.0
21956 878 1.0
21997 879 1.0
22021 880 1.0
22043 881 1.0
22071 882 1.0
22093 883 1.0
22116 884 1.0
22148 885 1.0
22169 886 1.0
22196 887 1.0
22219 888 1.0
22242 889 1.0
22271 890 1.0
22289 891 1.0
22320 892 1.0
22345 893 1.0
22373 894 1.0
22394 895 1.0
22420 896 1.0
22441 897 1.0
22463 898 1.0
22496 899 1.0
 fin motif
# 1 target:1 c+:333 c-:487 score:24.828264270769353 score+:655.4446259945605 score-:615.7194031613295 nb:1 =l_3c_2 
21 0 0.0
39 1 0.0
65 2 0.0
76 3 0.0
133 5 0.0
171 6 0.0
178 7 0.0
210 8 0.0
243 9 0.0
272 10 0.0
280 11 0.0
347 13 0.0
360 14 0.0
385 15 0.0
404 16 0.0
446 17 0.0
461 18 0.0
476 19 1.0
541 21 0.0
566 22 0.0
607 24 0.0
665 26 0.0
682 27 0.0
711 28 0.0
732 29 0.0
761 30 0.0
777 31 0.0
820 32 0.0
832 33 0.0
862 34 0.0
876 35 0.0
932 37 0.0
973 38 0.0
985 39 0.0
1019 40 0.0
1047 41 0.0
1057 42 0.0
1083 43 0.0
1120 44 0.0
1126 45 0.0
1163 46 0.0
1193 47 0.0
1208 48 0.0
1246 49 0.0
1281 51 1.0
1314 52 1.0
1341 53 0.0
1357 54 0.0
1393 55 0.0
1441 57 0.0
1494 59 0.0
1524 60 0.0
1543 61 0.0
1563 62 1.0
1597 63 0.0
1621 64 0.0
1631 65 0.0
1659 66 0.0
1698 67 0.0
1702 68 0.0
1730 69 0.0
1767 70 0.0
1805 72 0.0
1831 73 0.0
1867 74 0.0
1898 75 0.0
1923 76 0.0
1940 77 0.0
1953 78 0.0
1979 79 1.0
2040 81 0.0
2064 82 0.0
2090 83 0.0
2111 84 0.0
2135 85 0.0
2168 86 0.0
2177 87 0.0
2220 88 0.0
2239 89 0.0
2255 90 0.0
2278 91 0.0
2309 92 0.0
2346 93 0.0
2358 94 0.0
2387 95 0.0
2413 96 0.0
2445 97 0.0
2456 98 0.0
2492 99 0.0
2510 100 0.0
2544 101 0.0
2556 102 0.0
2586 103 0.0
2602 104 0.0
2628 105 1.0
2656 106 0.0
2696 107 0.0
2707 108 0.0
2737 109 0.0
2773 110 0.0
2782 111 0.0
2824 112 1.0
2835 113 0.0
2853 114 0.0
2878 115 0.0
2910 116 0.0
2944 117 0.0
2997 119 0.0
3017 120 0.0
3046 121 0.0
3066 122 0.0
3078 123 0.0
3117 124 0.0
3142 125 0.0
3172 126 0.0
3206 128 0.0
3238 129 0.0
3259 130 1.0
3286 131 0.0
3313 132 0.0
3346 133 0.0
3358 134 0.0
3393 135 0.0
3403 136 0.0
3437 137 0.0
3457 138 0.0
3498 139 0.0
3509 140 0.0
3544 141 0.0
3567 142 0.0
3584 143 0.0
3644 145 0.0
3657 146 0.0
3697 147 0.0
3701 148 0.0
3728 149 0.0
3771 150 0.0
3795 151 0.0
3815 152 0.0
3833 153 0.0
3865 154 1.0
3890 155 0.0
3910 156 0.0
3956 158 0.0
3976 159 0.0
4011 160 1.0
4044 161 0.0
4067 162 0.0
4090 163 0.0
4117 164 0.0
4146 165 0.0
4167 166 0.0
4216 168 0.0
4276 171 0.0
4306 172 0.0
4335 173 1.0
4370 174 0.0
4379 175 0.0
4415 176 0.0
4426 177 1.0
4459 178 0.0
4488 179 0.0
4508 180 0.0
4527 181 0.0
4551 182 0.0
4621 184 0.0
4639 185 0.0
4669 186 0.0
4682 187 0.0
4727 189 0.0
4773 190 0.0
4801 192 0.0
4834 193 0.0
4864 194 0.0
4934 197 0.0
4991 199 0.0
5037 201 0.0
5059 202 0.0
5076 203 0.0
5101 204 0.0
5141 205 0.0
5174 206 0.0
5180 207 0.0
5246 209 0.0
5263 210 0.0
5281 211 0.0
5319 212 0.0
5349 213 0.0
5361 214 0.0
5383 215 0.0
5408 216 0.0
5428 217 0.0
5471 218 0.0
5476 219 0.0
5511 220 0.0
5559 222 0.0
5587 223 0.0
5623 224 0.0
5673 226 0.0
5678 227 0.0
5722 228 0.0
5736 229 0.0
5808 232 0.0
5828 233 0.0
5883 235 0.0
5919 236 0.0
5943 237 0.0
5964 238 0.0
6002 240 0.0
6042 241 1.0
6062 242 1.0
6138 245 0.0
6171 246 0.0
6184 247 0.0
6220 248 0.0
6228 249 0.0
6280 251 0.0
6309 252 0.0
6334 253 0.0
6353 254 0.0
6388 255 1.0
6414 256 0.0
6434 257 0.0
6469 258 0.0
6485 259 0.0
6509 260 0.0
6582 263 0.0
6641 265 0.0
6655 266 0.0
6697 267 0.0
6720 268 0.0
6732 269 0.0
6756 270 0.0
6795 271 0.0
6809 272 0.0
6851 274 1.0
6920 276 0.0
6932 277 0.0
6951 278 0.0
7017 280 0.0
7035 281 0.0
7055 282 0.0
7091 283 0.0
7109 284 0.0
7135 285 0.0
7184 287 0.0
7228 289 0.0
7262 290 0.0
7276 291 0.0
7303 292 0.0
7336 293 0.0
7352 294 0.0
7391 295 0.0
7414 296 0.0
7436 297 0.0
7502 300 0.0
7532 301 0.0
7568 302 0.0
7577 303 0.0
7614 304 0.0
7663 306 0.0
7688 307 0.0
7720 308 0.0
7744 309 1.0
7766 310 0.0
7789 311 0.0
7803 312 0.0
7840 313 1.0
7862 314 0.0
7876 315 0.0
7920 316 0.0
7937 317 0.0
7968 318 0.0
7980 319 0.0
8052 322 0.0
8123 324 0.0
8134 325 0.0
8152 326 0.0
8187 327 0.0
8204 328 0.0
8244 329 0.0
8257 330 1.0
8280 331 0.0
8317 332 0.0
8337 333 0.0
8363 334 0.0
8391 335 0.0
8401 336 1.0
8443 337 0.0
8465 338 0.0
8483 339 0.0
8519 340 0.0
8539 341 0.0
8571 342 0.0
8579 343 0.0
8651 346 0.0
8680 347 0.0
8710 348 0.0
8755 350 0.0
8781 351 0.0
8810 352 0.0
8833 353 0.0
8867 354 0.0
8889 355 0.0
8901 356 0.0
8933 357 0.0
8956 358 0.0
8990 359 0.0
9014 360 0.0
9040 361 0.0
9055 362 0.0
9076 363 0.0
9101 364 0.0
9222 368 0.0
9247 369 0.0
9260 370 0.0
9285 371 0.0
9313 372 0.0
9347 373 0.0
9377 375 0.0
9402 376 0.0
9432 377 0.0
9457 378 1.0
9495 379 0.0
9501 380 0.0
9526 381 0.0
9572 382 0.0
9649 385 0.0
9653 386 0.0
9692 387 0.0
9711 388 0.0
9742 389 0.0
9761 390 0.0
9791 391 0.0
9803 392 0.0
9830 393 0.0
9856 394 0.0
9876 395 0.0
9924 396 0.0
9935 397 0.0
9961 398 0.0
9984 399 0.0
10002 400 0.0
10049 401 0.0
10058 402 1.0
10076 403 0.0
10137 405 0.0
10181 407 0.0
10223 408 0.0
10246 409 0.0
10261 410 0.0
10293 411 0.0
10308 412 0.0
10332 413 0.0
10361 414 0.0
10394 415 1.0
10410 416 0.0
10438 417 0.0
10458 418 0.0
10487 419 0.0
10520 420 0.0
10527 421 0.0
10566 422 0.0
10579 423 0.0
10673 426 0.0
10689 427 0.0
10706 428 0.0
10736 429 0.0
10765 430 0.0
10776 431 0.0
10822 432 1.0
10833 433 0.0
10858 434 0.0
10885 435 0.0
10913 436 0.0
10935 437 0.0
10966 438 1.0
10993 439 0.0
11020 440 0.0
11072 442 0.0
11084 443 0.0
11102 444 0.0
11127 445 0.0
11167 446 0.0
11206 448 0.0
11245 449 0.0
11286 451 0.0
11305 452 0.0
11345 453 0.0
11366 454 0.0
11376 455 0.0
11444 457 0.0
11476 459 0.0
11503 460 0.0
11546 461 0.0
11558 462 0.0
11581 463 0.0
11623 464 0.0
11638 465 0.0
11665 466 0.0
11696 467 0.0
11721 468 0.0
11734 469 0.0
11767 470 0.0
11793 471 0.0
11811 472 0.0
11840 473 0.0
11870 474 0.0
11894 475 0.0
11908 476 0.0
11944 477 0.0
11970 478 0.0
11983 479 0.0
12001 480 0.0
12048 481 0.0
12084 483 0.0
12102 484 0.0
12146 485 0.0
12191 487 0.0
12204 488 0.0
12229 489 0.0
12288 491 0.0
12302 492 0.0
12347 493 0.0
12358 494 0.0
12379 495 0.0
12411 496 0.0
12442 497 0.0
12511 500 0.0
12535 501 0.0
12559 502 0.0
12587 503 0.0
12621 504 0.0
12647 505 0.0
12664 506 0.0
12695 507 0.0
12702 508 0.0
12743 509 0.0
12763 510 0.0
12777 511 1.0
12839 513 0.0
12856 514 0.0
12880 515 1.0
12909 516 0.0
12946 517 0.0
12981 519 1.0
13008 520 0.0
13056 522 0.0
13094 523 0.0
13110 524 0.0
13156 526 0.0
13196 527 0.0
13234 529 0.0
13257 530 0.0
13290 531 1.0
13318 532 0.0
13369 534 0.0
13384 535 0.0
13408 536 0.0
13436 537 0.0
13461 538 0.0
13492 539 0.0
13519 540 0.0
13532 541 0.0
13561 542 0.0
13597 543 0.0
13607 544 0.0
13643 545 0.0
13656 546 0.0
13696 547 0.0
13709 548 1.0
13729 549 0.0
13758 550 0.0
13786 551 0.0
13807 552 0.0
13827 553 0.0
13853 554 0.0
13878 555 0.0
13908 556 1.0
13935 557 0.0
13963 558 0.0
13987 559 0.0
14021 560 0.0
14048 561 0.0
14063 562 0.0
14082 563 0.0
14123 564 1.0
14146 565 0.0
14152 566 0.0
14193 567 0.0
14212 568 0.0
14237 569 0.0
14269 570 0.0
14288 571 1.0
14313 572 0.0
14337 573 0.0
14360 574 0.0
14380 575 0.0
14418 576 0.0
14426 577 0.0
14455 578 0.0
14508 580 0.0
14547 581 0.0
14564 582 0.0
14579 583 0.0
14617 584 0.0
14627 585 0.0
14651 586 0.0
14685 587 0.0
14705 588 0.0
14739 589 0.0
14753 590 0.0
14785 591 0.0
14812 592 0.0
14841 593 0.0
14859 594 0.0
14909 596 1.0
14931 597 0.0
14956 598 0.0
14983 599 0.0
15018 600 1.0
15038 601 1.0
15056 602 1.0
15078 603 1.0
15102 604 1.0
15145 605 1.0
15169 606 1.0
15196 607 1.0
15210 608 1.0
15233 609 1.0
15258 610 1.0
15286 611 1.0
15301 612 1.0
15345 613 1.0
15358 614 1.0
15390 615 1.0
15410 616 1.0
15436 617 1.0
15463 618 1.0
15485 619 1.0
15522 620 1.0
15539 621 1.0
15552 622 1.0
15584 623 1.0
15611 624 1.0
15639 625 1.0
15660 626 1.0
15680 627 1.0
15701 628 1.0
15735 629 1.0
15754 630 1.0
15780 631 1.0
15814 632 1.0
15837 633 1.0
15854 634 1.0
15879 635 1.0
15917 636 1.0
15939 637 1.0
15956 638 1.0
15983 639 1.0
16008 640 1.0
16032 641 1.0
16062 642 1.0
16086 643 1.0
16118 644 1.0
16130 645 1.0
16170 646 1.0
16177 647 1.0
16209 648 1.0
16236 649 1.0
16263 650 1.0
16294 651 1.0
16320 652 0.0
16334 653 1.0
16358 654 1.0
16386 655 1.0
16401 656 1.0
16436 657 1.0
16453 658 1.0
16488 659 1.0
16506 660 1.0
16532 661 1.0
16562 662 1.0
16592 663 1.0
16607 664 1.0
16632 665 1.0
16662 666 1.0
16685 667 1.0
16715 668 1.0
16740 669 1.0
16773 670 1.0
16782 671 1.0
16801 672 1.0
16831 673 1.0
16857 674 1.0
16883 675 1.0
16904 676 1.0
16926 677 1.0
16959 678 1.0
16978 679 1.0
17022 680 1.0
17036 681 1.0
17062 682 1.0
17092 683 1.0
17116 684 1.0
17133 685 1.0
17160 686 1.0
17187 687 1.0
17213 688 1.0
17241 689 1.0
17257 690 1.0
17294 691 1.0
17322 692 1.0
17344 693 1.0
17362 694 1.0
17383 695 1.0
17417 696 1.0
17435 697 1.0
17458 698 1.0
17490 699 1.0
17509 700 1.0
17534 701 1.0
17570 702 1.0
17584 703 1.0
17616 704 1.0
17629 705 1.0
17660 706 1.0
17694 707 1.0
17717 708 1.0
17735 709 1.0
17762 710 1.0
17787 711 1.0
17812 712 1.0
17848 713 1.0
17864 714 1.0
17886 715 1.0
17917 716 1.0
17938 717 1.0
17951 718 1.0
17988 719 1.0
18008 720 1.0
18032 721 1.0
18054 722 1.0
18090 723 1.0
18101 724 1.0
18138 725 1.0
18162 726 1.0
18178 727 1.0
18224 728 1.0
18234 729 1.0
18266 730 1.0
18293 731 1.0
18312 732 1.0
18327 733 1.0
18351 734 1.0
18386 735 1.0
18407 736 1.0
18432 737 1.0
18465 738 1.0
18496 739 1.0
18504 740 1.0
18534 741 1.0
18561 742 1.0
18581 743 1.0
18617 744 1.0
18635 745 1.0
18666 746 1.0
18687 747 1.0
18715 748 1.0
18731 749 1.0
18752 750 1.0
18799 751 1.0
18814 752 1.0
18844 753 1.0
18853 754 1.0
18892 755 1.0
18920 756 1.0
18930 757 1.0
18962 758 1.0
18977 759 1.0
19024 760 1.0
19032 761 1.0
19064 762 1.0
19091 763 1.0
19101 764 1.0
19132 765 1.0
19160 766 1.0
19180 767 1.0
19216 768 1.0
19227 769 1.0
19264 770 1.0
19290 771 1.0
19323 772 1.0
19335 773 1.0
19358 774 1.0
19387 775 1.0
19420 776 1.0
19437 777 1.0
19456 778 1.0
19488 779 1.0
19515 780 1.0
19536 781 1.0
19559 782 1.0
19588 783 1.0
19610 784 1.0
19628 785 1.0
19658 786 1.0
19691 787 1.0
19703 788 1.0
19728 789 1.0
19754 790 1.0
19790 791 1.0
19807 792 1.0
19837 793 1.0
19852 794 1.0
19897 795 1.0
19909 796 1.0
19928 797 1.0
19963 798 1.0
19994 799 1.0
20005 800 1.0
20036 801 1.0
20070 802 1.0
20076 803 1.0
20110 804 1.0
20127 805 1.0
20159 806 1.0
20176 807 1.0
20213 808 1.0
20237 809 1.0
20263 810 1.0
20298 811 1.0
20309 812 1.0
20332 813 1.0
20352 814 1.0
20395 815 1.0
20406 816 1.0
20436 817 1.0
20467 818 1.0
20481 819 1.0
20515 820 1.0
20527 821 1.0
20557 822 1.0
20585 823 1.0
20602 824 1.0
20646 825 1.0
20651 826 1.0
20682 827 1.0
20711 828 1.0
20733 829 1.0
20751 830 1.0
20781 831 1.0
20818 832 1.0
20829 833 1.0
20859 834 1.0
20888 835 1.0
20910 836 1.0
20926 837 1.0
20962 838 1.0
20996 839 1.0
21019 840 1.0
21036 841 1.0
21052 842 1.0
21079 843 1.0
21109 844 1.0
21136 845 1.0
21160 846 1.0
21194 847 1.0
21205 848 1.0
21243 849 1.0
21265 850 1.0
21286 851 1.0
21319 852 1.0
21338 853 1.0
21360 854 1.0
21379 855 1.0
21410 856 1.0
21443 857 1.0
21460 858 1.0
21494 859 1.0
21503 860 1.0
21544 861 1.0
21570 862 1.0
21583 863 1.0
21617 864 1.0
21638 865 1.0
21667 866 1.0
21686 867 1.0
21711 868 1.0
21733 869 1.0
21754 870 1.0
21785 871 1.0
21802 872 1.0
21833 873 1.0
21856 874 1.0
21888 875 1.0
21909 876 1.0
21936 877 1.0
21960 878 1.0
21985 879 1.0
22010 880 1.0
22032 881 1.0
22063 882 1.0
22080 883 1.0
22118 884 1.0
22137 885 1.0
22167 886 1.0
22187 887 1.0
22205 888 1.0
22249 889 1.0
22256 890 1.0
22292 891 1.0
22310 892 1.0
22347 893 1.0
22352 894 1.0
22385 895 1.0
22410 896 1.0
22445 897 1.0
22462 898 1.0
22491 899 1.0
 fin motif
# 2 target:1 c+:338 c-:525 score:0.8584138722189323 score+:599.995664407437 score-:598.6222022118867 nb:1 =l_3c_1 
9 0 0.0
47 1 0.0
57 2 0.0
94 3 0.0
110 4 0.0
137 5 0.0
162 6 0.0
179 7 0.0
208 8 0.0
237 9 0.0
261 10 0.0
283 11 0.0
306 12 0.0
327 13 0.0
352 14 0.0
376 15 0.0
402 16 0.0
447 17 0.0
458 18 0.0
479 19 1.0
522 20 0.0
537 21 0.0
560 22 0.0
585 23 0.0
623 24 0.0
630 25 0.0
659 26 0.0
681 27 0.0
715 28 0.0
730 29 0.0
759 30 0.0
786 31 0.0
813 32 0.0
835 33 0.0
872 34 0.0
880 35 0.0
907 36 1.0
930 37 0.0
954 38 0.0
983 39 0.0
1010 40 0.0
1032 41 0.0
1063 42 0.0
1086 43 0.0
1110 44 0.0
1132 45 0.0
1156 46 0.0
1182 47 0.0
1204 48 0.0
1238 49 0.0
1257 50 0.0
1285 51 1.0
1305 52 1.0
1335 53 0.0
1364 54 0.0
1384 55 0.0
1411 56 1.0
1437 57 0.0
1457 58 1.0
1476 59 0.0
1506 60 0.0
1528 61 0.0
1567 62 1.0
1578 63 0.0
1609 64 0.0
1637 65 0.0
1657 66 0.0
1686 67 0.0
1707 68 0.0
1739 69 0.0
1758 70 0.0
1782 71 1.0
1809 72 0.0
1835 73 0.0
1856 74 0.0
1879 75 0.0
1921 76 0.0
1928 77 0.0
1954 78 0.0
1980 79 1.0
2013 80 0.0
2041 81 0.0
2065 82 0.0
2084 83 0.0
2108 84 0.0
2129 85 0.0
2152 86 0.0
2180 87 0.0
2213 88 0.0
2233 89 0.0
2253 90 0.0
2285 91 0.0
2310 92 0.0
2338 93 0.0
2361 94 0.0
2379 95 0.0
2414 96 0.0
2437 97 0.0
2457 98 0.0
2485 99 0.0
2512 100 0.0
2530 101 0.0
2562 102 0.0
2583 103 0.0
2606 104 0.0
2637 105 1.0
2663 106 0.0
2689 107 0.0
2711 108 0.0
2735 109 0.0
2766 110 0.0
2778 111 0.0
2807 112 1.0
2833 113 0.0
2854 114 0.0
2879 115 0.0
2908 116 0.0
2932 117 0.0
2956 118 1.0
2985 119 0.0
3009 120 0.0
3044 121 0.0
3079 123 0.0
3112 124 0.0
3155 126 0.0
3185 127 1.0
3242 129 0.0
3257 130 1.0
3278 131 0.0
3309 132 0.0
3328 133 0.0
3357 134 0.0
3385 135 0.0
3412 136 0.0
3438 137 0.0
3456 138 0.0
3487 139 0.0
3507 140 0.0
3543 141 0.0
3566 142 0.0
3582 143 0.0
3604 144 0.0
3630 145 0.0
3658 146 0.0
3694 147 0.0
3713 148 0.0
3745 149 0.0
3786 151 0.0
3816 152 0.0
3838 153 0.0
3859 154 1.0
3898 155 0.0
3911 156 0.0
3937 157 0.0
3954 158 0.0
3996 159 0.0
4008 160 1.0
4035 161 0.0
4059 162 0.0
4087 163 0.0
4104 164 0.0
4134 165 0.0
4162 166 0.0
4217 168 0.0
4235 169 0.0
4284 171 0.0
4305 172 0.0
4345 173 1.0
4363 174 0.0
4381 175 0.0
4407 176 0.0
4434 177 1.0
4460 178 0.0
4495 179 0.0
4512 180 0.0
4541 181 0.0
4571 182 0.0
4576 183 0.0
4623 184 0.0
4634 185 0.0
4667 186 0.0
4689 187 0.0
4710 188 0.0
4736 189 0.0
4752 190 0.0
4793 191 0.0
4816 192 0.0
4836 193 0.0
4862 194 0.0
4881 195 1.0
4918 196 1.0
4932 197 0.0
4951 198 0.0
4988 199 0.0
5020 200 0.0
5032 201 0.0
5054 202 0.0
5089 203 0.0
5119 204 0.0
5134 205 0.0
5162 206 0.0
5209 208 0.0
5232 209 0.0
5257 210 0.0
5288 211 0.0
5314 212 0.0
5326 213 0.0
5362 214 0.0
5387 215 0.0
5416 216 0.0
5440 217 0.0
5460 218 0.0
5486 219 0.0
5512 220 0.0
5531 221 0.0
5560 222 0.0
5576 223 0.0
5613 224 0.0
5633 225 0.0
5659 226 0.0
5679 227 0.0
5704 228 0.0
5744 229 0.0
5754 230 0.0
5787 231 0.0
5807 232 0.0
5829 233 0.0
5866 234 1.0
5880 235 0.0
5903 236 0.0
5942 237 0.0
5952 238 0.0
5986 239 0.0
6013 240 0.0
6048 241 1.0
6065 242 1.0
6078 243 0.0
6132 245 0.0
6164 246 0.0
6177 247 0.0
6219 248 0.0
6248 249 0.0
6260 250 1.0
6291 251 0.0
6308 252 0.0
6335 253 0.0
6354 254 0.0
6389 255 1.0
6415 256 0.0
6441 257 0.0
6461 258 0.0
6486 259 0.0
6515 260 0.0
6545 261 1.0
6564 262 0.0
6589 263 0.0
6607 264 0.0
6639 265 0.0
6653 266 0.0
6694 267 0.0
6708 268 0.0
6792 271 0.0
6805 272 0.0
6830 273 0.0
6862 274 1.0
6897 275 0.0
6917 276 0.0
6931 277 0.0
6960 278 0.0
6984 279 0.0
7006 280 0.0
7036 281 0.0
7063 282 0.0
7076 283 0.0
7110 284 0.0
7139 285 0.0
7154 286 0.0
7197 287 0.0
7207 288 0.0
7232 289 0.0
7257 290 0.0
7280 291 0.0
7301 292 0.0
7337 293 0.0
7355 294 0.0
7392 295 0.0
7419 296 0.0
7437 297 0.0
7462 298 0.0
7487 299 0.0
7511 300 0.0
7539 301 0.0
7559 302 0.0
7584 303 0.0
7606 304 0.0
7633 305 1.0
7657 306 0.0
7679 307 0.0
7710 308 0.0
7737 309 1.0
7759 310 0.0
7793 311 0.0
7815 312 0.0
7833 313 1.0
7863 314 0.0
7886 315 0.0
7911 316 0.0
7940 317 0.0
7956 318 0.0
7996 319 0.0
8014 320 1.0
8030 321 0.0
8061 322 0.0
8079 323 0.0
8113 324 0.0
8138 325 0.0
8162 326 0.0
8182 327 0.0
8213 328 0.0
8232 329 0.0
8269 330 1.0
8279 331 0.0
8310 332 0.0
8329 333 0.0
8360 334 0.0
8392 335 0.0
8415 336 1.0
8439 337 0.0
8461 338 0.0
8484 339 0.0
8512 340 0.0
8544 341 0.0
8563 342 0.0
8586 343 0.0
8606 344 0.0
8631 345 0.0
8655 346 0.0
8679 347 0.0
8708 348 0.0
8734 349 0.0
8761 350 0.0
8787 351 0.0
8808 352 0.0
8831 353 0.0
8866 354 0.0
8881 355 0.0
8904 356 0.0
8939 357 0.0
8959 358 0.0
8985 359 0.0
9012 360 0.0
9065 362 0.0
9098 363 0.0
9110 364 0.0
9132 365 1.0
9181 367 0.0
9204 368 0.0
9244 369 0.0
9259 370 0.0
9288 371 0.0
9341 373 0.0
9370 374 0.0
9406 376 0.0
9431 377 0.0
9458 378 1.0
9487 379 0.0
9509 380 0.0
9534 381 0.0
9561 382 0.0
9582 383 0.0
9611 384 0.0
9632 385 0.0
9670 386 0.0
9687 387 0.0
9709 388 0.0
9727 389 0.0
9759 390 0.0
9792 391 0.0
9814 392 0.0
9838 393 0.0
9867 394 0.0
9882 395 0.0
9922 396 0.0
9939 397 0.0
9956 398 0.0
9985 399 0.0
10008 400 0.0
10037 401 0.0
10059 402 1.0
10084 403 0.0
10110 404 0.0
10131 405 0.0
10155 406 0.0
10211 408 0.0
10245 409 0.0
10259 410 0.0
10286 411 0.0
10310 412 0.0
10343 413 0.0
10362 414 0.0
10380 415 1.0
10407 416 0.0
10449 417 0.0
10459 418 0.0
10488 419 0.0
10518 420 0.0
10536 421 0.0
10557 422 0.0
10584 423 0.0
10612 424 0.0
10631 425 0.0
10672 426 0.0
10681 427 0.0
10719 428 0.0
10732 429 0.0
10758 430 0.0
10785 431 0.0
10823 432 1.0
10827 433 0.0
10857 434 0.0
10886 435 0.0
10918 436 0.0
10929 437 0.0
10951 438 1.0
10995 439 0.0
11008 440 0.0
11029 441 1.0
11052 442 0.0
11081 443 0.0
11134 445 0.0
11158 446 0.0
11197 447 0.0
11211 448 0.0
11238 449 0.0
11258 450 0.0
11287 451 0.0
11308 452 0.0
11326 453 0.0
11360 454 0.0
11389 455 0.0
11417 456 0.0
11442 457 0.0
11460 458 0.0
11495 459 0.0
11513 460 0.0
11531 461 0.0
11569 462 0.0
11610 464 0.0
11636 465 0.0
11658 466 0.0
11680 467 0.0
11712 468 0.0
11735 469 0.0
11754 470 0.0
11788 471 0.0
11806 472 0.0
11847 473 0.0
11854 474 0.0
11883 475 0.0
11921 476 0.0
11928 477 0.0
11977 479 0.0
12015 480 0.0
12028 481 0.0
12057 482 1.0
12078 483 0.0
12111 484 0.0
12134 485 0.0
12165 486 0.0
12181 487 0.0
12205 488 0.0
12226 489 0.0
12254 490 0.0
12283 491 0.0
12307 492 0.0
12329 493 0.0
12360 494 0.0
12383 495 0.0
12433 497 0.0
12457 498 0.0
12483 499 0.0
12507 500 0.0
12545 501 0.0
12554 502 0.0
12585 503 0.0
12611 504 0.0
12645 505 0.0
12672 506 0.0
12692 507 0.0
12736 509 0.0
12758 510 0.0
12785 511 1.0
12807 512 0.0
12838 513 0.0
12852 514 0.0
12887 515 1.0
12911 516 0.0
12937 517 0.0
12953 518 0.0
12978 519 1.0
13016 520 0.0
13032 521 0.0
13058 522 0.0
13077 523 0.0
13129 525 0.0
13151 526 0.0
13187 527 0.0
13206 528 0.0
13238 529 0.0
13263 530 0.0
13285 531 1.0
13309 532 0.0
13332 533 0.0
13380 535 0.0
13431 537 0.0
13469 538 0.0
13493 539 0.0
13509 540 0.0
13530 541 0.0
13559 542 0.0
13583 543 0.0
13615 544 0.0
13638 545 0.0
13657 546 0.0
13683 547 0.0
13706 548 1.0
13730 549 0.0
13753 550 0.0
13778 551 0.0
13805 552 0.0
13838 553 0.0
13866 554 0.0
13889 555 0.0
13914 556 1.0
13936 557 0.0
13960 558 0.0
13984 559 0.0
14011 560 0.0
14035 561 0.0
14064 562 0.0
14080 563 0.0
14116 564 1.0
14139 565 0.0
14158 566 0.0
14211 568 0.0
14227 569 0.0
14266 570 0.0
14279 571 1.0
14317 572 0.0
14331 573 0.0
14366 574 0.0
14382 575 0.0
14409 576 0.0
14433 577 0.0
14459 578 0.0
14488 579 1.0
14511 580 0.0
14538 581 0.0
14562 582 0.0
14585 583 0.0
14607 584 0.0
14636 585 0.0
14654 586 0.0
14692 587 0.0
14704 588 0.0
14737 589 0.0
14766 590 0.0
14777 591 0.0
14830 593 0.0
14857 594 0.0
14877 595 0.0
14910 596 1.0
14939 597 0.0
14957 598 0.0
14979 599 0.0
15019 600 1.0
15039 601 1.0
15057 602 1.0
15087 603 1.0
15113 604 1.0
15131 605 1.0
15156 606 1.0
15185 607 1.0
15216 608 1.0
15235 609 1.0
15254 610 1.0
15279 611 1.0
15314 612 1.0
15333 613 1.0
15366 614 1.0
15397 615 1.0
15414 616 1.0
15438 617 1.0
15456 618 1.0
15481 619 1.0
15508 620 1.0
15529 621 1.0
15561 622 1.0
15582 623 1.0
15612 624 1.0
15631 625 1.0
15652 626 1.0
15678 627 1.0
15713 628 1.0
15756 630 1.0
15785 631 1.0
15815 632 1.0
15833 633 1.0
15862 634 1.0
15877 635 1.0
15909 636 1.0
15932 637 1.0
15957 638 1.0
15981 639 1.0
16015 640 1.0
16042 641 1.0
16060 642 1.0
16090 643 1.0
16111 644 1.0
16131 645 1.0
16157 646 1.0
16182 647 1.0
16210 648 1.0
16237 649 1.0
16251 650 1.0
16287 651 1.0
16311 652 0.0
16332 653 1.0
16360 654 1.0
16384 655 1.0
16406 656 1.0
16466 658 1.0
16483 659 1.0
16509 660 1.0
16531 661 1.0
16560 662 1.0
16587 663 1.0
16605 664 1.0
16637 665 1.0
16656 666 1.0
16676 667 1.0
16716 668 1.0
16734 669 1.0
16762 670 1.0
16783 671 1.0
16813 672 1.0
16837 673 1.0
16888 675 1.0
16902 676 1.0
16939 677 1.0
16957 678 1.0
16979 679 1.0
17005 680 1.0
17029 681 1.0
17063 682 1.0
17082 683 1.0
17101 684 1.0
17140 685 1.0
17158 686 1.0
17185 687 1.0
17211 688 1.0
17242 689 1.0
17286 691 1.0
17309 692 1.0
17328 693 1.0
17363 694 1.0
17381 695 1.0
17421 696 1.0
17431 697 1.0
17459 698 1.0
17488 699 1.0
17507 700 1.0
17539 701 1.0
17563 702 1.0
17585 703 1.0
17614 704 1.0
17626 705 1.0
17654 706 1.0
17676 707 1.0
17706 708 1.0
17736 709 1.0
17760 710 1.0
17779 711 1.0
17813 712 1.0
17836 713 1.0
17861 714 1.0
17884 715 1.0
17918 716 1.0
17936 717 1.0
17960 718 1.0
17981 719 1.0
18019 720 1.0
18030 721 1.0
18065 722 1.0
18080 723 1.0
18104 724 1.0
18136 725 1.0
18160 726 1.0
18177 727 1.0
18212 728 1.0
18243 729 1.0
18267 730 1.0
18282 731 1.0
18313 732 1.0
18344 733 1.0
18358 734 1.0
18438 737 1.0
18458 738 1.0
18480 739 1.0
18505 740 1.0
18532 741 1.0
18559 742 1.0
18578 743 1.0
18611 744 1.0
18633 745 1.0
18683 747 1.0
18711 748 1.0
18732 749 1.0
18757 750 1.0
18797 751 1.0
18808 752 1.0
18838 753 1.0
18860 754 1.0
18882 755 1.0
18912 756 1.0
18955 758 1.0
18987 759 1.0
19012 760 1.0
19038 761 1.0
19057 762 1.0
19090 763 1.0
19110 764 1.0
19142 765 1.0
19158 766 1.0
19181 767 1.0
19210 768 1.0
19236 769 1.0
19265 770 1.0
19276 771 1.0
19311 772 1.0
19333 773 1.0
19359 774 1.0
19388 775 1.0
19416 776 1.0
19435 777 1.0
19458 778 1.0
19489 779 1.0
19537 781 1.0
19553 782 1.0
19595 783 1.0
19606 784 1.0
19629 785 1.0
19659 786 1.0
19683 787 1.0
19708 788 1.0
19733 789 1.0
19755 790 1.0
19779 791 1.0
19811 792 1.0
19829 793 1.0
19855 794 1.0
19889 795 1.0
19910 796 1.0
19929 797 1.0
19966 798 1.0
19976 799 1.0
20003 800 1.0
20033 801 1.0
20059 802 1.0
20081 803 1.0
20102 804 1.0
20138 805 1.0
20160 806 1.0
20183 807 1.0
20206 808 1.0
20235 809 1.0
20254 810 1.0
20284 811 1.0
20314 812 1.0
20337 813 1.0
20360 814 1.0
20386 815 1.0
20405 816 1.0
20434 817 1.0
20459 818 1.0
20488 819 1.0
20505 820 1.0
20547 821 1.0
20570 822 1.0
20588 823 1.0
20603 824 1.0
20633 825 1.0
20661 826 1.0
20678 827 1.0
20709 828 1.0
20731 829 1.0
20761 830 1.0
20782 831 1.0
20810 832 1.0
20832 833 1.0
20855 834 1.0
20876 835 1.0
20936 837 1.0
20963 838 1.0
20983 839 1.0
21003 840 1.0
21030 841 1.0
21058 842 1.0
21085 843 1.0
21110 844 1.0
21151 846 1.0
21179 847 1.0
21216 848 1.0
21236 849 1.0
21253 850 1.0
21283 851 1.0
21303 852 1.0
21335 853 1.0
21361 854 1.0
21385 855 1.0
21411 856 1.0
21434 857 1.0
21455 858 1.0
21479 859 1.0
21514 860 1.0
21545 861 1.0
21563 862 1.0
21610 864 1.0
21628 865 1.0
21657 866 1.0
21682 867 1.0
21709 868 1.0
21731 869 1.0
21755 870 1.0
21783 871 1.0
21814 872 1.0
21831 873 1.0
21861 874 1.0
21881 875 1.0
21906 876 1.0
21934 877 1.0
21961 878 1.0
21983 879 1.0
22011 880 1.0
22026 881 1.0
22064 882 1.0
22086 883 1.0
22105 884 1.0
22142 885 1.0
22162 886 1.0
22185 887 1.0
22210 888 1.0
22234 889 1.0
22257 890 1.0
22280 891 1.0
22304 892 1.0
22336 893 1.0
22358 894 1.0
22386 895 1.0
22411 896 1.0
22433 897 1.0
22460 898 1.0
22488 899 1.0
 fin motif
