# 0 target:0 c+:103 c-:243 score:97.64839944271824 score+:679.4468715024835 score-:1011.4514296077256 nb:4 =l_1c_19 l_1c_7 l_1c_6 l_1c_16 
10404 416 0.0
35 1 0.0
680 27 0.0
954 38 0.0
4460 178 0.0
4863 194 0.0
6342 253 0.0
7301 292 0.0
7419 296 0.0
8232 329 0.0
8939 357 0.0
9815 392 0.0
10310 412 0.0
11806 472 0.0
12692 507 0.0
13469 538 0.0
14033 561 0.0
14332 573 0.0
15456 618 1.0
19560 782 1.0
1954 78 0.0
2230 89 0.0
4242 169 0.0
6613 264 0.0
7302 292 0.0
7657 306 0.0
7660 306 0.0
7863 314 0.0
8084 323 0.0
8281 331 0.0
8484 339 0.0
8657 346 0.0
9670 386 0.0
10823 432 1.0
10835 433 0.0
11634 465 0.0
12284 491 0.0
12506 500 0.0
12505 500 0.0
12585 503 0.0
13889 555 0.0
17483 699 1.0
18909 756 1.0
21436 857 1.0
9 0 0.0
32 1 0.0
110 4 0.0
453 18 0.0
623 24 0.0
629 25 0.0
655 26 0.0
834 33 0.0
978 39 0.0
1204 48 0.0
1238 49 0.0
1609 64 0.0
1782 71 1.0
1809 72 0.0
1826 73 0.0
1879 75 0.0
1904 76 0.0
2269 90 0.0
2360 94 0.0
2379 95 0.0
2437 97 0.0
2806 112 1.0
3412 136 0.0
3487 139 0.0
3592 143 0.0
3604 144 0.0
3859 154 1.0
4392 175 0.0
4495 179 0.0
4583 183 0.0
4710 188 0.0
4793 191 0.0
4816 192 0.0
4881 195 1.0
4951 198 0.0
5167 206 0.0
5501 220 0.0
5576 223 0.0
5635 225 0.0
5743 229 0.0
5754 230 0.0
5903 236 0.0
6049 241 1.0
6078 243 0.0
6164 246 0.0
6467 258 0.0
6564 262 0.0
6590 263 0.0
6607 264 0.0
6830 273 0.0
6863 274 1.0
6897 275 0.0
6984 279 0.0
7041 281 0.0
7076 283 0.0
7265 290 0.0
7280 291 0.0
7355 294 0.0
7383 295 0.0
7585 303 0.0
7610 304 0.0
7679 307 0.0
7736 309 1.0
7867 314 0.0
7886 315 0.0
7904 316 0.0
8061 322 0.0
8079 323 0.0
8326 333 0.0
8383 335 0.0
8413 336 1.0
8606 344 0.0
8655 346 0.0
8786 351 0.0
9099 363 0.0
9341 373 0.0
9370 374 0.0
9416 376 0.0
9430 377 0.0
9487 379 0.0
9611 384 0.0
9727 389 0.0
9767 390 0.0
10110 404 0.0
10139 405 0.0
10556 422 0.0
10790 431 0.0
10827 433 0.0
11029 441 1.0
11196 447 0.0
11257 450 0.0
11329 453 0.0
11513 460 0.0
11528 461 0.0
11754 470 0.0
11883 475 0.0
11977 479 0.0
12028 481 0.0
12126 485 0.0
12566 502 0.0
12579 503 0.0
12630 505 0.0
12852 514 0.0
12885 515 1.0
12904 516 0.0
12996 519 1.0
13332 533 0.0
13556 542 0.0
13683 547 0.0
13838 553 0.0
13886 555 0.0
14036 561 0.0
14054 562 0.0
14227 569 0.0
14279 571 1.0
14317 572 0.0
14460 578 0.0
14489 579 1.0
14608 584 0.0
15185 607 1.0
15255 610 1.0
15280 611 1.0
15315 612 1.0
15397 615 1.0
15652 626 1.0
15803 632 1.0
15926 637 1.0
16238 649 1.0
16809 672 1.0
17526 701 1.0
17808 712 1.0
18344 733 1.0
18551 742 1.0
18593 743 1.0
18757 750 1.0
18860 754 1.0
18912 756 1.0
19348 773 1.0
19779 791 1.0
19864 794 1.0
19912 796 1.0
19967 798 1.0
20162 806 1.0
20206 808 1.0
20572 822 1.0
20876 835 1.0
21215 848 1.0
21236 849 1.0
21303 852 1.0
21335 853 1.0
21434 857 1.0
21455 858 1.0
22142 885 1.0
22304 892 1.0
179 7 0.0
1528 61 0.0
1619 64 0.0
1984 79 1.0
2822 112 1.0
2918 116 0.0
3257 130 1.0
3456 138 0.0
3694 147 0.0
3745 149 0.0
4046 161 0.0
4434 177 1.0
4667 186 0.0
4932 197 0.0
5486 219 0.0
5744 229 0.0
6138 245 0.0
6443 257 0.0
6639 265 0.0
7157 286 0.0
7197 287 0.0
7360 294 0.0
7782 311 0.0
8182 327 0.0
8327 333 0.0
8338 333 0.0
8439 337 0.0
8804 352 0.0
9313 372 0.0
10407 416 0.0
10518 420 0.0
10564 422 0.0
10982 439 0.0
11158 446 0.0
11369 454 0.0
11847 473 0.0
12060 482 1.0
12181 487 0.0
12672 506 0.0
12878 515 1.0
13058 522 0.0
13866 554 0.0
14046 561 0.0
14266 570 0.0
14562 582 0.0
15113 604 1.0
15138 605 1.0
15293 611 1.0
15438 617 1.0
15486 619 1.0
15646 625 1.0
16058 642 1.0
16190 647 1.0
16663 666 1.0
16713 668 1.0
16734 669 1.0
18019 720 1.0
18971 758 1.0
19416 776 1.0
21510 860 1.0
21545 861 1.0
21779 871 1.0
21842 873 1.0
94 3 0.0
180 7 0.0
690 27 0.0
723 28 0.0
796 31 0.0
810 32 0.0
1032 41 0.0
1071 42 0.0
1407 56 1.0
1411 56 1.0
1429 57 0.0
1461 58 1.0
1459 58 1.0
1713 68 0.0
1790 71 1.0
1827 73 0.0
1856 74 0.0
1956 78 0.0
2013 80 0.0
2081 83 0.0
2244 89 0.0
2512 100 0.0
2570 102 0.0
2705 108 0.0
2748 109 0.0
2807 112 1.0
2886 115 0.0
2939 117 0.0
2954 118 1.0
2956 118 1.0
3034 121 0.0
3122 124 0.0
3228 129 0.0
3464 138 0.0
3593 143 0.0
3637 145 0.0
3655 146 0.0
3738 149 0.0
3898 155 0.0
3937 157 0.0
4129 165 0.0
4345 173 1.0
4543 181 0.0
4576 183 0.0
4736 189 0.0
4815 192 0.0
4879 195 1.0
4878 195 1.0
4952 198 0.0
4954 198 0.0
5020 200 0.0
5112 204 0.0
5207 208 0.0
5206 208 0.0
5273 210 0.0
5329 213 0.0
5332 213 0.0
5362 214 0.0
5503 220 0.0
5632 225 0.0
5712 228 0.0
5866 234 1.0
5942 237 0.0
6132 245 0.0
6231 249 0.0
6260 250 1.0
6329 253 0.0
6486 259 0.0
6545 261 1.0
6561 262 0.0
6562 262 0.0
6643 265 0.0
6657 266 0.0
7159 286 0.0
7207 288 0.0
7283 291 0.0
7384 295 0.0
7487 299 0.0
7511 300 0.0
7737 309 1.0
7865 314 0.0
7984 319 0.0
8213 328 0.0
8355 334 0.0
8356 334 0.0
8392 335 0.0
8424 336 1.0
8486 339 0.0
8489 339 0.0
8544 341 0.0
8631 345 0.0
8759 350 0.0
8757 350 0.0
8761 350 0.0
8895 355 0.0
9120 364 0.0
9361 374 0.0
9420 376 0.0
9608 384 0.0
9793 391 0.0
9795 391 0.0
9867 394 0.0
9865 394 0.0
9864 394 0.0
10008 400 0.0
10059 402 1.0
10117 404 0.0
10134 405 0.0
10171 406 0.0
10269 410 0.0
10342 413 0.0
10403 416 0.0
10449 417 0.0
10543 421 0.0
10557 422 0.0
10614 424 0.0
10857 434 0.0
10995 439 0.0
11213 448 0.0
11212 448 0.0
11308 452 0.0
11417 456 0.0
11409 456 0.0
11527 461 0.0
11739 469 0.0
11837 473 0.0
11921 476 0.0
12113 484 0.0
12129 485 0.0
12128 485 0.0
12262 490 0.0
12261 490 0.0
12317 492 0.0
12545 501 0.0
12631 505 0.0
12658 506 0.0
12785 511 1.0
12787 511 1.0
12805 512 0.0
12854 514 0.0
12887 515 1.0
13046 521 0.0
13057 522 0.0
13260 530 0.0
13259 530 0.0
13753 550 0.0
13805 552 0.0
13890 555 0.0
14035 561 0.0
14211 568 0.0
14231 569 0.0
14331 573 0.0
14348 573 0.0
14378 575 0.0
14409 576 0.0
14488 579 1.0
14607 584 0.0
14649 585 0.0
14848 593 0.0
15006 600 1.0
15047 601 1.0
15034 601 1.0
15139 605 1.0
15208 608 1.0
15254 610 1.0
15279 611 1.0
15361 614 1.0
15394 615 1.0
15396 615 1.0
15455 618 1.0
15487 619 1.0
15635 625 1.0
15653 626 1.0
15681 627 1.0
15802 632 1.0
16194 647 1.0
16709 668 1.0
16813 672 1.0
16946 677 1.0
17037 681 1.0
17030 681 1.0
17441 697 1.0
17536 701 1.0
17728 709 1.0
17809 712 1.0
17942 717 1.0
18036 721 1.0
18243 729 1.0
18282 731 1.0
18553 742 1.0
18554 742 1.0
19415 776 1.0
19449 777 1.0
19595 783 1.0
19656 786 1.0
19868 794 1.0
19913 796 1.0
20430 817 1.0
20573 822 1.0
21003 840 1.0
21216 848 1.0
21790 871 1.0
21906 876 1.0
21937 877 1.0
21939 877 1.0
22479 899 1.0
3207 128 0.0
11585 463 0.0
 fin motif
# 1 target:0 c+:45 c-:138 score:55.96921115017851 score+:341.6288257194364 score-:666.2502503904717 nb:8 =l_1c_19 l_1c_6 l_1c_16 l_1c_1 l_1c_10 l_1c_5 l_1c_11 l_1c_13 
3206 128 0.0
6732 269 0.0
11581 463 0.0
13535 541 0.0
14991 599 0.0
16685 667 1.0
66 2 0.0
63 2 0.0
248 9 0.0
387 15 0.0
444 17 0.0
466 18 0.0
526 21 0.0
590 23 0.0
687 27 0.0
753 30 0.0
788 31 0.0
828 33 0.0
863 34 0.0
860 34 0.0
892 35 0.0
1007 40 0.0
1329 53 0.0
1464 58 1.0
1510 60 0.0
1531 61 0.0
1665 66 0.0
1840 73 0.0
1919 76 0.0
2027 81 0.0
2121 84 0.0
2302 92 0.0
2414 96 0.0
2617 104 0.0
2662 106 0.0
2831 113 0.0
2861 114 0.0
2882 115 0.0
3079 123 0.0
3152 126 0.0
3229 129 0.0
3311 132 0.0
3312 132 0.0
3360 134 0.0
3378 135 0.0
3549 141 0.0
3761 150 0.0
3830 153 0.0
3990 159 0.0
4031 161 0.0
4062 162 0.0
4208 168 0.0
4241 169 0.0
4291 171 0.0
4313 172 0.0
4539 181 0.0
4722 188 0.0
4857 194 0.0
5012 200 0.0
5036 201 0.0
5063 202 0.0
5088 203 0.0
5261 210 0.0
5292 211 0.0
5415 216 0.0
5472 218 0.0
5469 218 0.0
5582 223 0.0
5737 229 0.0
5818 232 0.0
5940 237 0.0
6022 240 0.0
6180 247 0.0
6226 249 0.0
6225 249 0.0
6361 254 0.0
6383 255 1.0
6567 262 0.0
6579 263 0.0
6660 266 0.0
6739 269 0.0
6742 269 0.0
7195 287 0.0
7543 301 0.0
7580 303 0.0
7911 316 0.0
7948 317 0.0
8013 320 1.0
8036 321 0.0
8135 325 0.0
8287 331 0.0
8528 341 0.0
8614 344 0.0
8647 345 0.0
8836 353 0.0
9030 361 0.0
9134 365 1.0
9162 366 1.0
9163 366 1.0
9231 369 0.0
9297 371 0.0
9299 371 0.0
9409 376 0.0
9513 380 0.0
9610 384 0.0
9892 395 0.0
9956 398 0.0
10208 408 0.0
10255 410 0.0
10330 413 0.0
10333 413 0.0
10358 414 0.0
10439 417 0.0
10462 418 0.0
10644 425 0.0
10713 428 0.0
10873 434 0.0
10904 436 0.0
11059 442 0.0
11343 453 0.0
11500 460 0.0
11858 474 0.0
12012 480 0.0
12132 485 0.0
12189 487 0.0
12257 490 0.0
12385 495 0.0
12407 496 0.0
12428 497 0.0
12431 497 0.0
12553 502 0.0
12611 504 0.0
12635 505 0.0
12706 508 0.0
12834 513 0.0
12897 515 1.0
12911 516 0.0
12978 519 1.0
13010 520 0.0
13035 521 0.0
13152 526 0.0
13171 526 0.0
13217 528 0.0
13383 535 0.0
13377 535 0.0
13517 540 0.0
13590 543 0.0
13641 545 0.0
13780 551 0.0
13929 557 0.0
13984 559 0.0
14067 562 0.0
14087 563 0.0
14304 572 0.0
14517 580 0.0
14565 582 0.0
14766 590 0.0
14852 594 0.0
15229 609 1.0
15337 613 1.0
15512 620 1.0
15585 623 1.0
15608 624 1.0
15909 636 1.0
16011 640 1.0
16052 642 1.0
16308 652 0.0
16920 676 1.0
16987 679 1.0
17007 680 1.0
17162 686 1.0
17161 686 1.0
17663 706 1.0
17712 708 1.0
17779 711 1.0
17865 714 1.0
18165 726 1.0
18359 734 1.0
18537 741 1.0
18884 755 1.0
19084 763 1.0
19086 763 1.0
19184 767 1.0
19220 768 1.0
19351 774 1.0
19933 797 1.0
20191 807 1.0
20460 818 1.0
20492 819 1.0
20885 835 1.0
20979 839 1.0
21357 854 1.0
21381 855 1.0
21671 866 1.0
21786 871 1.0
21971 878 1.0
22034 881 1.0
22066 882 1.0
16318 652 0.0
 fin motif
# 2 target:0 c+:205 c-:381 score:50.01424369195104 score+:1469.6770850894345 score-:1759.7596985027503 nb:8 =l_1c_19 l_1c_1 l_1c_17 l_1c_8 l_1c_13 l_1c_11 l_1c_10 l_1c_0 
14 0 0.0
45 1 0.0
138 5 0.0
156 6 0.0
335 13 0.0
363 14 0.0
679 27 0.0
707 28 0.0
818 32 0.0
963 38 0.0
1016 40 0.0
1045 41 0.0
1089 43 0.0
1103 44 0.0
1218 48 0.0
1228 49 0.0
1279 51 1.0
1312 52 1.0
1325 53 0.0
1354 54 0.0
1391 55 0.0
1444 57 0.0
1518 60 0.0
1537 61 0.0
1558 62 1.0
1594 63 0.0
1630 65 0.0
1679 67 0.0
1736 69 0.0
1769 70 0.0
1895 75 0.0
1911 76 0.0
1934 77 0.0
1965 78 0.0
2054 82 0.0
2165 86 0.0
2241 89 0.0
2280 91 0.0
2407 96 0.0
2443 97 0.0
2508 100 0.0
2531 101 0.0
2557 102 0.0
2630 105 1.0
2666 106 0.0
2692 107 0.0
2770 110 0.0
2941 117 0.0
2992 119 0.0
3057 122 0.0
3138 125 0.0
3167 126 0.0
3215 128 0.0
3236 129 0.0
3288 131 0.0
3342 133 0.0
3409 136 0.0
3497 139 0.0
3554 142 0.0
3642 145 0.0
3677 147 0.0
3734 149 0.0
3769 150 0.0
3793 151 0.0
3821 152 0.0
3851 154 1.0
3886 155 0.0
3980 159 0.0
4042 161 0.0
4053 162 0.0
4093 163 0.0
4115 164 0.0
4139 165 0.0
4260 170 0.0
4278 171 0.0
4317 172 0.0
4334 173 1.0
4367 174 0.0
4412 176 0.0
4428 177 1.0
4450 178 0.0
4504 180 0.0
4553 182 0.0
4646 185 0.0
4678 187 0.0
4764 190 0.0
4803 192 0.0
4827 193 0.0
4936 197 0.0
4978 199 0.0
5103 204 0.0
5145 205 0.0
5171 206 0.0
5182 207 0.0
5243 209 0.0
5278 211 0.0
5346 213 0.0
5379 215 0.0
5478 219 0.0
5618 224 0.0
5670 226 0.0
5720 228 0.0
5802 232 0.0
5891 235 0.0
5915 236 0.0
5931 237 0.0
6028 241 1.0
6056 242 1.0
6205 248 0.0
6304 252 0.0
6436 257 0.0
6454 258 0.0
6478 259 0.0
6507 260 0.0
6682 267 0.0
6730 269 0.0
6782 271 0.0
6853 274 1.0
6907 276 0.0
6953 278 0.0
7015 280 0.0
7059 282 0.0
7143 285 0.0
7313 292 0.0
7328 293 0.0
7393 295 0.0
7410 296 0.0
7508 300 0.0
7565 302 0.0
7691 307 0.0
7716 308 0.0
7741 309 1.0
7764 310 0.0
7786 311 0.0
7805 312 0.0
7838 313 1.0
7918 316 0.0
7928 317 0.0
7963 318 0.0
7977 319 0.0
8054 322 0.0
8118 324 0.0
8189 327 0.0
8242 329 0.0
8254 330 1.0
8275 331 0.0
8303 332 0.0
8367 334 0.0
8388 335 0.0
8521 340 0.0
8536 341 0.0
8684 347 0.0
8752 350 0.0
8856 354 0.0
8890 355 0.0
8928 357 0.0
8969 358 0.0
8992 359 0.0
9042 361 0.0
9052 362 0.0
9078 363 0.0
9240 369 0.0
9280 371 0.0
9307 372 0.0
9379 375 0.0
9404 376 0.0
9462 378 1.0
9493 379 0.0
9503 380 0.0
9532 381 0.0
9642 385 0.0
9659 386 0.0
9694 387 0.0
9740 389 0.0
9801 392 0.0
9842 393 0.0
9852 394 0.0
9903 396 0.0
9933 397 0.0
9977 399 0.0
10043 401 0.0
10078 403 0.0
10177 407 0.0
10229 409 0.0
10290 411 0.0
10306 412 0.0
10391 415 1.0
10400 416 0.0
10435 417 0.0
10581 423 0.0
10762 430 0.0
10852 434 0.0
10910 436 0.0
10936 437 0.0
10960 438 1.0
11002 440 0.0
11069 442 0.0
11146 445 0.0
11205 448 0.0
11241 449 0.0
11303 452 0.0
11478 459 0.0
11544 461 0.0
11561 462 0.0
11577 463 0.0
11671 466 0.0
11718 468 0.0
11898 475 0.0
11912 476 0.0
11938 477 0.0
11967 478 0.0
11984 479 0.0
12007 480 0.0
12093 483 0.0
12104 484 0.0
12143 485 0.0
12162 486 0.0
12244 489 0.0
12332 493 0.0
12353 494 0.0
12412 496 0.0
12437 497 0.0
12500 500 0.0
12532 501 0.0
12661 506 0.0
12745 509 0.0
12762 510 0.0
12975 519 1.0
13004 520 0.0
13105 524 0.0
13191 527 0.0
13355 534 0.0
13413 536 0.0
13438 537 0.0
13466 538 0.0
13501 540 0.0
13577 543 0.0
13621 544 0.0
13663 546 0.0
13691 547 0.0
13713 548 1.0
13731 549 0.0
13869 554 0.0
13884 555 0.0
13939 557 0.0
14130 565 0.0
14165 566 0.0
14186 567 0.0
14205 568 0.0
14239 569 0.0
14250 570 0.0
14339 573 0.0
14371 574 0.0
14428 577 0.0
14504 580 0.0
14545 581 0.0
14645 585 0.0
14663 586 0.0
14700 588 0.0
14780 591 0.0
14809 592 0.0
14905 596 1.0
15050 602 1.0
15142 605 1.0
15203 608 1.0
15341 613 1.0
15356 614 1.0
15434 617 1.0
15537 621 1.0
15554 622 1.0
15641 625 1.0
15703 628 1.0
15737 629 1.0
15760 630 1.0
15777 631 1.0
15919 636 1.0
16084 643 1.0
16115 644 1.0
16163 646 1.0
16253 650 1.0
16292 651 1.0
16353 654 1.0
16434 657 1.0
16454 658 1.0
16490 659 1.0
16503 660 1.0
16534 661 1.0
16577 663 1.0
16683 667 1.0
16770 670 1.0
16827 673 1.0
16853 674 1.0
16928 677 1.0
17096 683 1.0
17122 684 1.0
17129 685 1.0
17259 690 1.0
17278 691 1.0
17556 702 1.0
17693 707 1.0
17701 708 1.0
17985 719 1.0
18003 720 1.0
18056 722 1.0
18083 723 1.0
18142 725 1.0
18216 728 1.0
18291 731 1.0
18329 733 1.0
18353 734 1.0
18384 735 1.0
18415 736 1.0
18463 738 1.0
18619 744 1.0
18628 745 1.0
18652 746 1.0
18693 747 1.0
18721 748 1.0
18739 749 1.0
18925 757 1.0
18982 759 1.0
19021 760 1.0
19031 761 1.0
19061 762 1.0
19126 765 1.0
19213 768 1.0
19257 770 1.0
19292 771 1.0
19321 772 1.0
19402 776 1.0
19507 780 1.0
19529 781 1.0
19585 783 1.0
19705 788 1.0
19756 790 1.0
19935 797 1.0
19982 799 1.0
20062 802 1.0
20178 807 1.0
20295 811 1.0
20304 812 1.0
20341 813 1.0
20354 814 1.0
20389 815 1.0
20401 816 1.0
20469 818 1.0
20525 821 1.0
20576 823 1.0
20644 825 1.0
20653 826 1.0
20690 827 1.0
20753 830 1.0
20841 833 1.0
20905 836 1.0
20928 837 1.0
20968 838 1.0
21017 840 1.0
21034 841 1.0
21158 846 1.0
21182 847 1.0
21310 852 1.0
21400 856 1.0
21441 857 1.0
21493 859 1.0
21577 863 1.0
21613 864 1.0
21808 872 1.0
21850 874 1.0
22003 880 1.0
22037 881 1.0
22057 882 1.0
22112 884 1.0
22253 890 1.0
22341 893 1.0
319 12 0.0
415 16 0.0
543 21 0.0
576 23 0.0
726 29 0.0
854 34 0.0
926 37 0.0
1261 50 0.0
1813 72 0.0
1869 74 0.0
2001 80 0.0
2201 88 0.0
2331 93 0.0
2481 99 0.0
2793 111 0.0
2868 114 0.0
2912 116 0.0
3001 120 0.0
3026 121 0.0
3427 137 0.0
3451 138 0.0
3576 143 0.0
3665 146 0.0
3967 158 0.0
4002 160 1.0
4151 166 0.0
4176 167 1.0
4546 181 0.0
4661 186 0.0
4959 198 0.0
5201 208 0.0
5251 210 0.0
5401 216 0.0
5452 218 0.0
5551 222 0.0
5692 227 0.0
5989 239 0.0
6007 240 0.0
6051 242 1.0
6298 251 0.0
6554 262 0.0
6835 273 0.0
6886 275 0.0
6940 277 0.0
7026 281 0.0
7151 286 0.0
7214 288 0.0
7251 290 0.0
7441 297 0.0
7476 299 0.0
7526 301 0.0
7853 314 0.0
7964 318 0.0
8026 321 0.0
8145 325 0.0
8453 338 0.0
8476 339 0.0
8552 342 0.0
8705 348 0.0
8726 349 0.0
8792 351 0.0
8814 352 0.0
9126 365 1.0
9201 368 0.0
9351 374 0.0
9705 388 0.0
10101 404 0.0
10201 408 0.0
10353 414 0.0
10480 419 0.0
10841 433 0.0
10890 435 0.0
10976 439 0.0
11176 447 0.0
11355 454 0.0
11419 456 0.0
11618 464 0.0
11826 473 0.0
12281 491 0.0
12478 499 0.0
12576 503 0.0
12616 504 0.0
13126 525 0.0
13227 529 0.0
13340 533 0.0
13478 539 0.0
13526 541 0.0
13551 542 0.0
13629 545 0.0
14389 575 0.0
14401 576 0.0
14554 582 0.0
14927 597 0.0
14976 599 0.0
15010 600 1.0
15107 604 1.0
15176 607 1.0
15406 616 1.0
15451 618 1.0
15841 633 1.0
16126 645 1.0
16202 648 1.0
16337 653 1.0
16389 655 1.0
16417 656 1.0
16726 669 1.0
16776 671 1.0
17305 692 1.0
17462 698 1.0
17576 703 1.0
17635 705 1.0
17792 711 1.0
18540 741 1.0
18566 742 1.0
18936 757 1.0
19002 760 1.0
19076 763 1.0
19151 766 1.0
19191 767 1.0
19242 769 1.0
19376 775 1.0
19451 778 1.0
19616 784 1.0
19676 787 1.0
19714 788 1.0
19878 795 1.0
19952 798 1.0
20026 801 1.0
20055 802 1.0
20215 808 1.0
20239 809 1.0
20264 810 1.0
20276 811 1.0
20501 820 1.0
20606 824 1.0
20802 832 1.0
21127 845 1.0
21267 850 1.0
21343 853 1.0
21488 859 1.0
21714 868 1.0
21836 873 1.0
21912 876 1.0
21976 879 1.0
22151 886 1.0
22201 888 1.0
22434 897 1.0
6 0 0.0
56 2 0.0
175 7 0.0
245 9 0.0
377 15 0.0
441 17 0.0
532 21 0.0
685 27 0.0
751 30 0.0
843 33 0.0
864 34 0.0
1250 50 0.0
1256 50 0.0
1253 50 0.0
1336 53 0.0
1839 73 0.0
1921 76 0.0
2118 84 0.0
2305 92 0.0
2415 96 0.0
2434 97 0.0
2611 104 0.0
2859 114 0.0
3082 123 0.0
3225 129 0.0
3310 132 0.0
3395 135 0.0
3546 141 0.0
4013 160 1.0
4033 161 0.0
4236 169 0.0
4238 169 0.0
4286 171 0.0
4300 172 0.0
4606 184 0.0
4884 195 1.0
5018 200 0.0
5055 202 0.0
5085 203 0.0
5421 216 0.0
5509 220 0.0
5767 230 0.0
5825 233 0.0
5935 237 0.0
6017 240 0.0
6112 244 0.0
6178 247 0.0
6181 247 0.0
6356 254 0.0
6358 254 0.0
6377 255 1.0
6578 263 0.0
6634 265 0.0
6982 279 0.0
6986 279 0.0
6991 279 0.0
7638 305 1.0
7913 316 0.0
7944 317 0.0
8033 321 0.0
8031 321 0.0
8285 331 0.0
9128 365 1.0
9133 365 1.0
9785 391 0.0
9898 395 0.0
10250 410 0.0
10252 410 0.0
10364 414 0.0
10464 418 0.0
10450 418 0.0
10635 425 0.0
10677 427 0.0
10843 433 0.0
10906 436 0.0
11052 442 0.0
11057 442 0.0
11605 464 0.0
11859 474 0.0
12254 490 0.0
12432 497 0.0
12554 502 0.0
12628 505 0.0
12750 510 0.0
12912 516 0.0
12987 519 1.0
13033 521 0.0
13152 526 0.0
13212 528 0.0
13381 535 0.0
13534 541 0.0
13585 543 0.0
13633 545 0.0
13778 551 0.0
14016 560 0.0
14306 572 0.0
14512 580 0.0
14755 590 0.0
14938 597 0.0
14989 599 0.0
15092 603 1.0
15161 606 1.0
15249 609 1.0
15425 617 1.0
15443 617 1.0
15686 627 1.0
15892 635 1.0
15894 635 1.0
15910 636 1.0
16054 642 1.0
16302 652 0.0
16336 653 1.0
16369 654 1.0
16457 658 1.0
16627 665 1.0
16690 667 1.0
16906 676 1.0
16975 679 1.0
17011 680 1.0
17227 689 1.0
17743 709 1.0
17780 711 1.0
17850 714 1.0
17989 719 1.0
18166 726 1.0
18367 734 1.0
18536 741 1.0
18781 751 1.0
19083 763 1.0
19590 783 1.0
19925 797 1.0
20458 818 1.0
20489 819 1.0
20882 835 1.0
21375 855 1.0
21507 860 1.0
21713 868 1.0
21742 869 1.0
21835 873 1.0
21911 876 1.0
21953 878 1.0
 fin motif
# 3 target:0 c+:280 c-:466 score:35.348039802623816 score+:3031.5396222719205 score-:3236.5582531271384 nb:8 =l_1c_19 l_1c_14 l_1c_9 l_1c_10 l_1c_5 l_1c_6 l_1c_4 l_1c_16 
24 0 0.0
49 1 0.0
72 2 0.0
99 3 0.0
116 4 0.0
148 5 0.0
174 6 0.0
198 7 0.0
249 9 0.0
296 11 0.0
349 13 0.0
374 14 0.0
424 16 0.0
448 17 0.0
467 18 0.0
494 19 1.0
524 20 0.0
549 21 0.0
574 22 0.0
593 23 0.0
638 25 0.0
671 26 0.0
697 27 0.0
724 28 0.0
746 29 0.0
774 30 0.0
799 31 0.0
824 32 0.0
845 33 0.0
873 34 0.0
897 35 0.0
924 36 1.0
948 37 0.0
999 39 0.0
1023 40 0.0
1049 41 0.0
1074 42 0.0
1099 43 0.0
1124 44 0.0
1135 45 0.0
1174 46 0.0
1199 47 0.0
1249 49 0.0
1267 50 0.0
1299 51 1.0
1324 52 1.0
1345 53 0.0
1374 54 0.0
1396 55 0.0
1424 56 1.0
1449 57 0.0
1473 58 1.0
1496 59 0.0
1548 61 0.0
1574 62 1.0
1599 63 0.0
1624 64 0.0
1649 65 0.0
1667 66 0.0
1699 67 0.0
1724 68 0.0
1749 69 0.0
1774 70 0.0
1822 72 0.0
1849 73 0.0
1899 75 0.0
1944 77 0.0
1974 78 0.0
1998 79 1.0
2024 80 0.0
2043 81 0.0
2073 82 0.0
2099 83 0.0
2124 84 0.0
2149 85 0.0
2174 86 0.0
2222 88 0.0
2248 89 0.0
2274 90 0.0
2324 92 0.0
2374 94 0.0
2399 95 0.0
2421 96 0.0
2449 97 0.0
2473 98 0.0
2498 99 0.0
2519 100 0.0
2549 101 0.0
2574 102 0.0
2599 103 0.0
2624 104 0.0
2674 106 0.0
2699 107 0.0
2724 108 0.0
2749 109 0.0
2799 111 0.0
2849 113 0.0
2871 114 0.0
2892 115 0.0
2921 116 0.0
2947 117 0.0
2973 118 1.0
3021 120 0.0
3048 121 0.0
3074 122 0.0
3099 123 0.0
3124 124 0.0
3149 125 0.0
3173 126 0.0
3199 127 1.0
3221 128 0.0
3248 129 0.0
3272 130 1.0
3299 131 0.0
3320 132 0.0
3374 134 0.0
3396 135 0.0
3424 136 0.0
3448 137 0.0
3469 138 0.0
3524 140 0.0
3573 142 0.0
3599 143 0.0
3624 144 0.0
3648 145 0.0
3674 146 0.0
3699 147 0.0
3723 148 0.0
3749 149 0.0
3797 151 0.0
3824 152 0.0
3848 153 0.0
3874 154 1.0
3899 155 0.0
3924 156 0.0
3938 157 0.0
3974 158 0.0
3999 159 0.0
4024 160 1.0
4049 161 0.0
4097 163 0.0
4124 164 0.0
4149 165 0.0
4174 166 0.0
4190 167 1.0
4224 168 0.0
4247 169 0.0
4272 170 0.0
4299 171 0.0
4324 172 0.0
4349 173 1.0
4374 174 0.0
4399 175 0.0
4421 176 0.0
4447 177 1.0
4470 178 0.0
4524 180 0.0
4574 182 0.0
4599 183 0.0
4624 184 0.0
4648 185 0.0
4674 186 0.0
4739 189 0.0
4774 190 0.0
4799 191 0.0
4824 192 0.0
4849 193 0.0
4867 194 0.0
4898 195 1.0
4946 197 0.0
4971 198 0.0
4999 199 0.0
5021 200 0.0
5043 201 0.0
5072 202 0.0
5099 203 0.0
5147 205 0.0
5197 207 0.0
5223 208 0.0
5247 209 0.0
5274 210 0.0
5294 211 0.0
5320 212 0.0
5371 214 0.0
5424 216 0.0
5449 217 0.0
5473 218 0.0
5499 219 0.0
5524 220 0.0
5544 221 0.0
5574 222 0.0
5624 224 0.0
5649 225 0.0
5674 226 0.0
5699 227 0.0
5749 229 0.0
5771 230 0.0
5795 231 0.0
5824 232 0.0
5848 233 0.0
5871 234 1.0
5899 235 0.0
5924 236 0.0
5949 237 0.0
5974 238 0.0
5999 239 0.0
6024 240 0.0
6098 243 0.0
6116 244 0.0
6143 245 0.0
6174 246 0.0
6199 247 0.0
6224 248 0.0
6249 249 0.0
6266 250 1.0
6324 252 0.0
6345 253 0.0
6369 254 0.0
6399 255 1.0
6424 256 0.0
6449 257 0.0
6496 259 0.0
6524 260 0.0
6547 261 1.0
6574 262 0.0
6596 263 0.0
6617 264 0.0
6649 265 0.0
6672 266 0.0
6724 268 0.0
6749 269 0.0
6774 270 0.0
6799 271 0.0
6814 272 0.0
6849 273 0.0
6874 274 1.0
6899 275 0.0
6924 276 0.0
6949 277 0.0
6974 278 0.0
6995 279 0.0
7024 280 0.0
7046 281 0.0
7097 283 0.0
7124 284 0.0
7174 286 0.0
7223 288 0.0
7237 289 0.0
7274 290 0.0
7297 291 0.0
7323 292 0.0
7346 293 0.0
7363 294 0.0
7399 295 0.0
7424 296 0.0
7447 297 0.0
7468 298 0.0
7489 299 0.0
7521 300 0.0
7548 301 0.0
7574 302 0.0
7592 303 0.0
7624 304 0.0
7649 305 1.0
7666 306 0.0
7699 307 0.0
7724 308 0.0
7749 309 1.0
7772 310 0.0
7823 312 0.0
7846 313 1.0
7899 315 0.0
7924 316 0.0
7949 317 0.0
7974 318 0.0
7999 319 0.0
8024 320 1.0
8042 321 0.0
8074 322 0.0
8099 323 0.0
8174 326 0.0
8199 327 0.0
8224 328 0.0
8249 329 0.0
8294 331 0.0
8323 332 0.0
8346 333 0.0
8372 334 0.0
8396 335 0.0
8448 337 0.0
8469 338 0.0
8499 339 0.0
8523 340 0.0
8549 341 0.0
8574 342 0.0
8599 343 0.0
8649 345 0.0
8674 346 0.0
8699 347 0.0
8724 348 0.0
8741 349 0.0
8773 350 0.0
8799 351 0.0
8824 352 0.0
8843 353 0.0
8874 354 0.0
8899 355 0.0
8919 356 0.0
8949 357 0.0
8974 358 0.0
9024 360 0.0
9049 361 0.0
9074 362 0.0
9122 364 0.0
9149 365 1.0
9174 366 1.0
9189 367 0.0
9223 368 0.0
9249 369 0.0
9270 370 0.0
9321 372 0.0
9349 373 0.0
9374 374 0.0
9391 375 0.0
9424 376 0.0
9449 377 0.0
9474 378 1.0
9499 379 0.0
9524 380 0.0
9543 381 0.0
9596 383 0.0
9621 384 0.0
9699 387 0.0
9722 388 0.0
9774 390 0.0
9799 391 0.0
9824 392 0.0
9872 394 0.0
9899 395 0.0
9973 398 0.0
9993 399 0.0
10022 400 0.0
10061 402 1.0
10097 403 0.0
10124 404 0.0
10199 407 0.0
10249 409 0.0
10274 410 0.0
10294 411 0.0
10349 413 0.0
10371 414 0.0
10399 415 1.0
10418 416 0.0
10471 418 0.0
10499 419 0.0
10523 420 0.0
10574 422 0.0
10597 423 0.0
10620 424 0.0
10645 425 0.0
10697 427 0.0
10722 428 0.0
10740 429 0.0
10774 430 0.0
10874 434 0.0
10924 436 0.0
10946 437 0.0
10972 438 1.0
10997 439 0.0
11024 440 0.0
11074 442 0.0
11096 443 0.0
11117 444 0.0
11149 445 0.0
11173 446 0.0
11199 447 0.0
11224 448 0.0
11272 450 0.0
11299 451 0.0
11315 452 0.0
11349 453 0.0
11374 454 0.0
11399 455 0.0
11422 456 0.0
11446 457 0.0
11463 458 0.0
11524 460 0.0
11549 461 0.0
11593 463 0.0
11649 465 0.0
11699 467 0.0
11724 468 0.0
11748 469 0.0
11774 470 0.0
11796 471 0.0
11824 472 0.0
11873 474 0.0
11899 475 0.0
11924 476 0.0
11949 477 0.0
11974 478 0.0
11998 479 0.0
12074 482 1.0
12099 483 0.0
12124 484 0.0
12149 485 0.0
12168 486 0.0
12198 487 0.0
12224 488 0.0
12249 489 0.0
12274 490 0.0
12295 491 0.0
12324 492 0.0
12371 494 0.0
12395 495 0.0
12424 496 0.0
12447 497 0.0
12463 498 0.0
12499 499 0.0
12517 500 0.0
12548 501 0.0
12599 503 0.0
12624 504 0.0
12649 505 0.0
12699 507 0.0
12722 508 0.0
12749 509 0.0
12764 510 0.0
12799 511 1.0
12824 512 0.0
12849 513 0.0
12862 514 0.0
12899 515 1.0
12924 516 0.0
12949 517 0.0
12974 518 0.0
13024 520 0.0
13068 522 0.0
13096 523 0.0
13116 524 0.0
13149 525 0.0
13174 526 0.0
13199 527 0.0
13224 528 0.0
13249 529 0.0
13299 531 1.0
13322 532 0.0
13349 533 0.0
13374 534 0.0
13399 535 0.0
13424 536 0.0
13448 537 0.0
13473 538 0.0
13499 539 0.0
13524 540 0.0
13546 541 0.0
13574 542 0.0
13599 543 0.0
13648 545 0.0
13672 546 0.0
13699 547 0.0
13724 548 1.0
13774 550 0.0
13799 551 0.0
13824 552 0.0
13849 553 0.0
13873 554 0.0
13891 555 0.0
13921 556 1.0
13949 557 0.0
13974 558 0.0
13997 559 0.0
14024 560 0.0
14049 561 0.0
14074 562 0.0
14099 563 0.0
14124 564 1.0
14149 565 0.0
14172 566 0.0
14195 567 0.0
14223 568 0.0
14249 569 0.0
14273 570 0.0
14299 571 1.0
14324 572 0.0
14349 573 0.0
14399 575 0.0
14424 576 0.0
14444 577 0.0
14465 578 0.0
14497 579 1.0
14520 580 0.0
14574 582 0.0
14599 583 0.0
14624 584 0.0
14672 586 0.0
14721 588 0.0
14749 589 0.0
14774 590 0.0
14799 591 0.0
14824 592 0.0
14849 593 0.0
14870 594 0.0
14924 596 1.0
14947 597 0.0
14974 598 0.0
14999 599 0.0
15024 600 1.0
15048 601 1.0
15074 602 1.0
15099 603 1.0
15118 604 1.0
15174 606 1.0
15199 607 1.0
15224 608 1.0
15274 610 1.0
15324 612 1.0
15349 613 1.0
15399 615 1.0
15424 616 1.0
15449 617 1.0
15549 621 1.0
15574 622 1.0
15593 623 1.0
15624 624 1.0
15699 627 1.0
15724 628 1.0
15749 629 1.0
15769 630 1.0
15820 632 1.0
15849 633 1.0
15874 634 1.0
15899 635 1.0
15949 637 1.0
15998 639 1.0
16024 640 1.0
16069 642 1.0
16099 643 1.0
16119 644 1.0
16145 645 1.0
16174 646 1.0
16199 647 1.0
16224 648 1.0
16245 649 1.0
16271 650 1.0
16299 651 1.0
16347 653 1.0
16374 654 1.0
16399 655 1.0
16424 656 1.0
16444 657 1.0
16474 658 1.0
16499 659 1.0
16524 660 1.0
16548 661 1.0
16574 662 1.0
16597 663 1.0
16624 664 1.0
16645 665 1.0
16674 666 1.0
16699 667 1.0
16724 668 1.0
16749 669 1.0
16774 670 1.0
16799 671 1.0
16822 672 1.0
16849 673 1.0
16874 674 1.0
16896 675 1.0
16924 676 1.0
16949 677 1.0
16971 678 1.0
16999 679 1.0
17024 680 1.0
17045 681 1.0
17074 682 1.0
17099 683 1.0
17124 684 1.0
17149 685 1.0
17174 686 1.0
17198 687 1.0
17224 688 1.0
17249 689 1.0
17274 690 1.0
17348 693 1.0
17399 695 1.0
17449 697 1.0
17474 698 1.0
17499 699 1.0
17524 700 1.0
17548 701 1.0
17598 703 1.0
17624 704 1.0
17645 705 1.0
17674 706 1.0
17699 707 1.0
17723 708 1.0
17749 709 1.0
17773 710 1.0
17799 711 1.0
17824 712 1.0
17873 714 1.0
17899 715 1.0
17949 717 1.0
17974 718 1.0
17999 719 1.0
18023 720 1.0
18048 721 1.0
18099 723 1.0
18174 726 1.0
18199 727 1.0
18249 729 1.0
18274 730 1.0
18299 731 1.0
18324 732 1.0
18349 733 1.0
18374 734 1.0
18399 735 1.0
18424 736 1.0
18449 737 1.0
18474 738 1.0
18499 739 1.0
18517 740 1.0
18549 741 1.0
18573 742 1.0
18599 743 1.0
18649 745 1.0
18671 746 1.0
18699 747 1.0
18724 748 1.0
18749 749 1.0
18774 750 1.0
18820 752 1.0
18874 754 1.0
18899 755 1.0
18945 757 1.0
18974 758 1.0
18999 759 1.0
19049 761 1.0
19124 764 1.0
19174 766 1.0
19199 767 1.0
19224 768 1.0
19249 769 1.0
19299 771 1.0
19374 774 1.0
19399 775 1.0
19424 776 1.0
19474 778 1.0
19499 779 1.0
19521 780 1.0
19574 782 1.0
19599 783 1.0
19624 784 1.0
19648 785 1.0
19674 786 1.0
19699 787 1.0
19721 788 1.0
19749 789 1.0
19774 790 1.0
19799 791 1.0
19824 792 1.0
19849 793 1.0
19873 794 1.0
19899 795 1.0
19924 796 1.0
19945 797 1.0
19974 798 1.0
20024 800 1.0
20049 801 1.0
20073 802 1.0
20122 804 1.0
20174 806 1.0
20199 807 1.0
20221 808 1.0
20249 809 1.0
20274 810 1.0
20374 814 1.0
20422 816 1.0
20447 817 1.0
20499 819 1.0
20598 823 1.0
20624 824 1.0
20674 826 1.0
20699 827 1.0
20724 828 1.0
20749 829 1.0
20774 830 1.0
20799 831 1.0
20824 832 1.0
20849 833 1.0
20899 835 1.0
20920 836 1.0
20973 838 1.0
20999 839 1.0
21024 840 1.0
21072 842 1.0
21099 843 1.0
21143 845 1.0
21165 846 1.0
21198 847 1.0
21224 848 1.0
21274 850 1.0
21296 851 1.0
21323 852 1.0
21374 854 1.0
21399 855 1.0
21424 856 1.0
21449 857 1.0
21474 858 1.0
21499 859 1.0
21524 860 1.0
21549 861 1.0
21574 862 1.0
21599 863 1.0
21624 864 1.0
21647 865 1.0
21674 866 1.0
21699 867 1.0
21723 868 1.0
21746 869 1.0
21768 870 1.0
21869 874 1.0
21899 875 1.0
21923 876 1.0
21949 877 1.0
21974 878 1.0
21999 879 1.0
22024 880 1.0
22049 881 1.0
22074 882 1.0
22098 883 1.0
22149 885 1.0
22174 886 1.0
22199 887 1.0
22220 888 1.0
22273 890 1.0
22299 891 1.0
22324 892 1.0
22349 893 1.0
22399 895 1.0
22424 896 1.0
22449 897 1.0
22470 898 1.0
22499 899 1.0
16318 652 0.0
 fin motif
# 4 target:0 c+:136 c-:282 score:31.851206565260213 score+:1019.4899025935672 score-:1204.2269006720765 nb:8 =l_1c_19 l_1c_16 l_1c_17 l_1c_8 l_1c_12 l_1c_0 l_1c_13 l_1c_10 
181 7 0.0
261 10 0.0
833 33 0.0
930 37 0.0
954 38 0.0
983 39 0.0
1086 43 0.0
1364 54 0.0
1413 56 1.0
1657 66 0.0
1708 68 0.0
1758 70 0.0
1807 72 0.0
1854 74 0.0
1960 78 0.0
2233 89 0.0
2253 90 0.0
2285 91 0.0
2318 92 0.0
2435 97 0.0
2511 100 0.0
2541 101 0.0
2689 107 0.0
2735 109 0.0
2932 117 0.0
3355 134 0.0
3383 135 0.0
3463 138 0.0
3507 140 0.0
3541 141 0.0
3564 142 0.0
3602 144 0.0
3636 145 0.0
3816 152 0.0
3911 156 0.0
3936 157 0.0
3954 158 0.0
4128 165 0.0
4303 172 0.0
4460 178 0.0
4579 183 0.0
4791 191 0.0
4809 192 0.0
5134 205 0.0
5232 209 0.0
5264 210 0.0
5327 213 0.0
5560 222 0.0
6013 240 0.0
6213 248 0.0
6332 253 0.0
6960 278 0.0
7033 281 0.0
7160 286 0.0
7301 292 0.0
7419 296 0.0
7486 299 0.0
7616 304 0.0
7682 307 0.0
7940 317 0.0
7983 319 0.0
8059 322 0.0
8162 326 0.0
8232 329 0.0
8284 331 0.0
8359 334 0.0
8479 339 0.0
8503 340 0.0
8677 347 0.0
8756 350 0.0
8864 354 0.0
8881 355 0.0
8939 357 0.0
9339 373 0.0
9485 379 0.0
9709 388 0.0
9814 392 0.0
9838 393 0.0
9922 396 0.0
9985 399 0.0
10009 400 0.0
10111 404 0.0
10148 405 0.0
10243 409 0.0
10268 410 0.0
10310 412 0.0
10488 419 0.0
10562 422 0.0
10758 430 0.0
10785 431 0.0
10868 434 0.0
10984 439 0.0
11238 449 0.0
11416 456 0.0
11658 466 0.0
11806 472 0.0
11980 479 0.0
12127 485 0.0
12202 488 0.0
12283 491 0.0
12564 502 0.0
12638 505 0.0
12659 506 0.0
12692 507 0.0
12788 511 1.0
12836 513 0.0
13309 532 0.0
13469 538 0.0
13559 542 0.0
13615 544 0.0
13911 556 1.0
13933 557 0.0
14366 574 0.0
14604 584 0.0
14706 588 0.0
14737 589 0.0
14857 594 0.0
15036 601 1.0
15131 605 1.0
15488 619 1.0
15529 621 1.0
15936 637 1.0
15981 639 1.0
16111 644 1.0
16237 649 1.0
16716 668 1.0
16783 671 1.0
16837 673 1.0
17082 683 1.0
17140 685 1.0
17286 691 1.0
17323 692 1.0
17363 694 1.0
17459 698 1.0
17760 710 1.0
17788 711 1.0
17918 716 1.0
17936 717 1.0
17960 718 1.0
18030 721 1.0
18065 722 1.0
18136 725 1.0
18185 727 1.0
18240 729 1.0
18362 734 1.0
18505 740 1.0
18633 745 1.0
18797 751 1.0
18835 753 1.0
19088 763 1.0
19142 765 1.0
19158 766 1.0
19265 770 1.0
19359 774 1.0
19388 775 1.0
19435 777 1.0
19458 778 1.0
19560 782 1.0
19659 786 1.0
19760 790 1.0
19811 792 1.0
20207 808 1.0
20254 810 1.0
20284 811 1.0
20307 812 1.0
20411 816 1.0
20434 817 1.0
20731 829 1.0
20855 834 1.0
20963 838 1.0
21085 843 1.0
21211 848 1.0
21333 853 1.0
21411 856 1.0
21563 862 1.0
21889 875 1.0
22011 880 1.0
22064 882 1.0
22138 885 1.0
22162 886 1.0
22257 890 1.0
22307 892 1.0
22386 895 1.0
22411 896 1.0
22488 899 1.0
9 0 0.0
6 0 0.0
32 1 0.0
56 2 0.0
93 3 0.0
110 4 0.0
234 9 0.0
375 15 0.0
453 18 0.0
560 22 0.0
623 24 0.0
629 25 0.0
655 26 0.0
685 27 0.0
722 28 0.0
786 31 0.0
813 32 0.0
834 33 0.0
864 34 0.0
978 39 0.0
1156 46 0.0
1188 47 0.0
1204 48 0.0
1238 49 0.0
1256 50 0.0
1427 57 0.0
1609 64 0.0
1637 65 0.0
1707 68 0.0
1784 71 1.0
1781 71 1.0
1782 71 1.0
1809 72 0.0
1839 73 0.0
1852 74 0.0
1879 75 0.0
1921 76 0.0
1904 76 0.0
2012 80 0.0
2269 90 0.0
2320 92 0.0
2338 93 0.0
2360 94 0.0
2379 95 0.0
2437 97 0.0
2434 97 0.0
2663 106 0.0
2753 110 0.0
2806 112 1.0
2846 113 0.0
3033 121 0.0
3104 124 0.0
3244 129 0.0
3278 131 0.0
3310 132 0.0
3385 135 0.0
3412 136 0.0
3487 139 0.0
3592 143 0.0
3604 144 0.0
3737 149 0.0
3838 153 0.0
3859 154 1.0
3897 155 0.0
3996 159 0.0
4059 162 0.0
4162 166 0.0
4223 168 0.0
4236 169 0.0
4344 173 1.0
4392 175 0.0
4382 175 0.0
4495 179 0.0
4541 181 0.0
4583 183 0.0
4575 183 0.0
4614 184 0.0
4657 186 0.0
4710 188 0.0
4793 191 0.0
4816 192 0.0
4877 195 1.0
5167 206 0.0
5208 208 0.0
5288 211 0.0
5416 216 0.0
5501 220 0.0
5576 223 0.0
5577 223 0.0
5635 225 0.0
5633 225 0.0
5704 228 0.0
5743 229 0.0
5754 230 0.0
5756 230 0.0
5903 236 0.0
5935 237 0.0
6017 240 0.0
6049 241 1.0
6078 243 0.0
6164 246 0.0
6178 247 0.0
6177 247 0.0
6230 249 0.0
6256 250 1.0
6327 253 0.0
6356 254 0.0
6395 255 1.0
6467 258 0.0
6544 261 1.0
6560 262 0.0
6590 263 0.0
6607 264 0.0
6642 265 0.0
6805 272 0.0
6830 273 0.0
6863 274 1.0
6897 275 0.0
6984 279 0.0
7041 281 0.0
7076 283 0.0
7158 286 0.0
7265 290 0.0
7280 291 0.0
7355 294 0.0
7383 295 0.0
7585 303 0.0
7610 304 0.0
7679 307 0.0
7736 309 1.0
7815 312 0.0
7867 314 0.0
7886 315 0.0
7912 316 0.0
7904 316 0.0
8014 320 1.0
8031 321 0.0
8061 322 0.0
8079 323 0.0
8212 328 0.0
8269 330 1.0
8285 331 0.0
8326 333 0.0
8383 335 0.0
8415 336 1.0
8413 336 1.0
8512 340 0.0
8606 344 0.0
8632 345 0.0
8655 346 0.0
8786 351 0.0
9099 363 0.0
9132 365 1.0
9341 373 0.0
9325 373 0.0
9370 374 0.0
9406 376 0.0
9430 377 0.0
9487 379 0.0
9561 382 0.0
9582 383 0.0
9611 384 0.0
9727 389 0.0
9767 390 0.0
9882 395 0.0
9955 398 0.0
10110 404 0.0
10139 405 0.0
10155 406 0.0
10364 414 0.0
10405 416 0.0
10448 417 0.0
10517 420 0.0
10556 422 0.0
10612 424 0.0
10635 425 0.0
10677 427 0.0
10719 428 0.0
10790 431 0.0
10827 433 0.0
10867 434 0.0
10906 436 0.0
11031 441 1.0
11029 441 1.0
11052 442 0.0
11196 447 0.0
11257 450 0.0
11307 452 0.0
11329 453 0.0
11389 455 0.0
11513 460 0.0
11756 470 0.0
11754 470 0.0
11788 471 0.0
11859 474 0.0
11883 475 0.0
11933 477 0.0
11977 479 0.0
12028 481 0.0
12165 486 0.0
12254 490 0.0
12263 490 0.0
12383 495 0.0
12432 497 0.0
12544 501 0.0
12554 502 0.0
12566 502 0.0
12579 503 0.0
12630 505 0.0
12742 509 0.0
12804 512 0.0
12852 514 0.0
12885 515 1.0
12906 516 0.0
12904 516 0.0
12937 517 0.0
12987 519 1.0
12996 519 1.0
13032 521 0.0
13063 522 0.0
13152 526 0.0
13212 528 0.0
13266 530 0.0
13332 533 0.0
13381 535 0.0
13556 542 0.0
13585 543 0.0
13683 547 0.0
13778 551 0.0
13838 553 0.0
14036 561 0.0
14054 562 0.0
14209 568 0.0
14227 569 0.0
14279 571 1.0
14281 571 1.0
14317 572 0.0
14460 578 0.0
14489 579 1.0
14512 580 0.0
14600 584 0.0
14608 584 0.0
14648 585 0.0
14877 595 0.0
15185 607 1.0
15255 610 1.0
15280 611 1.0
15315 612 1.0
15862 634 1.0
15926 637 1.0
16193 647 1.0
16238 649 1.0
16459 658 1.0
16466 658 1.0
16675 667 1.0
16809 672 1.0
17050 682 1.0
17442 697 1.0
17526 701 1.0
17654 706 1.0
17725 709 1.0
17808 712 1.0
17879 715 1.0
18344 733 1.0
18552 742 1.0
18593 743 1.0
18604 744 1.0
18757 750 1.0
18860 754 1.0
18882 755 1.0
18912 756 1.0
19348 773 1.0
19594 783 1.0
19779 791 1.0
19912 796 1.0
19967 798 1.0
19979 799 1.0
20162 806 1.0
20206 808 1.0
20458 818 1.0
20459 818 1.0
20489 819 1.0
20544 821 1.0
20572 822 1.0
20876 835 1.0
21000 840 1.0
21118 844 1.0
21150 846 1.0
21215 848 1.0
21236 849 1.0
21303 852 1.0
21335 853 1.0
21434 857 1.0
21455 858 1.0
21755 870 1.0
21881 875 1.0
22142 885 1.0
22304 892 1.0
22452 898 1.0
 fin motif
# 5 target:0 c+:202 c-:345 score:22.338967347718835 score+:1555.083339300439 score-:1684.6493499172086 nb:8 =l_1c_19 l_1c_9 l_1c_1 l_1c_5 l_1c_10 l_1c_11 l_1c_0 l_1c_4 
22 0 0.0
39 1 0.0
75 3 0.0
133 5 0.0
172 6 0.0
272 10 0.0
280 11 0.0
369 14 0.0
461 18 0.0
475 19 1.0
677 27 0.0
713 28 0.0
778 31 0.0
875 35 0.0
966 38 0.0
1019 40 0.0
1057 42 0.0
1083 43 0.0
1100 44 0.0
1125 45 0.0
1163 46 0.0
1193 47 0.0
1221 48 0.0
1247 49 0.0
1281 51 1.0
1304 52 1.0
1357 54 0.0
1394 55 0.0
1439 57 0.0
1495 59 0.0
1514 60 0.0
1543 61 0.0
1570 62 1.0
1593 63 0.0
1677 67 0.0
1702 68 0.0
1730 69 0.0
1767 70 0.0
1923 76 0.0
2052 82 0.0
2091 83 0.0
2168 86 0.0
2178 87 0.0
2221 88 0.0
2239 89 0.0
2278 91 0.0
2359 94 0.0
2400 96 0.0
2447 97 0.0
2492 99 0.0
2510 100 0.0
2587 103 0.0
2602 104 0.0
2628 105 1.0
2667 106 0.0
2782 111 0.0
2944 117 0.0
2986 119 0.0
3050 122 0.0
3142 125 0.0
3172 126 0.0
3286 131 0.0
3346 133 0.0
3394 135 0.0
3403 136 0.0
3498 139 0.0
3558 142 0.0
3644 145 0.0
3700 148 0.0
3728 149 0.0
3772 150 0.0
3975 159 0.0
4045 161 0.0
4050 162 0.0
4102 164 0.0
4147 165 0.0
4275 171 0.0
4371 174 0.0
4416 176 0.0
4425 177 1.0
4500 180 0.0
4527 181 0.0
4552 182 0.0
4639 185 0.0
4684 187 0.0
4727 189 0.0
4759 190 0.0
4800 192 0.0
4829 193 0.0
4940 197 0.0
4991 199 0.0
5075 203 0.0
5100 204 0.0
5174 206 0.0
5184 207 0.0
5246 209 0.0
5281 211 0.0
5349 213 0.0
5385 215 0.0
5429 217 0.0
5475 219 0.0
5673 226 0.0
5723 228 0.0
5883 235 0.0
5920 236 0.0
6002 240 0.0
6042 241 1.0
6063 242 1.0
6171 246 0.0
6208 248 0.0
6319 252 0.0
6434 257 0.0
6459 258 0.0
6475 259 0.0
6509 260 0.0
6697 267 0.0
6757 270 0.0
6783 271 0.0
6850 274 1.0
6913 276 0.0
6925 277 0.0
6950 278 0.0
7055 282 0.0
7091 283 0.0
7137 285 0.0
7228 289 0.0
7275 291 0.0
7317 292 0.0
7352 294 0.0
7502 300 0.0
7577 303 0.0
7688 307 0.0
7717 308 0.0
7744 309 1.0
7757 310 0.0
7789 311 0.0
7803 312 0.0
7840 313 1.0
7875 315 0.0
7921 316 0.0
7937 317 0.0
7967 318 0.0
7991 319 0.0
8052 322 0.0
8124 324 0.0
8152 326 0.0
8187 327 0.0
8225 329 0.0
8257 330 1.0
8300 332 0.0
8363 334 0.0
8391 335 0.0
8408 336 1.0
8519 340 0.0
8539 341 0.0
8651 346 0.0
8696 347 0.0
8755 350 0.0
8780 351 0.0
8829 353 0.0
8854 354 0.0
8900 356 0.0
8956 358 0.0
8990 359 0.0
9040 361 0.0
9055 362 0.0
9075 363 0.0
9100 364 0.0
9245 369 0.0
9260 370 0.0
9279 371 0.0
9310 372 0.0
9348 373 0.0
9377 375 0.0
9402 376 0.0
9456 378 1.0
9497 379 0.0
9500 380 0.0
9525 381 0.0
9572 382 0.0
9643 385 0.0
9653 386 0.0
9692 387 0.0
9803 392 0.0
9848 393 0.0
9856 394 0.0
9875 395 0.0
9937 397 0.0
10002 400 0.0
10039 401 0.0
10075 403 0.0
10180 407 0.0
10224 408 0.0
10228 409 0.0
10280 411 0.0
10394 415 1.0
10484 419 0.0
10527 421 0.0
10579 423 0.0
10652 426 0.0
10688 427 0.0
10737 429 0.0
10765 430 0.0
10775 431 0.0
10913 436 0.0
10925 437 0.0
10961 438 1.0
10994 439 0.0
11020 440 0.0
11072 442 0.0
11085 443 0.0
11103 444 0.0
11127 445 0.0
11206 448 0.0
11242 449 0.0
11347 453 0.0
11366 454 0.0
11375 455 0.0
11497 459 0.0
11547 461 0.0
11555 462 0.0
11674 466 0.0
11697 467 0.0
11722 468 0.0
11767 470 0.0
11793 471 0.0
11923 476 0.0
11945 477 0.0
11953 478 0.0
12000 480 0.0
12049 481 0.0
12097 483 0.0
12102 484 0.0
12146 485 0.0
12302 492 0.0
12334 493 0.0
12350 494 0.0
12379 495 0.0
12443 497 0.0
12511 500 0.0
12540 501 0.0
12664 506 0.0
12696 507 0.0
12703 508 0.0
12777 511 1.0
13008 520 0.0
13056 522 0.0
13089 523 0.0
13111 524 0.0
13178 527 0.0
13236 529 0.0
13258 530 0.0
13290 531 1.0
13313 532 0.0
13409 536 0.0
13436 537 0.0
13502 540 0.0
13598 543 0.0
13607 544 0.0
13656 546 0.0
13696 547 0.0
13710 548 1.0
13758 550 0.0
13827 553 0.0
13853 554 0.0
13878 555 0.0
13919 556 1.0
13944 557 0.0
13987 559 0.0
14022 560 0.0
14123 564 1.0
14129 565 0.0
14152 566 0.0
14212 568 0.0
14237 569 0.0
14288 571 1.0
14312 572 0.0
14337 573 0.0
14374 574 0.0
14419 576 0.0
14425 577 0.0
14454 578 0.0
14505 580 0.0
14548 581 0.0
14575 583 0.0
14612 584 0.0
14627 585 0.0
14650 586 0.0
14785 591 0.0
14812 592 0.0
14863 594 0.0
14931 597 0.0
15055 602 1.0
15102 604 1.0
15145 605 1.0
15234 609 1.0
15300 612 1.0
15350 614 1.0
15412 616 1.0
15437 617 1.0
15552 622 1.0
15636 625 1.0
15687 627 1.0
15702 628 1.0
15735 629 1.0
15780 631 1.0
15917 636 1.0
16075 643 1.0
16118 644 1.0
16177 647 1.0
16277 651 1.0
16352 654 1.0
16400 656 1.0
16436 657 1.0
16488 659 1.0
16506 660 1.0
16740 669 1.0
16773 670 1.0
16800 672 1.0
16831 673 1.0
16925 677 1.0
17019 680 1.0
17111 684 1.0
17257 690 1.0
17275 691 1.0
17552 702 1.0
17659 706 1.0
17698 707 1.0
17849 713 1.0
17950 718 1.0
17988 719 1.0
18000 720 1.0
18054 722 1.0
18090 723 1.0
18100 724 1.0
18125 725 1.0
18234 729 1.0
18277 731 1.0
18327 733 1.0
18350 734 1.0
18386 735 1.0
18407 736 1.0
18432 737 1.0
18469 738 1.0
18497 739 1.0
18614 744 1.0
18657 746 1.0
18684 747 1.0
18712 748 1.0
18731 749 1.0
18752 750 1.0
18814 752 1.0
18842 753 1.0
18854 754 1.0
18892 755 1.0
18921 756 1.0
18929 757 1.0
18985 759 1.0
19020 760 1.0
19032 761 1.0
19065 762 1.0
19100 764 1.0
19132 765 1.0
19216 768 1.0
19290 771 1.0
19313 772 1.0
19392 775 1.0
19457 778 1.0
19515 780 1.0
19530 781 1.0
19588 783 1.0
19610 784 1.0
19627 785 1.0
19691 787 1.0
19702 788 1.0
19729 789 1.0
19808 792 1.0
19853 794 1.0
19963 798 1.0
19994 799 1.0
20035 801 1.0
20070 802 1.0
20075 803 1.0
20175 807 1.0
20298 811 1.0
20332 813 1.0
20355 814 1.0
20467 818 1.0
20513 820 1.0
20585 823 1.0
20625 825 1.0
20651 826 1.0
20682 827 1.0
20730 829 1.0
20751 830 1.0
20819 832 1.0
20829 833 1.0
20859 834 1.0
20888 835 1.0
20910 836 1.0
20926 837 1.0
20971 838 1.0
21019 840 1.0
21040 841 1.0
21052 842 1.0
21075 843 1.0
21160 846 1.0
21190 847 1.0
21245 849 1.0
21320 852 1.0
21380 855 1.0
21404 856 1.0
21443 857 1.0
21495 859 1.0
21503 860 1.0
21570 862 1.0
21602 864 1.0
21638 865 1.0
21667 866 1.0
21802 872 1.0
22000 880 1.0
22081 883 1.0
22119 884 1.0
22168 886 1.0
22256 890 1.0
22293 891 1.0
22346 893 1.0
22352 894 1.0
22491 899 1.0
334 13 0.0
565 22 0.0
819 32 0.0
1046 41 0.0
1282 51 1.0
1311 52 1.0
1326 53 0.0
1535 61 0.0
1629 65 0.0
1896 75 0.0
1926 77 0.0
1966 78 0.0
2785 111 0.0
3016 120 0.0
3146 125 0.0
3206 128 0.0
3661 146 0.0
3678 147 0.0
3794 151 0.0
3820 152 0.0
3852 154 1.0
4318 172 0.0
4333 173 1.0
4451 178 0.0
4730 189 0.0
5477 219 0.0
5619 224 0.0
5814 232 0.0
5932 237 0.0
6059 242 1.0
6134 245 0.0
6732 269 0.0
6808 272 0.0
7261 290 0.0
7326 293 0.0
7411 296 0.0
7564 302 0.0
7613 304 0.0
7788 311 0.0
7841 313 1.0
7934 317 0.0
8561 342 0.0
8855 354 0.0
8929 357 0.0
8991 359 0.0
9041 361 0.0
9311 372 0.0
9426 377 0.0
9741 389 0.0
9909 396 0.0
10434 417 0.0
10482 419 0.0
10530 421 0.0
10653 426 0.0
10988 439 0.0
11003 440 0.0
11104 444 0.0
11164 446 0.0
11304 452 0.0
11581 463 0.0
11982 479 0.0
12245 489 0.0
12376 495 0.0
12410 496 0.0
12537 501 0.0
12744 509 0.0
12761 510 0.0
12945 517 0.0
13176 527 0.0
13353 534 0.0
13464 538 0.0
13535 541 0.0
13879 555 0.0
14185 567 0.0
14251 570 0.0
14630 585 0.0
14807 592 0.0
14991 599 0.0
15103 604 1.0
15195 607 1.0
15202 608 1.0
15342 613 1.0
15404 616 1.0
15779 631 1.0
16165 646 1.0
16452 658 1.0
16489 659 1.0
16685 667 1.0
16856 674 1.0
16882 675 1.0
17130 685 1.0
17258 690 1.0
17292 691 1.0
17343 693 1.0
17511 700 1.0
17568 702 1.0
18011 720 1.0
18290 731 1.0
18383 735 1.0
18663 746 1.0
18707 748 1.0
18811 752 1.0
19127 765 1.0
19226 769 1.0
19256 770 1.0
19394 775 1.0
19403 776 1.0
19482 779 1.0
19511 780 1.0
19957 798 1.0
20126 805 1.0
20262 810 1.0
20303 812 1.0
20339 813 1.0
20393 815 1.0
20468 818 1.0
20526 821 1.0
20601 824 1.0
20911 836 1.0
20943 837 1.0
20995 839 1.0
21135 845 1.0
21161 846 1.0
21201 848 1.0
21582 863 1.0
21614 864 1.0
21685 867 1.0
21855 874 1.0
22326 893 1.0
22355 894 1.0
5471 218 0.0
6228 249 0.0
9312 372 0.0
10332 413 0.0
65 2 0.0
398 15 0.0
862 34 0.0
894 35 0.0
1339 53 0.0
1512 60 0.0
2411 96 0.0
2757 110 0.0
3078 123 0.0
3239 129 0.0
3313 132 0.0
3763 150 0.0
4009 160 1.0
4314 172 0.0
5037 201 0.0
5057 202 0.0
5584 223 0.0
7542 301 0.0
7711 308 0.0
7908 316 0.0
8288 331 0.0
9032 361 0.0
9298 371 0.0
9789 391 0.0
9959 398 0.0
11503 460 0.0
11580 463 0.0
11607 464 0.0
12191 487 0.0
12430 497 0.0
12621 504 0.0
12908 516 0.0
13384 535 0.0
13506 540 0.0
13635 545 0.0
13930 557 0.0
14763 590 0.0
15088 603 1.0
15757 630 1.0
15884 635 1.0
16158 646 1.0
16320 652 0.0
16584 663 1.0
16634 665 1.0
16989 679 1.0
17164 686 1.0
17713 708 1.0
17778 711 1.0
17864 714 1.0
18363 734 1.0
18538 741 1.0
19085 763 1.0
22036 881 1.0
 fin motif
# 6 target:0 c+:39 c-:80 score:17.12610762853278 score+:344.18560629172464 score-:443.51703053721474 nb:8 =l_1c_19 l_1c_7 l_1c_12 l_1c_8 l_1c_11 l_1c_10 l_1c_13 l_1c_4 
10093 403 0.0
10404 416 0.0
11783 471 0.0
12953 518 0.0
15613 624 1.0
16461 658 1.0
19795 791 1.0
21739 869 1.0
43 1 0.0
46 1 0.0
196 7 0.0
185 7 0.0
204 8 0.0
206 8 0.0
291 11 0.0
287 11 0.0
394 15 0.0
395 15 0.0
554 22 0.0
624 24 0.0
603 24 0.0
795 31 0.0
792 31 0.0
1562 62 1.0
1722 68 0.0
1721 68 0.0
1968 78 0.0
1963 78 0.0
2578 103 0.0
3012 120 0.0
3018 120 0.0
3091 123 0.0
3193 127 1.0
3192 127 1.0
3293 131 0.0
3692 147 0.0
3693 147 0.0
3767 150 0.0
3773 150 0.0
3906 156 0.0
3907 156 0.0
4242 169 0.0
4254 170 0.0
4264 170 0.0
4403 176 0.0
4419 176 0.0
4593 183 0.0
4591 183 0.0
4843 193 0.0
4853 194 0.0
4866 194 0.0
4915 196 1.0
4914 196 1.0
4985 199 0.0
5028 201 0.0
5040 201 0.0
5353 214 0.0
5398 215 0.0
5399 215 0.0
5676 227 0.0
5698 227 0.0
6316 252 0.0
6318 252 0.0
6403 256 0.0
6611 264 0.0
6970 278 0.0
6965 278 0.0
7087 283 0.0
7271 290 0.0
7273 290 0.0
7287 291 0.0
7404 296 0.0
7421 296 0.0
7660 306 0.0
7781 311 0.0
7780 311 0.0
8084 323 0.0
8770 350 0.0
8771 350 0.0
8947 357 0.0
8945 357 0.0
9007 360 0.0
9006 360 0.0
9113 364 0.0
9108 364 0.0
9388 375 0.0
9469 378 1.0
9465 378 1.0
9670 386 0.0
9969 398 0.0
9980 399 0.0
9991 399 0.0
10091 403 0.0
10446 417 0.0
10429 417 0.0
10469 418 0.0
10466 418 0.0
10478 419 0.0
10892 435 0.0
10893 435 0.0
10942 437 0.0
10965 438 1.0
11219 448 0.0
11222 448 0.0
11282 451 0.0
11284 451 0.0
11456 458 0.0
11454 458 0.0
11535 461 0.0
11538 461 0.0
11646 465 0.0
11643 465 0.0
11730 469 0.0
11732 469 0.0
11784 471 0.0
12221 488 0.0
12219 488 0.0
12346 493 0.0
12343 493 0.0
12418 496 0.0
12441 497 0.0
12506 500 0.0
12509 500 0.0
12656 506 0.0
12654 506 0.0
12923 516 0.0
12922 516 0.0
13219 528 0.0
13203 528 0.0
13443 537 0.0
13440 537 0.0
13646 545 0.0
13815 552 0.0
13818 552 0.0
14044 561 0.0
14045 561 0.0
14163 566 0.0
14169 566 0.0
14595 583 0.0
14596 583 0.0
14747 589 0.0
14743 589 0.0
14839 593 0.0
14838 593 0.0
14964 598 0.0
14963 598 0.0
15172 606 1.0
15221 608 1.0
15212 608 1.0
15524 620 1.0
15620 624 1.0
15721 628 1.0
15716 628 1.0
15830 633 1.0
15831 633 1.0
15988 639 1.0
15995 639 1.0
16228 649 1.0
16232 649 1.0
16324 652 0.0
16568 662 1.0
16565 662 1.0
16704 668 1.0
16706 668 1.0
16791 671 1.0
16788 671 1.0
16997 679 1.0
16996 679 1.0
17060 682 1.0
17056 682 1.0
17156 686 1.0
17157 686 1.0
17342 693 1.0
17338 693 1.0
17370 694 1.0
17369 694 1.0
17757 710 1.0
17772 710 1.0
17815 712 1.0
17803 712 1.0
18223 728 1.0
18219 728 1.0
18231 729 1.0
18229 729 1.0
18322 732 1.0
18303 732 1.0
18719 748 1.0
18722 748 1.0
19271 770 1.0
19272 770 1.0
19885 795 1.0
19894 795 1.0
20419 816 1.0
20420 816 1.0
20717 828 1.0
21390 855 1.0
21392 855 1.0
21692 867 1.0
21693 867 1.0
21706 868 1.0
21704 868 1.0
21839 873 1.0
21845 873 1.0
22369 894 1.0
22374 894 1.0
 fin motif
# 7 target:0 c+:15 c-:30 score:6.428847938310362 score+:115.63519348506243 score-:149.0652027642763 nb:7 =l_1c_19 l_1c_9 l_1c_1 l_1c_17 l_1c_8 l_1c_13 l_1c_0 
17691 707 1.0
88 3 0.0
159 6 0.0
634 25 0.0
816 32 0.0
885 35 0.0
969 38 0.0
1105 44 0.0
1746 69 0.0
1743 69 0.0
2503 100 0.0
2774 110 0.0
4184 167 1.0
4181 167 1.0
4261 170 0.0
4556 182 0.0
5483 219 0.0
6758 270 0.0
7018 280 0.0
7114 284 0.0
7517 300 0.0
7569 302 0.0
7837 313 1.0
8860 354 0.0
9263 370 0.0
9588 383 0.0
9978 399 0.0
10387 415 1.0
11144 445 0.0
11457 458 0.0
12335 493 0.0
12843 513 0.0
13414 536 0.0
14189 567 0.0
14241 569 0.0
14646 585 0.0
15069 602 1.0
15094 603 1.0
15495 619 1.0
16340 653 1.0
16494 659 1.0
17263 690 1.0
17966 718 1.0
18317 732 1.0
18653 746 1.0
18691 747 1.0
19740 789 1.0
9264 370 0.0
 fin motif
