# 0 target:0 c+:111 c-:258 score:73.21639135411746 score+:875.3457513600534 score-:1300.0008212139346 nb:8 =l_0c_0 l_0c_9 l_0c_6 l_0c_4 l_0c_7 l_0c_1 l_0c_17 l_0c_8 
681 27 0.0
1980 79 1.0
2065 82 0.0
2457 98 0.0
2530 101 0.0
3357 134 0.0
3543 141 0.0
3566 142 0.0
4305 172 0.0
5807 232 0.0
6219 248 0.0
6334 253 0.0
6931 277 0.0
7035 281 0.0
7392 295 0.0
8280 331 0.0
8680 347 0.0
8867 354 0.0
10246 409 0.0
10672 426 0.0
10823 432 1.0
11253 450 0.0
12204 488 0.0
12839 513 0.0
13155 526 0.0
13730 549 0.0
13889 555 0.0
13913 556 1.0
13935 557 0.0
14705 588 0.0
16531 661 1.0
18177 727 1.0
18837 753 1.0
19091 763 1.0
19755 790 1.0
20405 816 1.0
20782 831 1.0
16 0 0.0
47 1 0.0
33 1 0.0
94 3 0.0
109 4 0.0
179 7 0.0
229 9 0.0
447 17 0.0
453 18 0.0
622 24 0.0
630 25 0.0
663 26 0.0
723 28 0.0
796 31 0.0
810 32 0.0
834 33 0.0
958 38 0.0
982 39 0.0
1032 41 0.0
1071 42 0.0
1132 45 0.0
1205 48 0.0
1242 49 0.0
1411 56 1.0
1429 57 0.0
1457 58 1.0
1528 61 0.0
1632 65 0.0
1713 68 0.0
1783 71 1.0
1808 72 0.0
1827 73 0.0
1880 75 0.0
1906 76 0.0
1959 78 0.0
2013 80 0.0
2041 81 0.0
2081 83 0.0
2244 89 0.0
2273 90 0.0
2361 94 0.0
2378 95 0.0
2436 97 0.0
2512 100 0.0
2570 102 0.0
2690 107 0.0
2705 108 0.0
2748 109 0.0
2806 112 1.0
2886 115 0.0
2939 117 0.0
2956 118 1.0
3034 121 0.0
3122 124 0.0
3228 129 0.0
3277 131 0.0
3384 135 0.0
3415 136 0.0
3464 138 0.0
3482 139 0.0
3593 143 0.0
3603 144 0.0
3637 145 0.0
3655 146 0.0
3738 149 0.0
3862 154 1.0
3898 155 0.0
3937 157 0.0
4129 165 0.0
4345 173 1.0
4393 175 0.0
4464 178 0.0
4499 179 0.0
4535 181 0.0
4583 183 0.0
4581 183 0.0
4736 189 0.0
4792 191 0.0
4813 192 0.0
4865 194 0.0
4879 195 1.0
4954 198 0.0
5020 200 0.0
5112 204 0.0
5167 206 0.0
5207 208 0.0
5273 210 0.0
5332 213 0.0
5362 214 0.0
5486 219 0.0
5505 220 0.0
5503 220 0.0
5636 225 0.0
5713 228 0.0
5743 229 0.0
5755 230 0.0
5866 234 1.0
5902 236 0.0
5942 237 0.0
6049 241 1.0
6082 243 0.0
6132 245 0.0
6231 249 0.0
6260 250 1.0
6354 254 0.0
6441 257 0.0
6486 259 0.0
6545 261 1.0
6561 262 0.0
6595 263 0.0
6643 265 0.0
6657 266 0.0
6834 273 0.0
6858 274 1.0
7082 283 0.0
7159 286 0.0
7207 288 0.0
7266 290 0.0
7283 291 0.0
7304 292 0.0
7359 294 0.0
7418 296 0.0
7419 296 0.0
7487 299 0.0
7511 300 0.0
7587 303 0.0
7585 303 0.0
7610 304 0.0
7656 306 0.0
7683 307 0.0
7745 309 1.0
7734 309 1.0
7814 312 0.0
7865 314 0.0
7887 315 0.0
7905 316 0.0
7996 319 0.0
8060 322 0.0
8182 327 0.0
8213 328 0.0
8231 329 0.0
8270 330 1.0
8318 332 0.0
8326 333 0.0
8356 334 0.0
8392 335 0.0
8381 335 0.0
8424 336 1.0
8411 336 1.0
8444 337 0.0
8488 339 0.0
8502 340 0.0
8544 341 0.0
8623 344 0.0
8630 345 0.0
8761 350 0.0
8786 351 0.0
8804 352 0.0
8895 355 0.0
8936 357 0.0
8948 357 0.0
8999 359 0.0
9099 363 0.0
9120 364 0.0
9330 373 0.0
9361 374 0.0
9414 376 0.0
9431 377 0.0
9481 379 0.0
9580 383 0.0
9731 389 0.0
9766 390 0.0
9763 390 0.0
9795 391 0.0
9817 392 0.0
9867 394 0.0
10008 400 0.0
10059 402 1.0
10109 404 0.0
10149 405 0.0
10171 406 0.0
10269 410 0.0
10304 412 0.0
10311 412 0.0
10342 413 0.0
10402 416 0.0
10449 417 0.0
10488 419 0.0
10543 421 0.0
10556 422 0.0
10614 424 0.0
10707 428 0.0
10791 431 0.0
10835 433 0.0
10857 434 0.0
10995 439 0.0
11030 441 1.0
11197 447 0.0
11213 448 0.0
11258 450 0.0
11308 452 0.0
11330 453 0.0
11388 455 0.0
11409 456 0.0
11512 460 0.0
11527 461 0.0
11634 465 0.0
11739 469 0.0
11755 470 0.0
11807 472 0.0
11837 473 0.0
11921 476 0.0
11981 479 0.0
12060 482 1.0
12113 484 0.0
12129 485 0.0
12262 490 0.0
12284 491 0.0
12317 492 0.0
12545 501 0.0
12565 502 0.0
12582 503 0.0
12630 505 0.0
12658 506 0.0
12682 507 0.0
12785 511 1.0
12805 512 0.0
12858 514 0.0
12854 514 0.0
12878 515 1.0
12905 516 0.0
12997 519 1.0
12989 519 1.0
13046 521 0.0
13057 522 0.0
13259 530 0.0
13330 533 0.0
13469 538 0.0
13471 538 0.0
13558 542 0.0
13685 547 0.0
13753 550 0.0
13805 552 0.0
14034 561 0.0
14036 561 0.0
14055 562 0.0
14210 568 0.0
14280 571 1.0
14308 572 0.0
14346 573 0.0
14378 575 0.0
14409 576 0.0
14460 578 0.0
14458 578 0.0
14488 579 1.0
14562 582 0.0
14606 584 0.0
14608 584 0.0
14649 585 0.0
14848 593 0.0
15006 600 1.0
15047 601 1.0
15031 601 1.0
15139 605 1.0
15186 607 1.0
15208 608 1.0
15254 610 1.0
15279 611 1.0
15315 612 1.0
15361 614 1.0
15396 615 1.0
15456 618 1.0
15487 619 1.0
15635 625 1.0
15655 626 1.0
15681 627 1.0
15803 632 1.0
15861 634 1.0
15936 637 1.0
16194 647 1.0
16238 649 1.0
16461 658 1.0
16633 665 1.0
16663 666 1.0
16709 668 1.0
16734 669 1.0
16813 672 1.0
16946 677 1.0
17030 681 1.0
17063 682 1.0
17323 692 1.0
17441 697 1.0
17483 699 1.0
17532 701 1.0
17728 709 1.0
17807 712 1.0
17813 712 1.0
17880 715 1.0
17942 717 1.0
18036 721 1.0
18243 729 1.0
18282 731 1.0
18343 733 1.0
18362 734 1.0
18553 742 1.0
18757 750 1.0
18861 754 1.0
19349 773 1.0
19415 776 1.0
19449 777 1.0
19562 782 1.0
19595 783 1.0
19656 786 1.0
19780 791 1.0
19864 794 1.0
19913 796 1.0
19972 798 1.0
20163 806 1.0
20210 808 1.0
20430 817 1.0
20573 822 1.0
20880 835 1.0
21002 840 1.0
21216 848 1.0
21334 853 1.0
21457 858 1.0
21510 860 1.0
21791 871 1.0
21882 875 1.0
21906 876 1.0
21939 877 1.0
22128 885 1.0
22141 885 1.0
22314 892 1.0
22479 899 1.0
1610 64 0.0
3488 139 0.0
4711 188 0.0
4815 192 0.0
5712 228 0.0
6165 246 0.0
6608 264 0.0
6892 275 0.0
6979 279 0.0
7284 291 0.0
8082 323 0.0
8358 334 0.0
8489 339 0.0
8656 346 0.0
9362 374 0.0
9605 384 0.0
10117 404 0.0
11878 475 0.0
12027 481 0.0
13331 533 0.0
13682 547 0.0
13839 553 0.0
14211 568 0.0
14230 569 0.0
14348 573 0.0
15033 601 1.0
17730 709 1.0
17810 712 1.0
18588 743 1.0
18910 756 1.0
20574 822 1.0
21235 849 1.0
21304 852 1.0
21435 857 1.0
 fin motif
# 1 target:0 c+:126 c-:246 score:40.34078646608836 score+:800.319852532554 score-:1010.0919421562136 nb:7 =l_0c_0 l_0c_9 l_0c_11 l_0c_15 l_0c_17 l_0c_7 l_0c_1 
7087 283 0.0
7287 291 0.0
15172 606 1.0
15524 620 1.0
46 1 0.0
58 2 0.0
93 3 0.0
110 4 0.0
170 6 0.0
196 7 0.0
206 8 0.0
266 10 0.0
291 11 0.0
307 12 0.0
375 15 0.0
451 18 0.0
557 22 0.0
586 23 0.0
624 24 0.0
629 25 0.0
655 26 0.0
722 28 0.0
795 31 0.0
978 39 0.0
1157 46 0.0
1187 47 0.0
1224 48 0.0
1265 50 0.0
1375 55 0.0
1427 57 0.0
1475 59 0.0
1502 60 0.0
1562 62 1.0
1661 66 0.0
1722 68 0.0
1750 70 0.0
1784 71 1.0
1825 73 0.0
1857 74 0.0
1879 75 0.0
1968 78 0.0
2012 80 0.0
2109 84 0.0
2228 89 0.0
2269 90 0.0
2299 91 0.0
2360 94 0.0
2511 100 0.0
2542 101 0.0
2569 102 0.0
2578 103 0.0
2721 108 0.0
2739 109 0.0
2779 111 0.0
2809 112 1.0
2845 113 0.0
2864 114 0.0
2885 115 0.0
2975 119 0.0
3005 120 0.0
3028 121 0.0
3093 123 0.0
3121 124 0.0
3177 127 1.0
3244 129 0.0
3293 131 0.0
3389 135 0.0
3478 139 0.0
3604 144 0.0
3693 147 0.0
3737 149 0.0
3773 150 0.0
3846 153 0.0
3875 155 0.0
3922 156 0.0
4163 166 0.0
4222 168 0.0
4242 169 0.0
4264 170 0.0
4344 173 1.0
4382 175 0.0
4419 176 0.0
4461 178 0.0
4495 179 0.0
4542 181 0.0
4575 183 0.0
4619 184 0.0
4658 186 0.0
4793 191 0.0
4845 193 0.0
4866 194 0.0
4882 195 1.0
4924 196 1.0
4950 198 0.0
4985 199 0.0
5040 201 0.0
5153 206 0.0
5240 209 0.0
5272 210 0.0
5300 212 0.0
5325 213 0.0
5364 214 0.0
5399 215 0.0
5501 220 0.0
5532 221 0.0
5577 223 0.0
5698 227 0.0
5756 230 0.0
5900 236 0.0
5941 237 0.0
5966 238 0.0
6078 243 0.0
6259 250 1.0
6318 252 0.0
6394 255 1.0
6417 256 0.0
6473 258 0.0
6544 261 1.0
6565 262 0.0
6612 264 0.0
6614 264 0.0
6642 265 0.0
6806 272 0.0
6879 275 0.0
6900 276 0.0
6970 278 0.0
7011 280 0.0
7077 283 0.0
7158 286 0.0
7265 290 0.0
7280 291 0.0
7300 292 0.0
7343 293 0.0
7355 294 0.0
7417 296 0.0
7483 299 0.0
7611 304 0.0
7662 306 0.0
7679 307 0.0
7781 311 0.0
7886 315 0.0
7912 316 0.0
8062 322 0.0
8086 323 0.0
8212 328 0.0
8355 334 0.0
8425 337 0.0
8487 339 0.0
8531 341 0.0
8637 345 0.0
8758 350 0.0
8834 353 0.0
8850 354 0.0
8894 355 0.0
8947 357 0.0
9007 360 0.0
9108 364 0.0
9289 371 0.0
9325 373 0.0
9388 375 0.0
9430 377 0.0
9450 378 1.0
9560 382 0.0
9727 389 0.0
9969 398 0.0
9991 399 0.0
10092 403 0.0
10111 404 0.0
10139 405 0.0
10170 406 0.0
10244 409 0.0
10325 413 0.0
10363 414 0.0
10377 415 1.0
10404 416 0.0
10448 417 0.0
10469 418 0.0
10490 419 0.0
10504 420 0.0
10613 424 0.0
10637 425 0.0
10750 430 0.0
10790 431 0.0
10827 433 0.0
10856 434 0.0
10893 435 0.0
10942 437 0.0
10950 438 1.0
11031 441 1.0
11196 447 0.0
11222 448 0.0
11257 450 0.0
11289 451 0.0
11307 452 0.0
11325 453 0.0
11456 458 0.0
11526 461 0.0
11646 465 0.0
11732 469 0.0
11756 470 0.0
11789 471 0.0
11932 477 0.0
11977 479 0.0
12025 481 0.0
12125 485 0.0
12201 488 0.0
12225 489 0.0
12346 493 0.0
12421 496 0.0
12441 497 0.0
12508 500 0.0
12504 500 0.0
12544 501 0.0
12580 503 0.0
12656 506 0.0
12689 507 0.0
12737 509 0.0
12804 512 0.0
12883 515 1.0
12906 516 0.0
12925 517 0.0
12952 518 0.0
12964 518 0.0
13045 521 0.0
13062 522 0.0
13150 526 0.0
13219 528 0.0
13246 529 0.0
13260 530 0.0
13286 531 1.0
13335 533 0.0
13425 537 0.0
13470 538 0.0
13593 543 0.0
13646 545 0.0
13800 552 0.0
13834 553 0.0
13950 558 0.0
14045 561 0.0
14169 566 0.0
14281 571 1.0
14317 572 0.0
14332 573 0.0
14489 579 1.0
14569 582 0.0
14596 583 0.0
14600 584 0.0
14648 585 0.0
14675 587 0.0
14725 589 0.0
14825 593 0.0
14876 595 0.0
14964 598 0.0
15185 607 1.0
15221 608 1.0
15255 610 1.0
15280 611 1.0
15398 615 1.0
15473 618 1.0
15547 621 1.0
15620 624 1.0
15721 628 1.0
15752 630 1.0
15801 632 1.0
15831 633 1.0
15928 637 1.0
15995 639 1.0
16193 647 1.0
16232 649 1.0
16252 650 1.0
16324 652 0.0
16375 655 1.0
16471 658 1.0
16568 662 1.0
16600 664 1.0
16625 665 1.0
16675 667 1.0
16708 668 1.0
16752 670 1.0
16791 671 1.0
16809 672 1.0
16997 679 1.0
17050 682 1.0
17100 684 1.0
17157 686 1.0
17342 693 1.0
17374 694 1.0
17442 697 1.0
17484 699 1.0
17500 700 1.0
17526 701 1.0
17586 703 1.0
17600 704 1.0
17632 705 1.0
17650 706 1.0
17675 707 1.0
17725 709 1.0
17772 710 1.0
17815 712 1.0
17825 713 1.0
17875 715 1.0
18091 723 1.0
18223 728 1.0
18242 729 1.0
18322 732 1.0
18550 742 1.0
18600 744 1.0
18722 748 1.0
18733 749 1.0
18860 754 1.0
19037 761 1.0
19272 770 1.0
19282 771 1.0
19300 772 1.0
19462 778 1.0
19594 783 1.0
19797 791 1.0
19796 791 1.0
19894 795 1.0
19900 796 1.0
19975 799 1.0
20034 801 1.0
20162 806 1.0
20206 808 1.0
20292 811 1.0
20420 816 1.0
20548 821 1.0
20570 822 1.0
20718 828 1.0
20833 833 1.0
20876 835 1.0
21000 840 1.0
21059 842 1.0
21150 846 1.0
21215 848 1.0
21249 849 1.0
21275 851 1.0
21392 855 1.0
21453 858 1.0
21693 867 1.0
21706 868 1.0
21741 869 1.0
21738 869 1.0
21845 873 1.0
22025 881 1.0
22075 883 1.0
22142 885 1.0
22304 892 1.0
22365 894 1.0
22377 895 1.0
22400 896 1.0
22425 897 1.0
22451 898 1.0
684 27 0.0
787 31 0.0
829 33 0.0
1785 71 1.0
2662 106 0.0
3379 135 0.0
3991 159 0.0
4058 162 0.0
4540 181 0.0
5003 200 0.0
5287 211 0.0
5415 216 0.0
7582 303 0.0
8013 320 1.0
8621 344 0.0
9133 365 1.0
9405 376 0.0
10714 428 0.0
12115 484 0.0
12253 490 0.0
12553 502 0.0
12634 505 0.0
13031 521 0.0
13777 551 0.0
14305 572 0.0
15003 600 1.0
15229 609 1.0
17006 680 1.0
17943 717 1.0
18037 721 1.0
18881 755 1.0
20460 818 1.0
 fin motif
# 2 target:0 c+:80 c-:181 score:36.50148265606508 score+:429.4570316305243 score-:641.1656310357017 nb:8 =l_0c_6 l_0c_11 l_0c_9 l_0c_3 l_0c_5 l_0c_7 l_0c_2 l_0c_1 
376 15 0.0
1335 53 0.0
2414 96 0.0
3079 123 0.0
3242 129 0.0
5054 202 0.0
6758 270 0.0
7911 316 0.0
9956 398 0.0
12978 519 1.0
13151 526 0.0
14766 590 0.0
15909 636 1.0
17779 711 1.0
2772 110 0.0
4313 172 0.0
7016 280 0.0
7567 302 0.0
8287 331 0.0
9297 371 0.0
10437 417 0.0
13383 535 0.0
13929 557 0.0
18537 741 1.0
19084 763 1.0
3206 128 0.0
5469 218 0.0
6739 269 0.0
9317 372 0.0
10330 413 0.0
11581 463 0.0
2 0 0.0
66 2 0.0
55 2 0.0
189 7 0.0
248 9 0.0
387 15 0.0
444 17 0.0
466 18 0.0
526 21 0.0
590 23 0.0
684 27 0.0
687 27 0.0
753 30 0.0
787 31 0.0
788 31 0.0
828 33 0.0
829 33 0.0
863 34 0.0
895 35 0.0
906 36 1.0
1007 40 0.0
1131 45 0.0
1255 50 0.0
1329 53 0.0
1410 56 1.0
1464 58 1.0
1513 60 0.0
1531 61 0.0
1665 66 0.0
1785 71 1.0
1792 71 1.0
1840 73 0.0
1919 76 0.0
1982 79 1.0
2027 81 0.0
2121 84 0.0
2302 92 0.0
2433 97 0.0
2617 104 0.0
2662 106 0.0
2661 106 0.0
2831 113 0.0
2861 114 0.0
2882 115 0.0
2958 118 1.0
3152 126 0.0
3208 128 0.0
3229 129 0.0
3311 132 0.0
3360 134 0.0
3379 135 0.0
3378 135 0.0
3549 141 0.0
3760 150 0.0
3830 153 0.0
3990 159 0.0
3991 159 0.0
4031 161 0.0
4058 162 0.0
4062 162 0.0
4208 168 0.0
4241 169 0.0
4291 171 0.0
4539 181 0.0
4540 181 0.0
4688 187 0.0
4722 188 0.0
4857 194 0.0
4883 195 1.0
4956 198 0.0
5012 200 0.0
5003 200 0.0
5039 201 0.0
5063 202 0.0
5088 203 0.0
5203 208 0.0
5261 210 0.0
5292 211 0.0
5287 211 0.0
5316 212 0.0
5331 213 0.0
5415 216 0.0
5423 216 0.0
5472 218 0.0
5468 218 0.0
5507 220 0.0
5585 223 0.0
5737 229 0.0
5769 230 0.0
5818 232 0.0
5831 233 0.0
5940 237 0.0
6022 240 0.0
6180 247 0.0
6225 249 0.0
6361 254 0.0
6377 255 1.0
6406 256 0.0
6439 257 0.0
6466 258 0.0
6567 262 0.0
6579 263 0.0
6632 265 0.0
6660 266 0.0
6738 269 0.0
6742 269 0.0
6993 279 0.0
7156 286 0.0
7195 287 0.0
7543 301 0.0
7580 303 0.0
7582 303 0.0
7640 305 1.0
7795 311 0.0
7948 317 0.0
8011 320 1.0
8013 320 1.0
8036 321 0.0
8121 324 0.0
8135 325 0.0
8286 331 0.0
8332 333 0.0
8528 341 0.0
8621 344 0.0
8614 344 0.0
8647 345 0.0
8764 350 0.0
8802 352 0.0
8836 353 0.0
9033 361 0.0
9134 365 1.0
9133 365 1.0
9162 366 1.0
9231 369 0.0
9253 370 0.0
9299 371 0.0
9405 376 0.0
9409 376 0.0
9513 380 0.0
9610 384 0.0
9756 390 0.0
9858 394 0.0
9892 395 0.0
10133 405 0.0
10208 408 0.0
10255 410 0.0
10333 413 0.0
10329 413 0.0
10358 414 0.0
10439 417 0.0
10462 418 0.0
10644 425 0.0
10683 427 0.0
10714 428 0.0
10713 428 0.0
10847 433 0.0
10873 434 0.0
10904 436 0.0
11059 442 0.0
11209 448 0.0
11343 453 0.0
11500 460 0.0
11580 463 0.0
11858 474 0.0
12012 480 0.0
12063 482 1.0
12115 484 0.0
12116 484 0.0
12132 485 0.0
12192 487 0.0
12253 490 0.0
12257 490 0.0
12309 492 0.0
12385 495 0.0
12407 496 0.0
12431 497 0.0
12556 502 0.0
12553 502 0.0
12611 504 0.0
12635 505 0.0
12634 505 0.0
12706 508 0.0
12755 510 0.0
12779 511 1.0
12834 513 0.0
12897 515 1.0
12911 516 0.0
12986 519 1.0
13010 520 0.0
13031 521 0.0
13035 521 0.0
13060 522 0.0
13171 526 0.0
13217 528 0.0
13262 530 0.0
13377 535 0.0
13517 540 0.0
13590 543 0.0
13640 545 0.0
13780 551 0.0
13777 551 0.0
13931 557 0.0
13980 559 0.0
13984 559 0.0
14018 560 0.0
14067 562 0.0
14087 563 0.0
14234 569 0.0
14305 572 0.0
14304 572 0.0
14517 580 0.0
14565 582 0.0
14852 594 0.0
14941 597 0.0
15003 600 1.0
15021 600 1.0
15163 606 1.0
15229 609 1.0
15228 609 1.0
15337 613 1.0
15391 615 1.0
15441 617 1.0
15512 620 1.0
15586 623 1.0
15588 623 1.0
15608 624 1.0
15658 626 1.0
15684 627 1.0
15881 635 1.0
15914 636 1.0
16011 640 1.0
16052 642 1.0
16308 652 0.0
16346 653 1.0
16369 654 1.0
16383 655 1.0
16455 658 1.0
16920 676 1.0
16956 678 1.0
16990 679 1.0
17007 680 1.0
17006 680 1.0
17161 686 1.0
17228 689 1.0
17538 701 1.0
17663 706 1.0
17711 708 1.0
17743 709 1.0
17855 714 1.0
17943 717 1.0
17944 717 1.0
17989 719 1.0
18038 721 1.0
18037 721 1.0
18166 726 1.0
18358 734 1.0
18539 741 1.0
18556 742 1.0
18781 751 1.0
18881 755 1.0
18884 755 1.0
19053 762 1.0
19086 763 1.0
19184 767 1.0
19220 768 1.0
19351 774 1.0
19590 783 1.0
19933 797 1.0
20191 807 1.0
20460 818 1.0
20461 818 1.0
20492 819 1.0
20885 835 1.0
20979 839 1.0
21357 854 1.0
21381 855 1.0
21508 860 1.0
21671 866 1.0
21712 868 1.0
21742 869 1.0
21777 871 1.0
21848 873 1.0
21921 876 1.0
21953 878 1.0
22033 881 1.0
22067 882 1.0
6138 245 0.0
9313 372 0.0
 fin motif
# 3 target:0 c+:281 c-:470 score:35.10654042880094 score+:2846.084023587982 score-:3049.701958075027 nb:8 =l_0c_12 l_0c_8 l_0c_17 l_0c_3 l_0c_7 l_0c_4 l_0c_18 l_0c_6 
6759 270 0.0
24 0 0.0
49 1 0.0
72 2 0.0
99 3 0.0
116 4 0.0
148 5 0.0
174 6 0.0
198 7 0.0
249 9 0.0
296 11 0.0
349 13 0.0
374 14 0.0
424 16 0.0
448 17 0.0
467 18 0.0
494 19 1.0
524 20 0.0
549 21 0.0
574 22 0.0
593 23 0.0
638 25 0.0
671 26 0.0
697 27 0.0
724 28 0.0
746 29 0.0
774 30 0.0
799 31 0.0
824 32 0.0
845 33 0.0
873 34 0.0
897 35 0.0
924 36 1.0
948 37 0.0
999 39 0.0
1023 40 0.0
1049 41 0.0
1074 42 0.0
1099 43 0.0
1124 44 0.0
1135 45 0.0
1174 46 0.0
1199 47 0.0
1249 49 0.0
1267 50 0.0
1299 51 1.0
1324 52 1.0
1345 53 0.0
1374 54 0.0
1396 55 0.0
1424 56 1.0
1449 57 0.0
1473 58 1.0
1496 59 0.0
1548 61 0.0
1574 62 1.0
1599 63 0.0
1624 64 0.0
1649 65 0.0
1667 66 0.0
1699 67 0.0
1724 68 0.0
1749 69 0.0
1774 70 0.0
1822 72 0.0
1849 73 0.0
1899 75 0.0
1944 77 0.0
1974 78 0.0
1998 79 1.0
2024 80 0.0
2043 81 0.0
2073 82 0.0
2099 83 0.0
2124 84 0.0
2149 85 0.0
2174 86 0.0
2222 88 0.0
2248 89 0.0
2274 90 0.0
2324 92 0.0
2374 94 0.0
2399 95 0.0
2421 96 0.0
2449 97 0.0
2473 98 0.0
2498 99 0.0
2519 100 0.0
2549 101 0.0
2574 102 0.0
2599 103 0.0
2624 104 0.0
2674 106 0.0
2699 107 0.0
2724 108 0.0
2749 109 0.0
2799 111 0.0
2849 113 0.0
2871 114 0.0
2892 115 0.0
2921 116 0.0
2947 117 0.0
2973 118 1.0
3021 120 0.0
3048 121 0.0
3074 122 0.0
3099 123 0.0
3124 124 0.0
3149 125 0.0
3173 126 0.0
3199 127 1.0
3221 128 0.0
3248 129 0.0
3272 130 1.0
3299 131 0.0
3320 132 0.0
3374 134 0.0
3396 135 0.0
3424 136 0.0
3448 137 0.0
3469 138 0.0
3524 140 0.0
3573 142 0.0
3599 143 0.0
3624 144 0.0
3648 145 0.0
3674 146 0.0
3699 147 0.0
3723 148 0.0
3749 149 0.0
3797 151 0.0
3824 152 0.0
3848 153 0.0
3874 154 1.0
3899 155 0.0
3924 156 0.0
3938 157 0.0
3974 158 0.0
3999 159 0.0
4024 160 1.0
4049 161 0.0
4097 163 0.0
4124 164 0.0
4149 165 0.0
4174 166 0.0
4190 167 1.0
4224 168 0.0
4247 169 0.0
4272 170 0.0
4299 171 0.0
4324 172 0.0
4349 173 1.0
4374 174 0.0
4399 175 0.0
4421 176 0.0
4447 177 1.0
4470 178 0.0
4524 180 0.0
4574 182 0.0
4599 183 0.0
4624 184 0.0
4648 185 0.0
4674 186 0.0
4739 189 0.0
4774 190 0.0
4799 191 0.0
4824 192 0.0
4849 193 0.0
4867 194 0.0
4898 195 1.0
4946 197 0.0
4971 198 0.0
4999 199 0.0
5021 200 0.0
5043 201 0.0
5072 202 0.0
5099 203 0.0
5147 205 0.0
5197 207 0.0
5223 208 0.0
5247 209 0.0
5274 210 0.0
5294 211 0.0
5320 212 0.0
5371 214 0.0
5424 216 0.0
5449 217 0.0
5473 218 0.0
5499 219 0.0
5524 220 0.0
5544 221 0.0
5574 222 0.0
5624 224 0.0
5649 225 0.0
5674 226 0.0
5699 227 0.0
5749 229 0.0
5771 230 0.0
5795 231 0.0
5824 232 0.0
5848 233 0.0
5871 234 1.0
5899 235 0.0
5924 236 0.0
5949 237 0.0
5974 238 0.0
5999 239 0.0
6024 240 0.0
6098 243 0.0
6116 244 0.0
6143 245 0.0
6174 246 0.0
6199 247 0.0
6224 248 0.0
6249 249 0.0
6266 250 1.0
6324 252 0.0
6345 253 0.0
6369 254 0.0
6399 255 1.0
6424 256 0.0
6449 257 0.0
6496 259 0.0
6524 260 0.0
6547 261 1.0
6574 262 0.0
6596 263 0.0
6617 264 0.0
6649 265 0.0
6672 266 0.0
6724 268 0.0
6749 269 0.0
6799 271 0.0
6814 272 0.0
6849 273 0.0
6874 274 1.0
6899 275 0.0
6924 276 0.0
6949 277 0.0
6974 278 0.0
6995 279 0.0
7024 280 0.0
7046 281 0.0
7097 283 0.0
7124 284 0.0
7174 286 0.0
7223 288 0.0
7237 289 0.0
7274 290 0.0
7297 291 0.0
7323 292 0.0
7346 293 0.0
7363 294 0.0
7399 295 0.0
7424 296 0.0
7447 297 0.0
7468 298 0.0
7489 299 0.0
7521 300 0.0
7548 301 0.0
7574 302 0.0
7592 303 0.0
7624 304 0.0
7649 305 1.0
7666 306 0.0
7699 307 0.0
7724 308 0.0
7749 309 1.0
7772 310 0.0
7823 312 0.0
7846 313 1.0
7899 315 0.0
7924 316 0.0
7949 317 0.0
7974 318 0.0
7999 319 0.0
8024 320 1.0
8042 321 0.0
8074 322 0.0
8099 323 0.0
8174 326 0.0
8199 327 0.0
8224 328 0.0
8249 329 0.0
8294 331 0.0
8323 332 0.0
8346 333 0.0
8372 334 0.0
8396 335 0.0
8448 337 0.0
8469 338 0.0
8499 339 0.0
8523 340 0.0
8549 341 0.0
8574 342 0.0
8599 343 0.0
8649 345 0.0
8674 346 0.0
8699 347 0.0
8724 348 0.0
8741 349 0.0
8773 350 0.0
8799 351 0.0
8824 352 0.0
8843 353 0.0
8874 354 0.0
8899 355 0.0
8919 356 0.0
8949 357 0.0
8974 358 0.0
9024 360 0.0
9049 361 0.0
9074 362 0.0
9122 364 0.0
9149 365 1.0
9174 366 1.0
9189 367 0.0
9223 368 0.0
9249 369 0.0
9270 370 0.0
9321 372 0.0
9349 373 0.0
9374 374 0.0
9391 375 0.0
9424 376 0.0
9449 377 0.0
9474 378 1.0
9499 379 0.0
9524 380 0.0
9543 381 0.0
9596 383 0.0
9621 384 0.0
9699 387 0.0
9722 388 0.0
9774 390 0.0
9799 391 0.0
9824 392 0.0
9872 394 0.0
9899 395 0.0
9973 398 0.0
9993 399 0.0
10022 400 0.0
10061 402 1.0
10097 403 0.0
10124 404 0.0
10199 407 0.0
10249 409 0.0
10274 410 0.0
10294 411 0.0
10349 413 0.0
10371 414 0.0
10399 415 1.0
10418 416 0.0
10471 418 0.0
10499 419 0.0
10523 420 0.0
10574 422 0.0
10597 423 0.0
10620 424 0.0
10645 425 0.0
10697 427 0.0
10722 428 0.0
10740 429 0.0
10774 430 0.0
10874 434 0.0
10924 436 0.0
10946 437 0.0
10972 438 1.0
10997 439 0.0
11024 440 0.0
11074 442 0.0
11096 443 0.0
11117 444 0.0
11149 445 0.0
11173 446 0.0
11199 447 0.0
11224 448 0.0
11272 450 0.0
11299 451 0.0
11315 452 0.0
11349 453 0.0
11374 454 0.0
11399 455 0.0
11422 456 0.0
11446 457 0.0
11463 458 0.0
11524 460 0.0
11549 461 0.0
11593 463 0.0
11649 465 0.0
11699 467 0.0
11724 468 0.0
11748 469 0.0
11774 470 0.0
11796 471 0.0
11824 472 0.0
11873 474 0.0
11899 475 0.0
11924 476 0.0
11949 477 0.0
11974 478 0.0
11998 479 0.0
12074 482 1.0
12099 483 0.0
12124 484 0.0
12149 485 0.0
12168 486 0.0
12198 487 0.0
12224 488 0.0
12249 489 0.0
12274 490 0.0
12295 491 0.0
12324 492 0.0
12371 494 0.0
12395 495 0.0
12424 496 0.0
12447 497 0.0
12463 498 0.0
12499 499 0.0
12517 500 0.0
12548 501 0.0
12599 503 0.0
12624 504 0.0
12649 505 0.0
12699 507 0.0
12722 508 0.0
12749 509 0.0
12764 510 0.0
12799 511 1.0
12824 512 0.0
12849 513 0.0
12862 514 0.0
12899 515 1.0
12924 516 0.0
12949 517 0.0
12974 518 0.0
13024 520 0.0
13068 522 0.0
13096 523 0.0
13116 524 0.0
13149 525 0.0
13174 526 0.0
13199 527 0.0
13224 528 0.0
13249 529 0.0
13299 531 1.0
13322 532 0.0
13349 533 0.0
13374 534 0.0
13399 535 0.0
13424 536 0.0
13448 537 0.0
13473 538 0.0
13499 539 0.0
13524 540 0.0
13546 541 0.0
13574 542 0.0
13599 543 0.0
13648 545 0.0
13672 546 0.0
13699 547 0.0
13724 548 1.0
13774 550 0.0
13799 551 0.0
13824 552 0.0
13849 553 0.0
13873 554 0.0
13891 555 0.0
13921 556 1.0
13949 557 0.0
13974 558 0.0
13997 559 0.0
14024 560 0.0
14049 561 0.0
14074 562 0.0
14099 563 0.0
14124 564 1.0
14149 565 0.0
14172 566 0.0
14195 567 0.0
14223 568 0.0
14249 569 0.0
14273 570 0.0
14299 571 1.0
14324 572 0.0
14349 573 0.0
14399 575 0.0
14424 576 0.0
14444 577 0.0
14465 578 0.0
14497 579 1.0
14520 580 0.0
14574 582 0.0
14599 583 0.0
14624 584 0.0
14672 586 0.0
14721 588 0.0
14749 589 0.0
14774 590 0.0
14799 591 0.0
14824 592 0.0
14849 593 0.0
14870 594 0.0
14924 596 1.0
14947 597 0.0
14974 598 0.0
14999 599 0.0
15024 600 1.0
15048 601 1.0
15074 602 1.0
15099 603 1.0
15118 604 1.0
15174 606 1.0
15199 607 1.0
15224 608 1.0
15274 610 1.0
15324 612 1.0
15349 613 1.0
15399 615 1.0
15424 616 1.0
15449 617 1.0
15549 621 1.0
15574 622 1.0
15593 623 1.0
15624 624 1.0
15699 627 1.0
15724 628 1.0
15749 629 1.0
15769 630 1.0
15820 632 1.0
15849 633 1.0
15874 634 1.0
15899 635 1.0
15949 637 1.0
15998 639 1.0
16024 640 1.0
16069 642 1.0
16099 643 1.0
16119 644 1.0
16145 645 1.0
16174 646 1.0
16199 647 1.0
16224 648 1.0
16245 649 1.0
16271 650 1.0
16299 651 1.0
16347 653 1.0
16374 654 1.0
16399 655 1.0
16424 656 1.0
16444 657 1.0
16474 658 1.0
16499 659 1.0
16524 660 1.0
16548 661 1.0
16574 662 1.0
16597 663 1.0
16624 664 1.0
16645 665 1.0
16674 666 1.0
16699 667 1.0
16724 668 1.0
16749 669 1.0
16774 670 1.0
16799 671 1.0
16822 672 1.0
16849 673 1.0
16874 674 1.0
16896 675 1.0
16924 676 1.0
16949 677 1.0
16971 678 1.0
16999 679 1.0
17024 680 1.0
17045 681 1.0
17074 682 1.0
17099 683 1.0
17124 684 1.0
17149 685 1.0
17174 686 1.0
17198 687 1.0
17224 688 1.0
17249 689 1.0
17274 690 1.0
17348 693 1.0
17399 695 1.0
17449 697 1.0
17474 698 1.0
17499 699 1.0
17524 700 1.0
17548 701 1.0
17598 703 1.0
17624 704 1.0
17645 705 1.0
17674 706 1.0
17699 707 1.0
17723 708 1.0
17749 709 1.0
17773 710 1.0
17799 711 1.0
17824 712 1.0
17873 714 1.0
17899 715 1.0
17949 717 1.0
17974 718 1.0
17999 719 1.0
18023 720 1.0
18048 721 1.0
18099 723 1.0
18174 726 1.0
18199 727 1.0
18249 729 1.0
18274 730 1.0
18299 731 1.0
18324 732 1.0
18349 733 1.0
18374 734 1.0
18399 735 1.0
18424 736 1.0
18449 737 1.0
18474 738 1.0
18499 739 1.0
18517 740 1.0
18549 741 1.0
18573 742 1.0
18599 743 1.0
18649 745 1.0
18671 746 1.0
18699 747 1.0
18724 748 1.0
18749 749 1.0
18774 750 1.0
18820 752 1.0
18874 754 1.0
18899 755 1.0
18945 757 1.0
18974 758 1.0
18999 759 1.0
19049 761 1.0
19124 764 1.0
19174 766 1.0
19199 767 1.0
19224 768 1.0
19249 769 1.0
19299 771 1.0
19374 774 1.0
19399 775 1.0
19424 776 1.0
19474 778 1.0
19499 779 1.0
19521 780 1.0
19574 782 1.0
19599 783 1.0
19624 784 1.0
19648 785 1.0
19674 786 1.0
19699 787 1.0
19721 788 1.0
19749 789 1.0
19774 790 1.0
19799 791 1.0
19824 792 1.0
19849 793 1.0
19873 794 1.0
19899 795 1.0
19924 796 1.0
19945 797 1.0
19974 798 1.0
20024 800 1.0
20049 801 1.0
20073 802 1.0
20122 804 1.0
20174 806 1.0
20199 807 1.0
20221 808 1.0
20249 809 1.0
20274 810 1.0
20374 814 1.0
20422 816 1.0
20447 817 1.0
20499 819 1.0
20598 823 1.0
20624 824 1.0
20674 826 1.0
20699 827 1.0
20724 828 1.0
20749 829 1.0
20774 830 1.0
20799 831 1.0
20824 832 1.0
20849 833 1.0
20899 835 1.0
20920 836 1.0
20973 838 1.0
20999 839 1.0
21024 840 1.0
21072 842 1.0
21099 843 1.0
21143 845 1.0
21165 846 1.0
21198 847 1.0
21224 848 1.0
21274 850 1.0
21296 851 1.0
21323 852 1.0
21374 854 1.0
21399 855 1.0
21424 856 1.0
21449 857 1.0
21474 858 1.0
21499 859 1.0
21524 860 1.0
21549 861 1.0
21574 862 1.0
21599 863 1.0
21624 864 1.0
21647 865 1.0
21674 866 1.0
21699 867 1.0
21723 868 1.0
21746 869 1.0
21768 870 1.0
21869 874 1.0
21899 875 1.0
21923 876 1.0
21949 877 1.0
21974 878 1.0
21999 879 1.0
22024 880 1.0
22049 881 1.0
22074 882 1.0
22098 883 1.0
22149 885 1.0
22174 886 1.0
22199 887 1.0
22220 888 1.0
22273 890 1.0
22299 891 1.0
22324 892 1.0
22349 893 1.0
22399 895 1.0
22424 896 1.0
22449 897 1.0
22470 898 1.0
22499 899 1.0
92 3 0.0
160 6 0.0
637 25 0.0
821 32 0.0
888 35 0.0
974 38 0.0
1123 44 0.0
2513 100 0.0
2774 110 0.0
4182 167 1.0
4263 170 0.0
4414 176 0.0
4559 182 0.0
6362 254 0.0
6396 255 1.0
7018 280 0.0
7117 284 0.0
7520 300 0.0
7569 302 0.0
7843 313 1.0
8037 321 0.0
8861 354 0.0
9591 383 0.0
9992 399 0.0
10388 415 1.0
10447 417 0.0
11147 445 0.0
11256 450 0.0
11461 458 0.0
12167 486 0.0
12337 493 0.0
12846 513 0.0
13218 528 0.0
13416 536 0.0
14192 567 0.0
14244 569 0.0
14518 580 0.0
14647 585 0.0
15072 602 1.0
15097 603 1.0
15270 610 1.0
15498 619 1.0
16343 653 1.0
16495 659 1.0
17264 690 1.0
17468 698 1.0
17492 699 1.0
17696 707 1.0
17968 718 1.0
18321 732 1.0
18514 740 1.0
18670 746 1.0
18694 747 1.0
19745 789 1.0
21472 858 1.0
21694 867 1.0
 fin motif
# 4 target:0 c+:23 c-:52 score:17.64105514813818 score+:288.6912679279687 score-:412.1786539649359 nb:10 =l_0c_16 l_0c_2 l_0c_6 l_0c_19 l_0c_7 l_0c_18 l_0c_1 l_0c_15 l_0c_3 l_0c_5 
6733 269 0.0
16686 667 1.0
65 2 0.0
398 15 0.0
862 34 0.0
894 35 0.0
1339 53 0.0
1512 60 0.0
2413 96 0.0
2759 110 0.0
3078 123 0.0
3208 128 0.0
3241 129 0.0
3313 132 0.0
3528 141 0.0
3763 150 0.0
3785 151 0.0
4011 160 1.0
4314 172 0.0
4621 184 0.0
5037 201 0.0
5059 202 0.0
5471 218 0.0
5584 223 0.0
6228 249 0.0
7542 301 0.0
7713 308 0.0
7910 316 0.0
8288 331 0.0
9032 361 0.0
9298 371 0.0
9461 378 1.0
9791 391 0.0
9961 398 0.0
10258 410 0.0
10332 413 0.0
11503 460 0.0
11580 463 0.0
11609 464 0.0
11857 474 0.0
12191 487 0.0
12430 497 0.0
12621 504 0.0
12909 516 0.0
12985 519 1.0
13013 520 0.0
13166 526 0.0
13384 535 0.0
13508 540 0.0
13537 541 0.0
13643 545 0.0
13930 557 0.0
13983 559 0.0
14753 590 0.0
14909 596 1.0
14993 599 0.0
15090 603 1.0
15759 630 1.0
15886 635 1.0
15913 636 1.0
16160 646 1.0
16320 652 0.0
16586 663 1.0
16636 665 1.0
16989 679 1.0
17164 686 1.0
17713 708 1.0
17778 711 1.0
17864 714 1.0
18215 728 1.0
18365 734 1.0
18538 741 1.0
19056 762 1.0
19085 763 1.0
22036 881 1.0
 fin motif
# 5 target:0 c+:90 c-:167 score:10.392856311042237 score+:410.7101893633351 score-:464.7530421807547 nb:7 =l_0c_18 l_0c_2 l_0c_5 l_0c_17 l_0c_9 l_0c_8 l_0c_15 
681 27 0.0
1980 79 1.0
2065 82 0.0
2110 84 0.0
2457 98 0.0
2530 101 0.0
2581 103 0.0
2986 119 0.0
3357 134 0.0
3543 141 0.0
3566 142 0.0
4305 172 0.0
5807 232 0.0
6219 248 0.0
6309 252 0.0
6334 253 0.0
6759 270 0.0
6931 277 0.0
7035 281 0.0
7392 295 0.0
8280 331 0.0
8680 347 0.0
8867 354 0.0
10246 409 0.0
10672 426 0.0
10823 432 1.0
11734 469 0.0
12204 488 0.0
12839 513 0.0
13078 523 0.0
13155 526 0.0
13730 549 0.0
13889 555 0.0
13908 556 1.0
13913 556 1.0
13935 557 0.0
14705 588 0.0
16061 642 1.0
16531 661 1.0
18177 727 1.0
18456 738 1.0
18560 742 1.0
18837 753 1.0
19091 763 1.0
19755 790 1.0
20405 816 1.0
20782 831 1.0
21257 850 1.0
22 0 0.0
75 3 0.0
134 5 0.0
172 6 0.0
250 10 0.0
475 19 1.0
566 22 0.0
875 35 0.0
966 38 0.0
1058 42 0.0
1100 44 0.0
1125 45 0.0
1221 48 0.0
1247 49 0.0
1304 52 1.0
1394 55 0.0
1495 59 0.0
1698 67 0.0
2091 83 0.0
2221 88 0.0
2359 94 0.0
2400 96 0.0
2425 97 0.0
2470 98 0.0
2587 103 0.0
2603 104 0.0
2772 110 0.0
2998 119 0.0
3066 122 0.0
3347 133 0.0
3394 135 0.0
3700 148 0.0
3772 150 0.0
3975 159 0.0
4045 161 0.0
4050 162 0.0
4147 165 0.0
4275 171 0.0
4425 177 1.0
4500 180 0.0
4528 181 0.0
4550 182 0.0
4773 190 0.0
4800 192 0.0
4975 199 0.0
5075 203 0.0
5100 204 0.0
5475 219 0.0
5723 228 0.0
5895 235 0.0
5920 236 0.0
6003 240 0.0
6025 241 1.0
6208 248 0.0
6432 257 0.0
6485 259 0.0
6754 270 0.0
6787 271 0.0
6850 274 1.0
6913 276 0.0
6925 277 0.0
6950 278 0.0
7016 280 0.0
7064 282 0.0
7074 282 0.0
7133 285 0.0
7275 291 0.0
7317 292 0.0
7567 302 0.0
7578 303 0.0
7721 308 0.0
7875 315 0.0
7935 317 0.0
7967 318 0.0
7991 319 0.0
8124 324 0.0
8153 326 0.0
8204 328 0.0
8225 329 0.0
8300 332 0.0
8408 336 1.0
8650 346 0.0
8697 347 0.0
8781 351 0.0
8900 356 0.0
9075 363 0.0
9100 364 0.0
9286 371 0.0
9348 373 0.0
9500 380 0.0
9525 381 0.0
9672 386 0.0
9675 387 0.0
9742 389 0.0
9848 393 0.0
9875 395 0.0
10058 402 1.0
10075 403 0.0
10224 408 0.0
10235 409 0.0
10482 419 0.0
10689 427 0.0
10737 429 0.0
10775 431 0.0
10922 436 0.0
10925 437 0.0
10969 438 1.0
10994 439 0.0
11085 443 0.0
11103 444 0.0
11375 455 0.0
11497 459 0.0
11547 461 0.0
11674 466 0.0
11697 467 0.0
11722 468 0.0
11923 476 0.0
11945 477 0.0
11970 478 0.0
12000 480 0.0
12049 481 0.0
12097 483 0.0
12350 494 0.0
12540 501 0.0
12696 507 0.0
12946 517 0.0
13111 524 0.0
13197 527 0.0
13258 530 0.0
13317 532 0.0
13405 536 0.0
13598 543 0.0
13710 548 1.0
13944 557 0.0
14022 560 0.0
14168 566 0.0
14283 571 1.0
14374 574 0.0
14419 576 0.0
14425 577 0.0
14455 578 0.0
14548 581 0.0
14575 583 0.0
14617 584 0.0
14650 586 0.0
15196 607 1.0
15234 609 1.0
15300 612 1.0
15350 614 1.0
15437 617 1.0
15700 628 1.0
15742 629 1.0
16075 643 1.0
16359 654 1.0
16400 656 1.0
16800 672 1.0
16925 677 1.0
17023 680 1.0
17275 691 1.0
17698 707 1.0
17849 713 1.0
17950 718 1.0
18000 720 1.0
18050 722 1.0
18100 724 1.0
18125 725 1.0
18350 734 1.0
18375 735 1.0
18469 738 1.0
18497 739 1.0
18700 748 1.0
18854 754 1.0
18929 757 1.0
18985 759 1.0
19100 764 1.0
19457 778 1.0
19548 781 1.0
19625 785 1.0
19729 789 1.0
19808 792 1.0
19991 799 1.0
20068 802 1.0
20075 803 1.0
20175 807 1.0
20263 810 1.0
20516 820 1.0
20625 825 1.0
20650 826 1.0
20695 827 1.0
20730 829 1.0
20750 830 1.0
20847 833 1.0
20925 837 1.0
20971 838 1.0
21040 841 1.0
21075 843 1.0
21136 845 1.0
21205 848 1.0
21319 852 1.0
21380 855 1.0
21495 859 1.0
21603 864 1.0
21865 874 1.0
22000 880 1.0
22081 883 1.0
22119 884 1.0
22168 886 1.0
22268 890 1.0
22293 891 1.0
22346 893 1.0
22462 898 1.0
22461 898 1.0
1743 69 0.0
4178 167 1.0
5482 219 0.0
6134 245 0.0
9263 370 0.0
9311 372 0.0
1632 65 0.0
7082 283 0.0
10835 433 0.0
11634 465 0.0
12284 491 0.0
 fin motif
# 6 target:0 c+:31 c-:59 score:5.9698933044861064 score+:235.3448746093905 score-:284.2979997061766 nb:12 =l_0c_10 l_0c_9 l_0c_3 l_0c_5 l_0c_11 l_0c_4 l_0c_1 l_0c_15 l_0c_17 l_0c_2 l_0c_7 l_0c_8 
60 2 0.0
176 7 0.0
527 21 0.0
827 33 0.0
857 34 0.0
1254 50 0.0
1327 53 0.0
2432 97 0.0
2612 104 0.0
2760 110 0.0
3234 129 0.0
3315 132 0.0
3377 135 0.0
3526 141 0.0
3780 151 0.0
4012 160 1.0
4237 169 0.0
4287 171 0.0
4301 172 0.0
4605 184 0.0
4884 195 1.0
5013 200 0.0
5084 203 0.0
5508 220 0.0
5826 233 0.0
5936 237 0.0
6179 247 0.0
6229 249 0.0
6357 254 0.0
6576 263 0.0
7714 308 0.0
7902 316 0.0
8032 321 0.0
8289 331 0.0
9228 369 0.0
9294 371 0.0
9462 378 1.0
9786 391 0.0
9893 395 0.0
9962 398 0.0
10251 410 0.0
10365 414 0.0
10440 417 0.0
10463 418 0.0
10633 425 0.0
10676 427 0.0
10844 433 0.0
11604 464 0.0
12427 497 0.0
12627 505 0.0
12751 510 0.0
12902 516 0.0
13213 528 0.0
13385 535 0.0
13505 540 0.0
13533 541 0.0
13632 545 0.0
14303 572 0.0
14513 580 0.0
14761 590 0.0
14905 596 1.0
14994 599 0.0
15091 603 1.0
15227 609 1.0
15426 617 1.0
15685 627 1.0
15760 630 1.0
15880 635 1.0
16161 646 1.0
16315 652 0.0
16366 654 1.0
16456 658 1.0
16577 663 1.0
16628 665 1.0
16689 667 1.0
16976 679 1.0
17008 680 1.0
17740 709 1.0
17851 714 1.0
18216 728 1.0
18366 734 1.0
18535 741 1.0
18779 751 1.0
19082 763 1.0
19926 797 1.0
20490 819 1.0
21376 855 1.0
21506 860 1.0
21727 869 1.0
22037 881 1.0
 fin motif
