# 0 target:0 c+:104 c-:404 score:371.4218951286531 score+:582.7448662421447 score-:2291.2855838339487 nb:6 =l_2c_3 l_2c_9 l_2c_7 l_2c_15 l_2c_6 l_2c_10 
98 3 1.0
245 9 0.0
299 11 0.0
424 16 0.0
495 19 0.0
570 22 0.0
620 24 0.0
646 25 0.0
670 26 0.0
705 28 1.0
774 30 0.0
795 31 0.0
845 33 0.0
870 34 0.0
895 35 0.0
983 39 0.0
1049 41 0.0
1070 42 0.0
1120 44 0.0
1149 45 0.0
1370 54 0.0
1395 55 0.0
1470 58 0.0
1524 60 0.0
1545 61 0.0
1595 63 0.0
1623 64 1.0
1720 68 0.0
1729 69 1.0
1770 70 0.0
1795 71 0.0
1870 74 0.0
1895 75 0.0
1945 77 0.0
1976 79 0.0
2045 81 0.0
2070 82 0.0
2095 83 0.0
2121 84 0.0
2270 90 0.0
2295 91 0.0
2322 92 1.0
2470 98 0.0
2549 101 0.0
2657 106 1.0
2724 108 0.0
2870 114 0.0
2899 115 0.0
2920 116 0.0
2995 119 0.0
3045 121 0.0
3058 122 1.0
3124 124 0.0
3199 127 0.0
3324 132 0.0
3395 135 0.0
3420 136 0.0
3495 139 0.0
3520 140 0.0
3545 141 0.0
3745 149 0.0
3795 151 0.0
3845 153 0.0
3895 155 0.0
3924 156 0.0
3970 158 0.0
4122 164 1.0
4170 166 0.0
4203 168 0.0
4245 169 0.0
4270 170 0.0
4295 171 0.0
4320 172 0.0
4371 174 0.0
4395 175 0.0
4424 176 0.0
4445 177 0.0
4497 179 1.0
4532 181 0.0
4570 182 0.0
4645 185 0.0
4670 186 0.0
4845 193 0.0
4896 195 0.0
4920 196 0.0
4945 197 0.0
4982 199 0.0
5020 200 0.0
5170 206 0.0
5220 208 0.0
5270 210 0.0
5299 211 0.0
5325 213 1.0
5357 214 1.0
5384 215 0.0
5446 217 0.0
5461 218 1.0
5520 220 0.0
5595 223 0.0
5645 225 0.0
5695 227 0.0
5709 228 1.0
5774 230 0.0
5821 232 0.0
5870 234 0.0
5896 235 0.0
5920 236 0.0
5970 238 0.0
6020 240 0.0
6045 241 0.0
6120 244 0.0
6149 245 0.0
6170 246 0.0
6195 247 0.0
6202 248 0.0
6245 249 0.0
6274 250 0.0
6371 254 0.0
6395 255 0.0
6499 259 0.0
6545 261 0.0
6570 262 0.0
6595 263 0.0
6620 264 0.0
6695 267 0.0
6745 269 0.0
6895 275 0.0
6920 276 0.0
6927 277 1.0
6970 278 0.0
7000 280 1.0
7071 282 0.0
7084 283 0.0
7120 284 0.0
7126 285 1.0
7170 286 0.0
7195 287 0.0
7345 293 0.0
7374 294 0.0
7395 295 0.0
7445 297 0.0
7450 298 0.0
7495 299 0.0
7546 301 0.0
7570 302 0.0
7595 303 0.0
7647 305 1.0
7670 306 0.0
7685 307 1.0
7748 309 1.0
7812 312 1.0
7870 314 0.0
7899 315 0.0
7920 316 0.0
7945 317 0.0
7973 318 1.0
7995 319 0.0
8021 320 0.0
8049 321 0.0
8071 322 0.0
8200 328 1.0
8245 329 0.0
8258 330 1.0
8299 331 0.0
8370 334 0.0
8406 336 1.0
8432 337 0.0
8520 340 0.0
8545 341 0.0
8574 342 0.0
8595 343 0.0
8620 344 0.0
8649 345 0.0
8720 348 0.0
8774 350 0.0
8845 353 0.0
8870 354 0.0
8920 356 0.0
8949 357 0.0
8970 358 0.0
9020 360 0.0
9070 362 0.0
9107 364 0.0
9196 367 0.0
9220 368 0.0
9270 370 0.0
9303 372 0.0
9345 373 0.0
9427 377 0.0
9545 381 0.0
9596 383 0.0
9785 391 0.0
9800 392 1.0
9920 396 0.0
9984 399 1.0
10020 400 0.0
10028 401 0.0
10139 405 1.0
10199 407 0.0
10220 408 0.0
10273 410 1.0
10345 413 0.0
10524 420 0.0
10574 422 0.0
10620 424 0.0
10645 425 0.0
10670 426 0.0
10795 431 0.0
10824 432 0.0
10829 433 0.0
10870 434 0.0
10895 435 0.0
10920 436 0.0
10945 437 0.0
10973 438 1.0
10997 439 1.0
11020 440 0.0
11195 447 0.0
11200 448 1.0
11236 449 1.0
11252 450 1.0
11320 452 0.0
11345 453 0.0
11370 454 0.0
11470 458 0.0
11495 459 0.0
11520 460 0.0
11549 461 0.0
11620 464 0.0
11634 465 0.0
11674 466 0.0
11695 467 0.0
11745 469 0.0
11770 470 0.0
11795 471 0.0
11845 473 0.0
11870 474 0.0
11977 479 1.0
12046 481 0.0
12145 485 0.0
12174 486 0.0
12195 487 0.0
12245 489 0.0
12345 493 0.0
12370 494 0.0
12395 495 0.0
12445 497 0.0
12545 501 0.0
12570 502 0.0
12695 507 0.0
12728 509 1.0
12770 510 0.0
12820 512 0.0
12846 513 0.0
12870 514 0.0
12877 515 1.0
12920 516 0.0
12949 517 0.0
12977 519 0.0
13020 520 0.0
13095 523 0.0
13120 524 0.0
13245 529 0.0
13295 531 0.0
13345 533 0.0
13375 535 0.0
13420 536 0.0
13445 537 0.0
13450 538 1.0
13495 539 0.0
13520 540 0.0
13545 541 0.0
13570 542 0.0
13596 543 0.0
13620 544 0.0
13745 549 0.0
13795 551 0.0
13845 553 0.0
13921 556 0.0
13949 557 0.0
14030 561 1.0
14120 564 0.0
14195 567 0.0
14200 568 0.0
14270 570 0.0
14346 573 0.0
14356 574 0.0
14420 576 0.0
14445 577 0.0
14470 578 0.0
14520 580 0.0
14545 581 0.0
14645 585 0.0
14720 588 0.0
14749 589 0.0
14766 590 0.0
14895 595 0.0
14920 596 0.0
15024 600 0.0
15095 603 0.0
15170 606 0.0
15195 607 0.0
15270 610 0.0
15296 611 0.0
15450 618 1.0
15495 619 0.0
15545 621 0.0
15596 623 0.0
15620 624 0.0
15795 631 0.0
15820 632 0.0
15895 635 0.0
15903 636 0.0
15925 637 1.0
15970 638 0.0
16020 640 0.0
16045 641 0.0
16070 642 0.0
16120 644 0.0
16145 645 0.0
16270 650 0.0
16382 655 1.0
16471 658 0.0
16520 660 0.0
16620 664 0.0
16645 665 0.0
16695 667 0.0
16745 669 0.0
16826 673 1.0
16874 674 0.0
16895 675 0.0
16900 676 0.0
16945 677 0.0
16972 678 1.0
16995 679 0.0
17095 683 0.0
17145 685 0.0
17170 686 0.0
17221 688 0.0
17395 695 0.0
17432 697 0.0
17474 698 0.0
17695 707 0.0
17834 713 0.0
17870 714 0.0
17903 716 0.0
17995 719 0.0
18095 723 0.0
18120 724 0.0
18146 725 0.0
18174 726 0.0
18195 727 0.0
18220 728 0.0
18245 729 0.0
18271 730 0.0
18295 731 0.0
18499 739 0.0
18620 744 0.0
18648 745 1.0
18845 753 0.0
18924 756 0.0
18970 758 0.0
18985 759 0.0
19170 766 0.0
19203 768 1.0
19259 770 1.0
19324 772 0.0
19370 774 0.0
19445 777 0.0
19571 782 0.0
19624 784 0.0
19645 785 0.0
19720 788 0.0
19745 789 0.0
548 21 0.0
624 24 0.0
896 35 0.0
1223 48 0.0
2996 119 0.0
4246 169 0.0
4523 180 0.0
4698 187 0.0
6196 247 0.0
6571 262 0.0
6749 269 0.0
6798 271 0.0
7499 299 0.0
8371 334 0.0
8524 340 0.0
8549 341 0.0
10674 426 0.0
11321 452 0.0
11496 459 0.0
12346 493 0.0
12549 501 0.0
13249 529 0.0
13998 559 0.0
15274 610 0.0
16723 668 0.0
16746 669 0.0
17149 685 0.0
17699 707 0.0
17871 714 0.0
19023 760 0.0
19446 777 0.0
124 4 0.0
178 7 1.0
205 8 1.0
350 14 1.0
425 17 1.0
475 19 0.0
508 20 0.0
574 22 0.0
575 23 1.0
674 26 0.0
735 29 1.0
799 31 0.0
849 33 0.0
874 34 0.0
916 36 1.0
1024 40 0.0
1071 42 0.0
1124 44 0.0
1178 47 1.0
1374 54 0.0
1378 55 0.0
1446 57 0.0
1471 58 0.0
1599 63 0.0
1658 66 1.0
1724 68 0.0
1774 70 0.0
1799 71 0.0
1871 74 0.0
1899 75 0.0
1949 77 0.0
2049 81 0.0
2074 82 0.0
2096 83 0.0
2246 89 0.0
2299 91 0.0
2349 93 0.0
2396 95 0.0
2449 97 0.0
2474 98 0.0
2599 103 0.0
2625 105 1.0
2684 107 1.0
2778 111 1.0
2871 114 0.0
2924 116 0.0
3049 121 0.0
3099 123 0.0
3253 130 1.0
3277 131 1.0
3399 135 0.0
3421 136 0.0
3446 137 0.0
3452 138 0.0
3481 139 0.0
3524 140 0.0
3549 141 0.0
3550 142 1.0
3575 143 0.0
3633 145 1.0
3699 147 0.0
3749 149 0.0
3752 150 1.0
3799 151 0.0
3899 155 0.0
3974 158 0.0
4052 162 1.0
4171 166 0.0
4274 170 0.0
4296 171 0.0
4396 175 0.0
4446 177 0.0
4574 182 0.0
4649 185 0.0
4674 186 0.0
4775 191 0.0
4846 193 0.0
4871 194 0.0
4924 196 0.0
4952 198 1.0
5101 204 1.0
5174 206 0.0
5221 208 0.0
5524 220 0.0
5599 223 0.0
5649 225 0.0
5699 227 0.0
5874 234 0.0
5921 236 0.0
5934 237 1.0
5953 238 0.0
5999 239 0.0
6021 240 0.0
6121 244 0.0
6171 246 0.0
6249 249 0.0
6399 255 0.0
6509 260 1.0
6599 263 0.0
6624 264 0.0
6699 267 0.0
6774 270 0.0
6800 272 1.0
6849 273 0.0
6855 274 1.0
6899 275 0.0
6924 276 0.0
6971 278 0.0
7174 286 0.0
7199 287 0.0
7221 288 0.0
7349 293 0.0
7399 295 0.0
7449 297 0.0
7574 302 0.0
7760 310 1.0
7871 314 0.0
7946 317 0.0
8174 326 0.0
8199 327 0.0
8246 329 0.0
8399 335 0.0
8596 343 0.0
8621 344 0.0
8658 346 1.0
8724 348 0.0
8799 351 0.0
8800 352 1.0
8846 353 0.0
8924 356 0.0
8971 358 0.0
9024 360 0.0
9149 365 0.0
9221 368 0.0
9349 373 0.0
9374 374 0.0
9424 376 0.0
9500 380 0.0
9549 381 0.0
9621 384 0.0
9699 387 0.0
9725 389 1.0
9756 390 0.0
9846 393 0.0
9899 395 0.0
9924 396 0.0
9946 397 0.0
10024 400 0.0
10349 413 0.0
10353 414 1.0
10378 415 1.0
10425 417 1.0
10475 419 0.0
10621 424 0.0
10649 425 0.0
10699 427 0.0
10749 429 0.0
10771 430 0.0
10778 431 0.0
10874 434 0.0
10899 435 0.0
10924 436 0.0
10949 437 0.0
11024 440 0.0
11027 441 1.0
11346 453 0.0
11371 454 0.0
11439 457 1.0
11471 458 0.0
11524 460 0.0
11699 467 0.0
11704 468 1.0
11774 470 0.0
11799 471 0.0
11804 472 1.0
11849 473 0.0
11871 474 0.0
11955 478 1.0
12074 482 0.0
12078 483 0.0
12102 484 1.0
12149 485 0.0
12199 487 0.0
12221 488 0.0
12249 489 0.0
12374 494 0.0
12399 495 0.0
12421 496 0.0
12449 497 0.0
12574 502 0.0
12588 503 1.0
12696 507 0.0
12774 510 0.0
12824 512 0.0
12874 514 0.0
12924 516 0.0
13024 520 0.0
13099 523 0.0
13121 524 0.0
13175 527 0.0
13228 529 0.0
13300 532 1.0
13349 533 0.0
13421 536 0.0
13446 537 0.0
13521 540 0.0
13549 541 0.0
13610 544 0.0
13749 549 0.0
13774 550 0.0
13799 551 0.0
13849 553 0.0
13971 558 0.0
14050 562 1.0
14125 565 0.0
14199 567 0.0
14221 568 0.0
14274 570 0.0
14296 571 0.0
14300 572 1.0
14437 577 0.0
14471 578 0.0
14524 580 0.0
14535 581 0.0
14659 586 0.0
14721 588 0.0
14899 595 0.0
14975 599 1.0
15049 601 0.0
15071 602 0.0
15099 603 0.0
15101 604 1.0
15127 605 1.0
15174 606 0.0
15175 607 0.0
15499 619 0.0
15549 621 0.0
15621 624 0.0
15671 626 0.0
15799 631 0.0
15824 632 0.0
15826 633 1.0
15899 635 0.0
16024 640 0.0
16049 641 0.0
16074 642 0.0
16124 644 0.0
16149 645 0.0
16200 648 1.0
16401 656 1.0
16524 660 0.0
16579 663 1.0
16659 666 1.0
16699 667 0.0
16801 672 1.0
16899 675 0.0
16999 679 0.0
17062 682 1.0
17099 683 0.0
17171 686 0.0
17246 689 0.0
17399 695 0.0
17496 699 0.0
17626 705 0.0
17700 708 1.0
17899 715 0.0
17999 719 0.0
18046 721 0.0
18099 723 0.0
18224 728 0.0
18249 729 0.0
18296 731 0.0
18449 737 0.0
18621 744 0.0
18707 748 1.0
18849 753 0.0
18854 754 1.0
19080 763 1.0
19174 766 0.0
19246 769 0.0
19371 774 0.0
19471 778 0.0
19526 781 1.0
19646 785 0.0
19650 786 1.0
19724 788 0.0
19749 789 0.0
19880 795 1.0
1546 61 0.0
2271 90 0.0
3846 153 0.0
4949 197 0.0
7674 306 0.0
13499 539 0.0
14124 564 0.0
16274 650 0.0
17449 697 0.0
18124 724 0.0
18196 727 0.0
246 9 0.0
3496 139 0.0
4321 172 0.0
5021 200 0.0
5274 210 0.0
6049 241 0.0
6546 261 0.0
7921 316 0.0
7999 319 0.0
9074 362 0.0
9274 370 0.0
10224 408 0.0
11196 447 0.0
11746 469 0.0
13299 531 0.0
13574 542 0.0
14421 576 0.0
14646 585 0.0
15974 638 0.0
16624 664 0.0
18974 758 0.0
7124 284 0.0
7596 303 0.0
8871 354 0.0
11624 464 0.0
14921 596 0.0
16646 665 0.0
16949 677 0.0
1323 52 0.0
8895 355 0.0
8996 359 0.0
9095 363 0.0
14024 560 0.0
17674 706 0.0
17824 712 0.0
19074 762 0.0
19599 783 0.0
 fin motif
# 1 target:0 c+:161 c-:404 score:102.5094272575781 score+:607.2541984120196 score-:1140.3032201514256 nb:7 =l_2c_12 l_2c_5 l_2c_1 l_2c_4 l_2c_10 l_2c_13 l_2c_18 
8 0 1.0
99 3 1.0
98 3 1.0
177 7 1.0
245 9 0.0
253 10 1.0
299 11 0.0
424 16 0.0
495 19 0.0
545 21 0.0
570 22 0.0
620 24 0.0
646 25 0.0
670 26 0.0
705 28 1.0
774 30 0.0
795 31 0.0
831 33 0.0
845 33 0.0
870 34 0.0
895 35 0.0
983 39 0.0
1000 40 0.0
1049 41 0.0
1070 42 0.0
1075 43 1.0
1120 44 0.0
1149 45 0.0
1220 48 0.0
1230 49 1.0
1333 53 1.0
1370 54 0.0
1395 55 0.0
1470 58 0.0
1486 59 1.0
1524 60 0.0
1545 61 0.0
1555 62 1.0
1595 63 0.0
1623 64 1.0
1720 68 0.0
1729 69 1.0
1770 70 0.0
1752 70 0.0
1795 71 0.0
1803 72 1.0
1870 74 0.0
1895 75 0.0
1881 75 0.0
1945 77 0.0
1976 79 0.0
2045 81 0.0
2070 82 0.0
2095 83 0.0
2121 84 0.0
2270 90 0.0
2295 91 0.0
2322 92 1.0
2324 92 1.0
2408 96 1.0
2470 98 0.0
2549 101 0.0
2657 106 1.0
2724 108 0.0
2870 114 0.0
2899 115 0.0
2920 116 0.0
2995 119 0.0
3045 121 0.0
3058 122 1.0
3124 124 0.0
3199 127 0.0
3324 132 0.0
3352 134 1.0
3381 135 0.0
3395 135 0.0
3420 136 0.0
3495 139 0.0
3510 140 0.0
3520 140 0.0
3545 141 0.0
3556 142 1.0
3613 144 1.0
3711 148 1.0
3745 149 0.0
3795 151 0.0
3845 153 0.0
3895 155 0.0
3924 156 0.0
3970 158 0.0
4028 161 1.0
4122 164 1.0
4130 165 1.0
4170 166 0.0
4182 167 1.0
4203 168 0.0
4245 169 0.0
4270 170 0.0
4295 171 0.0
4320 172 0.0
4310 172 0.0
4336 173 1.0
4371 174 0.0
4377 175 0.0
4395 175 0.0
4424 176 0.0
4445 177 0.0
4497 179 1.0
4520 180 0.0
4532 181 0.0
4570 182 0.0
4645 185 0.0
4670 186 0.0
4695 187 0.0
4845 193 0.0
4896 195 0.0
4920 196 0.0
4945 197 0.0
4982 199 0.0
5020 200 0.0
5079 203 1.0
5170 206 0.0
5220 208 0.0
5270 210 0.0
5299 211 0.0
5325 213 1.0
5357 214 1.0
5384 215 0.0
5446 217 0.0
5461 218 1.0
5520 220 0.0
5525 221 1.0
5595 223 0.0
5645 225 0.0
5695 227 0.0
5709 228 1.0
5774 230 0.0
5821 232 0.0
5870 234 0.0
5896 235 0.0
5920 236 0.0
5970 238 0.0
6020 240 0.0
6045 241 0.0
6120 244 0.0
6149 245 0.0
6170 246 0.0
6195 247 0.0
6202 248 0.0
6245 249 0.0
6274 250 0.0
6329 253 1.0
6371 254 0.0
6395 255 0.0
6406 256 1.0
6432 257 1.0
6499 259 0.0
6545 261 0.0
6570 262 0.0
6595 263 0.0
6620 264 0.0
6637 265 1.0
6695 267 0.0
6745 269 0.0
6795 271 0.0
6828 273 0.0
6895 275 0.0
6920 276 0.0
6927 277 1.0
6970 278 0.0
7000 280 1.0
7071 282 0.0
7084 283 0.0
7120 284 0.0
7136 285 1.0
7126 285 1.0
7170 286 0.0
7195 287 0.0
7202 288 0.0
7200 288 0.0
7345 293 0.0
7374 294 0.0
7395 295 0.0
7445 297 0.0
7450 298 0.0
7495 299 0.0
7546 301 0.0
7570 302 0.0
7595 303 0.0
7647 305 1.0
7670 306 0.0
7685 307 1.0
7748 309 1.0
7749 309 1.0
7770 310 1.0
7812 312 1.0
7870 314 0.0
7855 314 0.0
7899 315 0.0
7920 316 0.0
7935 317 0.0
7945 317 0.0
7973 318 1.0
7974 318 1.0
7995 319 0.0
8021 320 0.0
8004 320 0.0
8029 321 0.0
8049 321 0.0
8071 322 0.0
8127 325 1.0
8200 328 1.0
8204 328 1.0
8245 329 0.0
8258 330 1.0
8299 331 0.0
8370 334 0.0
8375 335 0.0
8406 336 1.0
8432 337 0.0
8520 340 0.0
8545 341 0.0
8574 342 0.0
8595 343 0.0
8620 344 0.0
8649 345 0.0
8720 348 0.0
8774 350 0.0
8845 353 0.0
8870 354 0.0
8920 356 0.0
8949 357 0.0
8970 358 0.0
9020 360 0.0
9011 360 0.0
9070 362 0.0
9107 364 0.0
9196 367 0.0
9220 368 0.0
9233 369 1.0
9270 370 0.0
9303 372 0.0
9345 373 0.0
9355 374 0.0
9427 377 0.0
9495 379 1.0
9545 381 0.0
9596 383 0.0
9670 386 1.0
9785 391 0.0
9800 392 1.0
9920 396 0.0
9984 399 1.0
10020 400 0.0
10028 401 0.0
10139 405 1.0
10199 407 0.0
10220 408 0.0
10274 410 1.0
10273 410 1.0
10345 413 0.0
10376 415 1.0
10430 417 1.0
10524 420 0.0
10574 422 0.0
10620 424 0.0
10645 425 0.0
10670 426 0.0
10725 429 0.0
10795 431 0.0
10781 431 0.0
10824 432 0.0
10829 433 0.0
10854 434 0.0
10870 434 0.0
10895 435 0.0
10920 436 0.0
10945 437 0.0
10973 438 1.0
10974 438 1.0
10997 439 1.0
11020 440 0.0
11034 441 1.0
11057 442 1.0
11080 443 1.0
11161 446 1.0
11195 447 0.0
11200 448 1.0
11236 449 1.0
11252 450 1.0
11282 451 1.0
11320 452 0.0
11345 453 0.0
11370 454 0.0
11380 455 1.0
11470 458 0.0
11495 459 0.0
11508 460 0.0
11520 460 0.0
11549 461 0.0
11620 464 0.0
11634 465 0.0
11674 466 0.0
11695 467 0.0
11745 469 0.0
11770 470 0.0
11795 471 0.0
11845 473 0.0
11870 474 0.0
11945 477 1.0
11977 479 1.0
12046 481 0.0
12057 482 0.0
12145 485 0.0
12127 485 0.0
12174 486 0.0
12195 487 0.0
12245 489 0.0
12259 490 1.0
12303 492 1.0
12345 493 0.0
12370 494 0.0
12395 495 0.0
12405 496 0.0
12445 497 0.0
12545 501 0.0
12570 502 0.0
12652 506 1.0
12695 507 0.0
12728 509 1.0
12770 510 0.0
12820 512 0.0
12846 513 0.0
12870 514 0.0
12877 515 1.0
12920 516 0.0
12949 517 0.0
12977 519 0.0
13020 520 0.0
13095 523 0.0
13120 524 0.0
13245 529 0.0
13295 531 0.0
13327 533 0.0
13345 533 0.0
13375 535 0.0
13420 536 0.0
13445 537 0.0
13450 538 1.0
13495 539 0.0
13520 540 0.0
13545 541 0.0
13570 542 0.0
13596 543 0.0
13620 544 0.0
13727 549 0.0
13745 549 0.0
13795 551 0.0
13845 553 0.0
13921 556 0.0
13949 557 0.0
13995 559 0.0
14030 561 1.0
14075 563 1.0
14120 564 0.0
14195 567 0.0
14205 568 0.0
14200 568 0.0
14245 569 1.0
14270 570 0.0
14346 573 0.0
14356 574 0.0
14420 576 0.0
14445 577 0.0
14427 577 0.0
14453 578 0.0
14470 578 0.0
14520 580 0.0
14545 581 0.0
14645 585 0.0
14720 588 0.0
14749 589 0.0
14766 590 0.0
14826 593 1.0
14853 594 1.0
14895 595 0.0
14920 596 0.0
15024 600 0.0
15095 603 0.0
15170 606 0.0
15195 607 0.0
15270 610 0.0
15296 611 0.0
15351 614 1.0
15450 618 1.0
15495 619 0.0
15530 621 0.0
15545 621 0.0
15596 623 0.0
15620 624 0.0
15607 624 0.0
15628 625 1.0
15795 631 0.0
15820 632 0.0
15895 635 0.0
15903 636 0.0
15925 637 1.0
15970 638 0.0
16020 640 0.0
16045 641 0.0
16070 642 0.0
16084 643 1.0
16120 644 0.0
16110 644 0.0
16145 645 0.0
16270 650 0.0
16370 654 1.0
16382 655 1.0
16408 656 1.0
16471 658 0.0
16520 660 0.0
16564 662 1.0
16576 663 1.0
16620 664 0.0
16645 665 0.0
16695 667 0.0
16720 668 0.0
16745 669 0.0
16784 671 1.0
16828 673 1.0
16826 673 1.0
16874 674 0.0
16895 675 0.0
16881 675 0.0
16900 676 0.0
16945 677 0.0
16972 678 1.0
16995 679 0.0
17095 683 0.0
17145 685 0.0
17170 686 0.0
17221 688 0.0
17335 693 1.0
17329 693 1.0
17395 695 0.0
17432 697 0.0
17474 698 0.0
17475 699 0.0
17695 707 0.0
17834 713 0.0
17870 714 0.0
17903 716 0.0
17934 717 1.0
17995 719 0.0
17977 719 0.0
18020 720 1.0
18095 723 0.0
18120 724 0.0
18146 725 0.0
18174 726 0.0
18195 727 0.0
18220 728 0.0
18245 729 0.0
18271 730 0.0
18295 731 0.0
18345 733 1.0
18425 737 0.0
18453 738 1.0
18451 738 1.0
18499 739 0.0
18478 739 0.0
18620 744 0.0
18608 744 0.0
18649 745 1.0
18648 745 1.0
18680 747 1.0
18845 753 0.0
18924 756 0.0
18970 758 0.0
18985 759 0.0
19020 760 0.0
19035 761 1.0
19055 762 0.0
19101 764 1.0
19170 766 0.0
19203 768 1.0
19259 770 1.0
19324 772 0.0
19370 774 0.0
19363 774 0.0
19445 777 0.0
19454 778 0.0
19511 780 1.0
19571 782 0.0
19624 784 0.0
19645 785 0.0
19688 787 1.0
19720 788 0.0
19745 789 0.0
19800 792 1.0
19930 797 1.0
624 24 0.0
2996 119 0.0
4246 169 0.0
6196 247 0.0
6749 269 0.0
8371 334 0.0
8524 340 0.0
11321 452 0.0
11496 459 0.0
12346 493 0.0
16746 669 0.0
17149 685 0.0
17699 707 0.0
124 4 0.0
178 7 1.0
205 8 1.0
350 14 1.0
425 17 1.0
475 19 0.0
508 20 0.0
574 22 0.0
575 23 1.0
674 26 0.0
735 29 1.0
799 31 0.0
849 33 0.0
874 34 0.0
916 36 1.0
1024 40 0.0
1071 42 0.0
1124 44 0.0
1178 47 1.0
1374 54 0.0
1378 55 0.0
1446 57 0.0
1471 58 0.0
1599 63 0.0
1658 66 1.0
1724 68 0.0
1774 70 0.0
1799 71 0.0
1871 74 0.0
1899 75 0.0
1949 77 0.0
2049 81 0.0
2074 82 0.0
2096 83 0.0
2246 89 0.0
2299 91 0.0
2349 93 0.0
2396 95 0.0
2449 97 0.0
2474 98 0.0
2599 103 0.0
2625 105 1.0
2684 107 1.0
2778 111 1.0
2871 114 0.0
2924 116 0.0
3049 121 0.0
3099 123 0.0
3253 130 1.0
3277 131 1.0
3399 135 0.0
3421 136 0.0
3446 137 0.0
3452 138 0.0
3481 139 0.0
3524 140 0.0
3549 141 0.0
3550 142 1.0
3575 143 0.0
3633 145 1.0
3699 147 0.0
3749 149 0.0
3752 150 1.0
3799 151 0.0
3899 155 0.0
3974 158 0.0
4052 162 1.0
4171 166 0.0
4274 170 0.0
4296 171 0.0
4396 175 0.0
4446 177 0.0
4574 182 0.0
4649 185 0.0
4674 186 0.0
4775 191 0.0
4846 193 0.0
4871 194 0.0
4924 196 0.0
4952 198 1.0
5101 204 1.0
5174 206 0.0
5221 208 0.0
5524 220 0.0
5599 223 0.0
5649 225 0.0
5699 227 0.0
5874 234 0.0
5921 236 0.0
5934 237 1.0
5953 238 0.0
5999 239 0.0
6021 240 0.0
6121 244 0.0
6171 246 0.0
6249 249 0.0
6399 255 0.0
6509 260 1.0
6599 263 0.0
6624 264 0.0
6699 267 0.0
6774 270 0.0
6800 272 1.0
6849 273 0.0
6855 274 1.0
6899 275 0.0
6924 276 0.0
6971 278 0.0
7174 286 0.0
7199 287 0.0
7221 288 0.0
7349 293 0.0
7399 295 0.0
7449 297 0.0
7574 302 0.0
7760 310 1.0
7871 314 0.0
7946 317 0.0
8174 326 0.0
8199 327 0.0
8246 329 0.0
8399 335 0.0
8596 343 0.0
8621 344 0.0
8658 346 1.0
8724 348 0.0
8799 351 0.0
8800 352 1.0
8846 353 0.0
8924 356 0.0
8971 358 0.0
9024 360 0.0
9149 365 0.0
9221 368 0.0
9349 373 0.0
9374 374 0.0
9424 376 0.0
9500 380 0.0
9549 381 0.0
9621 384 0.0
9699 387 0.0
9725 389 1.0
9756 390 0.0
9846 393 0.0
9899 395 0.0
9924 396 0.0
9946 397 0.0
10024 400 0.0
10349 413 0.0
10353 414 1.0
10378 415 1.0
10425 417 1.0
10475 419 0.0
10621 424 0.0
10649 425 0.0
10699 427 0.0
10749 429 0.0
10771 430 0.0
10778 431 0.0
10874 434 0.0
10899 435 0.0
10924 436 0.0
10949 437 0.0
11024 440 0.0
11027 441 1.0
11346 453 0.0
11371 454 0.0
11439 457 1.0
11471 458 0.0
11524 460 0.0
11699 467 0.0
11704 468 1.0
11774 470 0.0
11799 471 0.0
11804 472 1.0
11849 473 0.0
11871 474 0.0
11955 478 1.0
12074 482 0.0
12078 483 0.0
12102 484 1.0
12149 485 0.0
12199 487 0.0
12221 488 0.0
12249 489 0.0
12374 494 0.0
12399 495 0.0
12421 496 0.0
12449 497 0.0
12574 502 0.0
12588 503 1.0
12696 507 0.0
12774 510 0.0
12824 512 0.0
12874 514 0.0
12924 516 0.0
13024 520 0.0
13099 523 0.0
13121 524 0.0
13175 527 0.0
13228 529 0.0
13300 532 1.0
13349 533 0.0
13421 536 0.0
13446 537 0.0
13521 540 0.0
13549 541 0.0
13610 544 0.0
13749 549 0.0
13774 550 0.0
13799 551 0.0
13849 553 0.0
13971 558 0.0
14050 562 1.0
14125 565 0.0
14199 567 0.0
14221 568 0.0
14274 570 0.0
14296 571 0.0
14300 572 1.0
14437 577 0.0
14471 578 0.0
14524 580 0.0
14535 581 0.0
14659 586 0.0
14721 588 0.0
14899 595 0.0
14975 599 1.0
15049 601 0.0
15071 602 0.0
15099 603 0.0
15101 604 1.0
15127 605 1.0
15174 606 0.0
15175 607 0.0
15499 619 0.0
15549 621 0.0
15621 624 0.0
15671 626 0.0
15799 631 0.0
15824 632 0.0
15826 633 1.0
15899 635 0.0
16024 640 0.0
16049 641 0.0
16074 642 0.0
16124 644 0.0
16149 645 0.0
16200 648 1.0
16401 656 1.0
16524 660 0.0
16579 663 1.0
16659 666 1.0
16699 667 0.0
16801 672 1.0
16899 675 0.0
16999 679 0.0
17062 682 1.0
17099 683 0.0
17171 686 0.0
17246 689 0.0
17399 695 0.0
17496 699 0.0
17626 705 0.0
17700 708 1.0
17899 715 0.0
17999 719 0.0
18046 721 0.0
18099 723 0.0
18224 728 0.0
18249 729 0.0
18296 731 0.0
18449 737 0.0
18621 744 0.0
18707 748 1.0
18849 753 0.0
18854 754 1.0
19080 763 1.0
19174 766 0.0
19246 769 0.0
19371 774 0.0
19471 778 0.0
19526 781 1.0
19646 785 0.0
19650 786 1.0
19724 788 0.0
19749 789 0.0
19880 795 1.0
1323 52 0.0
8895 355 0.0
8996 359 0.0
9095 363 0.0
14024 560 0.0
17674 706 0.0
17824 712 0.0
19074 762 0.0
19599 783 0.0
 fin motif
# 2 target:0 c+:0 c-:59 score:26.608322318209147 score+:0 score-:122.39828266376206 nb:6 =l_2c_3 l_2c_8 l_2c_0 l_2c_11 l_2c_17 l_2c_19 
3595 143 0.0
7470 298 0.0
9308 372 0.0
9520 380 0.0
10495 419 0.0
13195 527 0.0
13395 535 0.0
14145 565 0.0
548 21 0.0
896 35 0.0
4698 187 0.0
6571 262 0.0
6798 271 0.0
10674 426 0.0
15274 610 0.0
19023 760 0.0
1546 61 0.0
2271 90 0.0
3846 153 0.0
4949 197 0.0
7674 306 0.0
13499 539 0.0
14124 564 0.0
16274 650 0.0
17449 697 0.0
18124 724 0.0
18196 727 0.0
246 9 0.0
3496 139 0.0
4321 172 0.0
5021 200 0.0
5274 210 0.0
6049 241 0.0
6546 261 0.0
7921 316 0.0
7999 319 0.0
9074 362 0.0
9274 370 0.0
10224 408 0.0
11196 447 0.0
11746 469 0.0
13299 531 0.0
13574 542 0.0
14421 576 0.0
14646 585 0.0
15974 638 0.0
16624 664 0.0
18974 758 0.0
1224 48 0.0
4524 180 0.0
7124 284 0.0
7596 303 0.0
8871 354 0.0
11624 464 0.0
13999 559 0.0
14921 596 0.0
16646 665 0.0
16724 668 0.0
16949 677 0.0
 fin motif
# 3 target:0 c+:0 c-:51 score:10.1518366339451 score+:0 score-:64.97175445724862 nb:9 =l_2c_3 l_2c_9 l_2c_7 l_2c_15 l_2c_16 l_2c_0 l_2c_11 l_2c_17 l_2c_19 
548 21 0.0
896 35 0.0
1223 48 0.0
4523 180 0.0
4698 187 0.0
6571 262 0.0
6798 271 0.0
10674 426 0.0
13998 559 0.0
15274 610 0.0
16723 668 0.0
19023 760 0.0
1546 61 0.0
2271 90 0.0
3846 153 0.0
4949 197 0.0
7674 306 0.0
13499 539 0.0
14124 564 0.0
16274 650 0.0
17449 697 0.0
18124 724 0.0
18196 727 0.0
246 9 0.0
3496 139 0.0
4321 172 0.0
5021 200 0.0
5274 210 0.0
6049 241 0.0
6546 261 0.0
7921 316 0.0
7999 319 0.0
9074 362 0.0
9274 370 0.0
10224 408 0.0
11196 447 0.0
11746 469 0.0
13299 531 0.0
13574 542 0.0
14421 576 0.0
14646 585 0.0
15974 638 0.0
16624 664 0.0
18974 758 0.0
1224 48 0.0
4524 180 0.0
7124 284 0.0
7596 303 0.0
8871 354 0.0
11624 464 0.0
13999 559 0.0
14921 596 0.0
16646 665 0.0
16724 668 0.0
16949 677 0.0
 fin motif
# 4 target:0 c+:46 c-:341 score:10.10880085876968 score+:62.30634911061026 score-:133.067955121998 nb:10 =l_2c_3 l_2c_14 l_2c_5 l_2c_1 l_2c_4 l_2c_19 l_2c_0 l_2c_11 l_2c_17 l_2c_2 
98 3 1.0
245 9 0.0
299 11 0.0
424 16 0.0
495 19 0.0
545 21 0.0
570 22 0.0
620 24 0.0
646 25 0.0
670 26 0.0
705 28 1.0
774 30 0.0
795 31 0.0
845 33 0.0
870 34 0.0
895 35 0.0
983 39 0.0
1049 41 0.0
1070 42 0.0
1120 44 0.0
1149 45 0.0
1220 48 0.0
1370 54 0.0
1395 55 0.0
1470 58 0.0
1524 60 0.0
1545 61 0.0
1595 63 0.0
1623 64 1.0
1720 68 0.0
1729 69 1.0
1770 70 0.0
1795 71 0.0
1870 74 0.0
1895 75 0.0
1945 77 0.0
1976 79 0.0
2045 81 0.0
2070 82 0.0
2095 83 0.0
2121 84 0.0
2270 90 0.0
2295 91 0.0
2322 92 1.0
2470 98 0.0
2549 101 0.0
2657 106 1.0
2724 108 0.0
2870 114 0.0
2899 115 0.0
2920 116 0.0
2995 119 0.0
3045 121 0.0
3058 122 1.0
3124 124 0.0
3199 127 0.0
3324 132 0.0
3395 135 0.0
3420 136 0.0
3495 139 0.0
3520 140 0.0
3545 141 0.0
3745 149 0.0
3795 151 0.0
3845 153 0.0
3895 155 0.0
3924 156 0.0
3970 158 0.0
4122 164 1.0
4170 166 0.0
4203 168 0.0
4245 169 0.0
4270 170 0.0
4295 171 0.0
4320 172 0.0
4371 174 0.0
4395 175 0.0
4424 176 0.0
4445 177 0.0
4497 179 1.0
4520 180 0.0
4532 181 0.0
4570 182 0.0
4645 185 0.0
4670 186 0.0
4695 187 0.0
4845 193 0.0
4896 195 0.0
4920 196 0.0
4945 197 0.0
4982 199 0.0
5020 200 0.0
5170 206 0.0
5220 208 0.0
5270 210 0.0
5299 211 0.0
5325 213 1.0
5357 214 1.0
5384 215 0.0
5446 217 0.0
5461 218 1.0
5520 220 0.0
5595 223 0.0
5645 225 0.0
5695 227 0.0
5709 228 1.0
5774 230 0.0
5821 232 0.0
5870 234 0.0
5896 235 0.0
5920 236 0.0
5970 238 0.0
6020 240 0.0
6045 241 0.0
6120 244 0.0
6149 245 0.0
6170 246 0.0
6195 247 0.0
6202 248 0.0
6245 249 0.0
6274 250 0.0
6371 254 0.0
6395 255 0.0
6499 259 0.0
6545 261 0.0
6570 262 0.0
6595 263 0.0
6620 264 0.0
6695 267 0.0
6745 269 0.0
6795 271 0.0
6895 275 0.0
6920 276 0.0
6927 277 1.0
6970 278 0.0
7000 280 1.0
7071 282 0.0
7084 283 0.0
7120 284 0.0
7126 285 1.0
7170 286 0.0
7195 287 0.0
7345 293 0.0
7374 294 0.0
7395 295 0.0
7445 297 0.0
7450 298 0.0
7495 299 0.0
7546 301 0.0
7570 302 0.0
7595 303 0.0
7647 305 1.0
7670 306 0.0
7685 307 1.0
7748 309 1.0
7812 312 1.0
7870 314 0.0
7899 315 0.0
7920 316 0.0
7945 317 0.0
7973 318 1.0
7995 319 0.0
8021 320 0.0
8049 321 0.0
8071 322 0.0
8200 328 1.0
8245 329 0.0
8258 330 1.0
8299 331 0.0
8370 334 0.0
8406 336 1.0
8432 337 0.0
8520 340 0.0
8545 341 0.0
8574 342 0.0
8595 343 0.0
8620 344 0.0
8649 345 0.0
8720 348 0.0
8774 350 0.0
8845 353 0.0
8870 354 0.0
8920 356 0.0
8949 357 0.0
8970 358 0.0
9020 360 0.0
9070 362 0.0
9107 364 0.0
9196 367 0.0
9220 368 0.0
9270 370 0.0
9303 372 0.0
9345 373 0.0
9427 377 0.0
9545 381 0.0
9596 383 0.0
9785 391 0.0
9800 392 1.0
9920 396 0.0
9984 399 1.0
10020 400 0.0
10028 401 0.0
10139 405 1.0
10199 407 0.0
10220 408 0.0
10273 410 1.0
10345 413 0.0
10524 420 0.0
10574 422 0.0
10620 424 0.0
10645 425 0.0
10670 426 0.0
10795 431 0.0
10824 432 0.0
10829 433 0.0
10870 434 0.0
10895 435 0.0
10920 436 0.0
10945 437 0.0
10973 438 1.0
10997 439 1.0
11020 440 0.0
11195 447 0.0
11200 448 1.0
11236 449 1.0
11252 450 1.0
11320 452 0.0
11345 453 0.0
11370 454 0.0
11470 458 0.0
11495 459 0.0
11520 460 0.0
11549 461 0.0
11620 464 0.0
11634 465 0.0
11674 466 0.0
11695 467 0.0
11745 469 0.0
11770 470 0.0
11795 471 0.0
11845 473 0.0
11870 474 0.0
11977 479 1.0
12046 481 0.0
12145 485 0.0
12174 486 0.0
12195 487 0.0
12245 489 0.0
12345 493 0.0
12370 494 0.0
12395 495 0.0
12445 497 0.0
12545 501 0.0
12570 502 0.0
12695 507 0.0
12728 509 1.0
12770 510 0.0
12820 512 0.0
12846 513 0.0
12870 514 0.0
12877 515 1.0
12920 516 0.0
12949 517 0.0
12977 519 0.0
13020 520 0.0
13095 523 0.0
13120 524 0.0
13245 529 0.0
13295 531 0.0
13345 533 0.0
13375 535 0.0
13420 536 0.0
13445 537 0.0
13450 538 1.0
13495 539 0.0
13520 540 0.0
13545 541 0.0
13570 542 0.0
13596 543 0.0
13620 544 0.0
13745 549 0.0
13795 551 0.0
13845 553 0.0
13921 556 0.0
13949 557 0.0
13995 559 0.0
14030 561 1.0
14120 564 0.0
14195 567 0.0
14200 568 0.0
14270 570 0.0
14346 573 0.0
14356 574 0.0
14420 576 0.0
14445 577 0.0
14470 578 0.0
14520 580 0.0
14545 581 0.0
14645 585 0.0
14720 588 0.0
14749 589 0.0
14766 590 0.0
14895 595 0.0
14920 596 0.0
15024 600 0.0
15095 603 0.0
15170 606 0.0
15195 607 0.0
15270 610 0.0
15296 611 0.0
15450 618 1.0
15495 619 0.0
15545 621 0.0
15596 623 0.0
15620 624 0.0
15795 631 0.0
15820 632 0.0
15895 635 0.0
15903 636 0.0
15925 637 1.0
15970 638 0.0
16020 640 0.0
16045 641 0.0
16070 642 0.0
16120 644 0.0
16145 645 0.0
16270 650 0.0
16382 655 1.0
16471 658 0.0
16520 660 0.0
16620 664 0.0
16645 665 0.0
16695 667 0.0
16720 668 0.0
16745 669 0.0
16826 673 1.0
16874 674 0.0
16895 675 0.0
16900 676 0.0
16945 677 0.0
16972 678 1.0
16995 679 0.0
17095 683 0.0
17145 685 0.0
17170 686 0.0
17221 688 0.0
17395 695 0.0
17432 697 0.0
17474 698 0.0
17695 707 0.0
17834 713 0.0
17870 714 0.0
17903 716 0.0
17995 719 0.0
18095 723 0.0
18120 724 0.0
18146 725 0.0
18174 726 0.0
18195 727 0.0
18220 728 0.0
18245 729 0.0
18271 730 0.0
18295 731 0.0
18499 739 0.0
18620 744 0.0
18648 745 1.0
18845 753 0.0
18924 756 0.0
18970 758 0.0
18985 759 0.0
19020 760 0.0
19170 766 0.0
19203 768 1.0
19259 770 1.0
19324 772 0.0
19370 774 0.0
19445 777 0.0
19571 782 0.0
19624 784 0.0
19645 785 0.0
19720 788 0.0
19745 789 0.0
3595 143 0.0
7470 298 0.0
9308 372 0.0
9520 380 0.0
10495 419 0.0
13195 527 0.0
13395 535 0.0
14145 565 0.0
 fin motif
# 5 target:0 c+:318 c-:331 score:5.536407958757877 score+:2075.9131585672826 score-:2117.9898590538423 nb:11 =l_2c_16 l_2c_0 l_2c_11 l_2c_17 l_2c_19 l_2c_8 l_2c_14 l_2c_5 l_2c_1 l_2c_2 l_2c_4 
12 0 1.0
31 1 1.0
62 2 1.0
112 4 0.0
133 5 1.0
159 6 1.0
176 7 1.0
211 8 1.0
237 9 0.0
261 10 1.0
337 13 1.0
365 14 1.0
387 15 1.0
407 16 0.0
440 17 1.0
454 18 1.0
479 19 0.0
519 20 0.0
586 23 1.0
618 24 0.0
628 25 0.0
661 26 0.0
687 27 1.0
717 28 1.0
733 29 1.0
766 30 0.0
836 33 0.0
858 34 0.0
905 36 1.0
931 37 1.0
957 38 1.0
988 39 0.0
1038 41 0.0
1061 42 0.0
1114 44 0.0
1134 45 0.0
1162 46 1.0
1182 47 1.0
1207 48 0.0
1234 49 1.0
1255 50 1.0
1278 51 1.0
1310 52 0.0
1334 53 1.0
1367 54 0.0
1410 56 1.0
1431 57 0.0
1482 59 1.0
1508 60 0.0
1543 61 0.0
1564 62 1.0
1588 63 0.0
1610 64 1.0
1640 65 1.0
1653 66 1.0
1678 67 1.0
1708 68 0.0
1734 69 1.0
1811 72 1.0
1886 75 0.0
1917 76 1.0
1933 77 0.0
1955 78 1.0
1981 79 0.0
2010 80 1.0
2038 81 0.0
2057 82 0.0
2111 84 0.0
2130 85 1.0
2169 86 1.0
2178 87 1.0
2215 88 1.0
2239 89 0.0
2253 90 0.0
2287 91 0.0
2308 92 1.0
2341 93 0.0
2357 94 1.0
2392 95 0.0
2413 96 1.0
2445 97 0.0
2489 99 1.0
2503 100 1.0
2580 103 0.0
2644 105 1.0
2664 106 1.0
2685 107 1.0
2719 108 0.0
2755 110 1.0
2817 112 1.0
2833 113 1.0
2869 114 0.0
2880 115 0.0
2906 116 0.0
2941 117 1.0
2964 118 1.0
2983 119 0.0
3012 120 1.0
3030 121 0.0
3091 123 0.0
3116 124 0.0
3142 125 1.0
3164 126 1.0
3189 127 0.0
3216 128 1.0
3266 130 1.0
3286 131 1.0
3310 132 0.0
3331 133 1.0
3391 135 0.0
3414 136 0.0
3433 137 0.0
3451 138 0.0
3491 139 0.0
3515 140 0.0
3559 142 1.0
3585 143 0.0
3607 144 1.0
3639 145 1.0
3659 146 1.0
3695 147 0.0
3714 148 1.0
3743 149 0.0
3761 150 1.0
3807 152 1.0
3838 153 0.0
3893 155 0.0
3917 156 0.0
3940 157 1.0
3963 158 0.0
3992 159 1.0
4016 160 1.0
4037 161 1.0
4063 162 1.0
4109 164 1.0
4143 165 1.0
4161 166 0.0
4193 167 1.0
4204 168 0.0
4230 169 0.0
4252 170 0.0
4291 171 0.0
4302 172 0.0
4337 173 1.0
4364 174 0.0
4384 175 0.0
4437 177 0.0
4469 178 1.0
4519 180 0.0
4543 181 0.0
4553 182 0.0
4638 185 0.0
4664 186 0.0
4683 187 0.0
4713 188 1.0
4758 190 1.0
4786 191 0.0
4806 192 1.0
4837 193 0.0
4855 194 0.0
4914 196 0.0
4938 197 0.0
4961 198 1.0
5009 200 0.0
5030 201 1.0
5052 202 1.0
5088 203 1.0
5110 204 1.0
5140 205 1.0
5157 206 0.0
5186 207 1.0
5217 208 0.0
5260 210 0.0
5287 211 0.0
5311 212 1.0
5339 213 1.0
5367 214 1.0
5383 215 0.0
5414 216 1.0
5467 218 1.0
5488 219 1.0
5516 220 0.0
5538 221 1.0
5552 222 1.0
5583 223 0.0
5613 224 1.0
5668 226 1.0
5731 229 1.0
5756 230 0.0
5784 231 1.0
5862 234 0.0
5884 235 0.0
5910 236 0.0
5932 237 1.0
5990 239 0.0
6008 240 0.0
6039 241 0.0
6066 242 1.0
6086 243 1.0
6112 244 0.0
6160 246 0.0
6182 247 0.0
6216 248 0.0
6244 249 0.0
6288 251 1.0
6307 252 1.0
6363 254 0.0
6382 255 0.0
6409 256 1.0
6444 257 1.0
6468 258 1.0
6487 259 0.0
6518 260 1.0
6541 261 0.0
6552 262 0.0
6586 263 0.0
6606 264 0.0
6642 265 1.0
6661 266 1.0
6718 268 1.0
6733 269 0.0
6767 270 0.0
6787 271 0.0
6808 272 1.0
6843 273 0.0
6865 274 1.0
6876 275 0.0
6917 276 0.0
6934 277 1.0
6964 278 0.0
6990 279 1.0
7007 280 1.0
7066 282 0.0
7116 284 0.0
7158 286 0.0
7188 287 0.0
7216 288 0.0
7244 289 1.0
7266 290 1.0
7292 291 1.0
7316 292 1.0
7362 294 0.0
7390 295 0.0
7411 296 1.0
7469 298 0.0
7477 299 0.0
7519 300 1.0
7543 301 0.0
7580 303 0.0
7612 304 1.0
7654 306 0.0
7681 307 1.0
7719 308 1.0
7739 309 1.0
7766 310 1.0
7790 311 1.0
7837 313 1.0
7864 314 0.0
7918 316 0.0
7937 317 0.0
7960 318 1.0
7990 319 0.0
8009 320 0.0
8030 321 0.0
8093 323 1.0
8113 324 1.0
8140 325 1.0
8170 326 0.0
8195 327 0.0
8216 328 1.0
8240 329 0.0
8291 331 0.0
8306 332 1.0
8335 333 1.0
8362 334 0.0
8390 335 0.0
8415 336 1.0
8467 338 1.0
8491 339 1.0
8501 340 0.0
8537 341 0.0
8568 342 0.0
8588 343 0.0
8635 345 0.0
8662 346 1.0
8688 347 1.0
8713 348 0.0
8731 349 1.0
8759 350 0.0
8784 351 0.0
8816 352 1.0
8833 353 0.0
8857 354 0.0
8890 355 0.0
8911 356 0.0
8989 359 0.0
9015 360 0.0
9028 361 1.0
9062 362 0.0
9090 363 0.0
9111 364 0.0
9144 365 0.0
9153 366 1.0
9212 368 0.0
9237 369 1.0
9281 371 1.0
9305 372 0.0
9327 373 0.0
9366 374 0.0
9389 375 1.0
9411 376 0.0
9463 378 1.0
9508 380 0.0
9535 381 0.0
9556 382 1.0
9607 384 0.0
9638 385 1.0
9713 388 1.0
9732 389 1.0
9757 390 0.0
9795 391 0.0
9818 392 1.0
9827 393 0.0
9855 394 1.0
9894 395 0.0
9905 396 0.0
9930 397 0.0
9976 399 1.0
10041 401 0.0
10062 402 1.0
10081 403 1.0
10119 404 1.0
10161 406 1.0
10190 407 0.0
10212 408 0.0
10236 409 1.0
10259 410 1.0
10286 411 1.0
10306 412 1.0
10366 414 1.0
10385 415 1.0
10409 416 1.0
10438 417 1.0
10462 418 1.0
10480 419 0.0
10516 420 0.0
10538 421 1.0
10588 423 1.0
10610 424 0.0
10638 425 0.0
10657 426 0.0
10690 427 0.0
10717 428 1.0
10742 429 0.0
10762 430 0.0
10788 431 0.0
10819 432 0.0
10861 434 0.0
10912 436 0.0
10943 437 0.0
10958 438 1.0
10993 439 1.0
11004 440 0.0
11044 441 1.0
11055 442 1.0
11087 443 1.0
11128 445 1.0
11158 446 1.0
11190 447 0.0
11210 448 1.0
11239 449 1.0
11285 451 1.0
11318 452 0.0
11358 454 0.0
11382 455 1.0
11441 457 1.0
11453 458 0.0
11480 459 0.0
11511 460 0.0
11563 462 1.0
11602 464 0.0
11643 465 0.0
11656 466 0.0
11709 468 1.0
11735 469 0.0
11757 470 0.0
11812 472 1.0
11829 473 0.0
11858 474 0.0
11884 475 1.0
11916 476 1.0
11939 477 1.0
11963 478 1.0
11993 479 1.0
12033 481 0.0
12068 482 0.0
12075 483 0.0
12143 485 0.0
12152 486 0.0
12220 488 0.0
12232 489 0.0
12262 490 1.0
12311 492 1.0
12340 493 0.0
12356 494 0.0
12377 495 0.0
12420 496 0.0
12435 497 0.0
12459 498 1.0
12488 499 1.0
12507 500 1.0
12531 501 0.0
12555 502 0.0
12584 503 1.0
12614 504 1.0
12630 505 1.0
12656 506 1.0
12689 507 0.0
12717 508 1.0
12738 509 1.0
12756 510 0.0
12883 515 1.0
12915 516 0.0
12967 518 1.0
13017 520 0.0
13035 521 1.0
13060 522 1.0
13091 523 0.0
13111 524 0.0
13131 525 1.0
13161 526 1.0
13186 527 0.0
13218 528 1.0
13236 529 0.0
13292 531 0.0
13318 532 1.0
13337 533 0.0
13381 535 0.0
13406 536 0.0
13441 537 0.0
13459 538 1.0
13479 539 0.0
13538 541 0.0
13565 542 0.0
13583 543 0.0
13626 545 1.0
13662 546 1.0
13712 548 1.0
13729 549 0.0
13765 550 0.0
13783 551 0.0
13802 552 1.0
13839 553 0.0
13856 554 1.0
13903 556 0.0
13939 557 0.0
13970 558 0.0
13982 559 0.0
14013 560 0.0
14032 561 1.0
14118 564 0.0
14135 565 0.0
14191 567 0.0
14206 568 0.0
14253 570 0.0
14295 571 0.0
14302 572 1.0
14358 574 0.0
14392 575 1.0
14402 576 0.0
14433 577 0.0
14465 578 0.0
14541 581 0.0
14559 582 1.0
14586 583 1.0
14612 584 1.0
14634 585 0.0
14658 586 0.0
14689 587 1.0
14740 589 0.0
14761 590 0.0
14791 591 1.0
14807 592 1.0
14828 593 1.0
14867 594 1.0
14886 595 0.0
14917 596 0.0
14935 597 1.0
14961 598 1.0
14979 599 1.0
15040 601 0.0
15069 602 0.0
15143 605 1.0
15152 606 0.0
15190 607 0.0
15203 608 1.0
15241 609 1.0
15256 610 0.0
15290 611 0.0
15302 612 1.0
15359 614 1.0
15377 615 1.0
15444 617 1.0
15462 618 1.0
15479 619 0.0
15538 621 0.0
15567 622 1.0
15593 623 0.0
15610 624 0.0
15642 625 1.0
15659 626 0.0
15686 627 1.0
15716 628 1.0
15758 630 1.0
15793 631 0.0
15811 632 0.0
15865 634 1.0
15892 635 0.0
15904 636 0.0
15944 637 1.0
15967 638 0.0
15990 639 1.0
16044 641 0.0
16076 643 1.0
16113 644 0.0
16188 647 1.0
16204 648 1.0
16256 650 0.0
16290 651 1.0
16307 652 1.0
16403 656 1.0
16463 658 0.0
16519 660 0.0
16566 662 1.0
16580 663 1.0
16605 664 0.0
16643 665 0.0
16662 666 1.0
16683 667 0.0
16718 668 0.0
16733 669 0.0
16768 670 1.0
16787 671 1.0
16805 672 1.0
16844 673 1.0
16855 674 0.0
16879 675 0.0
16904 676 0.0
16931 677 0.0
16966 678 1.0
16991 679 0.0
17003 680 1.0
17065 682 1.0
17087 683 0.0
17136 685 0.0
17165 686 0.0
17212 688 0.0
17260 690 1.0
17289 691 1.0
17318 692 1.0
17332 693 1.0
17362 694 1.0
17378 695 0.0
17408 696 1.0
17436 697 0.0
17469 698 0.0
17485 699 0.0
17511 700 1.0
17584 703 1.0
17636 705 0.0
17659 706 0.0
17691 707 0.0
17755 710 1.0
17788 711 1.0
17817 712 0.0
17827 713 0.0
17867 714 0.0
17883 715 0.0
17913 716 0.0
17935 717 1.0
17952 718 1.0
17994 719 0.0
18016 720 1.0
18036 721 0.0
18067 722 1.0
18118 724 0.0
18169 726 0.0
18194 727 0.0
18219 728 0.0
18235 729 0.0
18268 730 0.0
18284 731 0.0
18316 732 1.0
18340 733 1.0
18355 734 1.0
18433 737 0.0
18462 738 1.0
18491 739 0.0
18530 741 1.0
18578 743 1.0
18610 744 0.0
18633 745 1.0
18654 746 1.0
18688 747 1.0
18704 748 1.0
18741 749 1.0
18753 750 1.0
18779 751 1.0
18815 752 1.0
18832 753 0.0
18863 754 1.0
18883 755 1.0
18914 756 0.0
18933 757 1.0
18961 758 0.0
19006 760 0.0
19039 761 1.0
19056 762 0.0
19093 763 1.0
19110 764 1.0
19165 766 0.0
19216 768 1.0
19237 769 0.0
19262 770 1.0
19302 772 0.0
19335 773 1.0
19360 774 0.0
19389 775 1.0
19407 776 1.0
19439 777 0.0
19470 778 0.0
19513 780 1.0
19541 781 1.0
19555 782 0.0
19613 784 0.0
19663 786 1.0
19692 787 1.0
19709 788 0.0
19733 789 0.0
19753 790 1.0
19780 791 1.0
19807 792 1.0
19826 793 1.0
19859 794 1.0
19890 795 1.0
19915 796 1.0
19935 797 1.0
19964 798 1.0
19982 799 1.0
 fin motif
