# 0 target:0 c+:396 c-:404 score:39.55408019144426 score+:741.4082042994065 score-:852.1596288354505 nb:3 =l_1c_11 l_1c_13 l_1c_15 
8 0 1.0
18 0 1.0
38 1 1.0
69 2 1.0
63 2 1.0
92 3 1.0
118 4 0.0
135 5 1.0
167 6 1.0
191 7 1.0
208 8 1.0
228 9 0.0
259 10 1.0
292 11 0.0
311 12 1.0
329 13 1.0
365 14 1.0
363 14 1.0
392 15 1.0
424 16 0.0
410 16 0.0
441 17 1.0
458 18 1.0
488 19 0.0
507 20 0.0
529 21 0.0
559 22 0.0
584 23 1.0
617 24 0.0
646 25 0.0
643 25 0.0
654 26 0.0
691 27 1.0
714 28 1.0
740 29 1.0
774 30 0.0
754 30 0.0
786 31 0.0
799 31 0.0
812 32 1.0
837 33 0.0
869 34 0.0
896 35 0.0
876 35 0.0
907 36 1.0
934 37 1.0
955 38 1.0
987 39 0.0
1009 40 0.0
1049 41 0.0
1040 41 0.0
1056 42 0.0
1075 43 1.0
1086 43 1.0
1112 44 0.0
1140 45 0.0
1149 45 0.0
1169 46 1.0
1190 47 1.0
1210 48 0.0
1243 49 1.0
1256 50 1.0
1292 51 1.0
1313 52 0.0
1330 53 1.0
1357 54 0.0
1391 55 0.0
1403 56 1.0
1432 57 0.0
1462 58 0.0
1494 59 1.0
1524 60 0.0
1514 60 0.0
1535 61 0.0
1554 62 1.0
1555 62 1.0
1581 63 0.0
1618 64 1.0
1630 65 1.0
1655 66 1.0
1679 67 1.0
1715 68 0.0
1708 68 0.0
1724 68 0.0
1729 69 1.0
1741 69 1.0
1769 70 0.0
1752 70 0.0
1782 71 0.0
1803 72 1.0
1808 72 1.0
1827 73 1.0
1855 74 0.0
1884 75 0.0
1909 76 1.0
1927 77 0.0
1965 78 1.0
1986 79 0.0
2009 80 1.0
2034 81 0.0
2054 82 0.0
2087 83 0.0
2121 84 0.0
2107 84 0.0
2139 85 1.0
2158 86 1.0
2186 87 1.0
2207 88 1.0
2243 89 0.0
2262 90 0.0
2293 91 0.0
2319 92 1.0
2332 93 0.0
2358 94 1.0
2379 95 0.0
2403 96 1.0
2431 97 0.0
2463 98 0.0
2481 99 1.0
2511 100 1.0
2549 101 0.0
2526 101 0.0
2559 102 1.0
2594 103 0.0
2609 104 1.0
2634 105 1.0
2657 106 1.0
2654 106 1.0
2682 107 1.0
2684 107 1.0
2718 108 0.0
2729 109 1.0
2757 110 1.0
2783 111 1.0
2814 112 1.0
2842 113 1.0
2852 114 0.0
2888 115 0.0
2904 116 0.0
2934 117 1.0
2957 118 1.0
2984 119 0.0
3009 120 1.0
3028 121 0.0
3053 122 1.0
3084 123 0.0
3102 124 0.0
3144 125 1.0
3156 126 1.0
3199 127 0.0
3187 127 0.0
3213 128 1.0
3231 129 1.0
3255 130 1.0
3291 131 1.0
3319 132 0.0
3335 133 1.0
3364 134 1.0
3390 135 0.0
3408 136 0.0
3436 137 0.0
3461 138 0.0
3477 139 0.0
3502 140 0.0
3510 140 0.0
3536 141 0.0
3554 142 1.0
3556 142 1.0
3587 143 0.0
3617 144 1.0
3631 145 1.0
3661 146 1.0
3685 147 0.0
3706 148 1.0
3744 149 0.0
3768 150 1.0
3789 151 0.0
3808 152 1.0
3837 153 0.0
3863 154 1.0
3892 155 0.0
3915 156 0.0
3924 156 0.0
3936 157 1.0
3959 158 0.0
3978 159 1.0
4013 160 1.0
4032 161 1.0
4055 162 1.0
4088 163 1.0
4122 164 1.0
4107 164 1.0
4124 164 1.0
4114 164 1.0
4137 165 1.0
4169 166 0.0
4181 167 1.0
4182 167 1.0
4203 168 0.0
4218 168 0.0
4237 169 0.0
4268 170 0.0
4288 171 0.0
4306 172 0.0
4334 173 1.0
4371 174 0.0
4369 174 0.0
4382 175 0.0
4419 176 0.0
4424 176 0.0
4446 177 0.0
4439 177 0.0
4451 178 1.0
4499 179 1.0
4489 179 1.0
4497 179 1.0
4504 180 0.0
4531 181 0.0
4532 181 0.0
4565 182 0.0
4592 183 1.0
4607 184 1.0
4631 185 0.0
4659 186 0.0
4685 187 0.0
4706 188 1.0
4737 189 1.0
4769 190 1.0
4785 191 0.0
4809 192 1.0
4834 193 0.0
4865 194 0.0
4894 195 0.0
4896 195 0.0
4917 196 0.0
4936 197 0.0
4959 198 1.0
4978 199 0.0
4982 199 0.0
5007 200 0.0
5038 201 1.0
5040 201 1.0
5053 202 1.0
5077 203 1.0
5103 204 1.0
5130 205 1.0
5155 206 0.0
5189 207 1.0
5205 208 0.0
5240 209 1.0
5269 210 0.0
5294 211 0.0
5301 212 1.0
5344 213 1.0
5366 214 1.0
5357 214 1.0
5376 215 0.0
5384 215 0.0
5413 216 1.0
5442 217 0.0
5446 217 0.0
5456 218 1.0
5461 218 1.0
5479 219 1.0
5505 220 0.0
5525 221 1.0
5540 221 1.0
5569 222 1.0
5586 223 0.0
5610 224 1.0
5634 225 0.0
5661 226 1.0
5688 227 0.0
5706 228 1.0
5709 228 1.0
5737 229 1.0
5765 230 0.0
5774 230 0.0
5779 231 1.0
5811 232 0.0
5840 233 1.0
5853 234 0.0
5896 235 0.0
5885 235 0.0
5907 236 0.0
5933 237 1.0
5962 238 0.0
5982 239 0.0
6015 240 0.0
6041 241 0.0
6065 242 1.0
6077 243 1.0
6116 244 0.0
6144 245 0.0
6149 245 0.0
6158 246 0.0
6187 247 0.0
6202 248 0.0
6205 248 0.0
6206 248 0.0
6238 249 0.0
6274 250 0.0
6268 250 0.0
6293 251 1.0
6315 252 1.0
6341 253 1.0
6369 254 0.0
6371 254 0.0
6383 255 0.0
6405 256 1.0
6430 257 1.0
6456 258 1.0
6479 259 0.0
6517 260 1.0
6544 261 0.0
6563 262 0.0
6571 262 0.0
6599 263 0.0
6580 263 0.0
6616 264 0.0
6624 264 0.0
6630 265 1.0
6654 266 1.0
6690 267 0.0
6706 268 1.0
6728 269 0.0
6768 270 0.0
6781 271 0.0
6819 272 1.0
6844 273 0.0
6867 274 1.0
6888 275 0.0
6905 276 0.0
6927 277 1.0
6929 277 1.0
6957 278 0.0
6977 279 1.0
7000 280 1.0
7019 280 1.0
7044 281 1.0
7071 282 0.0
7055 282 0.0
7082 283 0.0
7084 283 0.0
7119 284 0.0
7139 285 1.0
7169 286 0.0
7192 287 0.0
7216 288 0.0
7219 288 0.0
7200 288 0.0
7240 289 1.0
7268 290 1.0
7282 291 1.0
7318 292 1.0
7331 293 0.0
7357 294 0.0
7382 295 0.0
7419 296 1.0
7440 297 0.0
7455 298 0.0
7487 299 0.0
7502 300 1.0
7509 300 1.0
7530 301 0.0
7546 301 0.0
7558 302 0.0
7577 303 0.0
7614 304 1.0
7641 305 1.0
7661 306 0.0
7685 307 1.0
7678 307 1.0
7702 308 1.0
7730 309 1.0
7759 310 1.0
7780 311 1.0
7812 312 1.0
7806 312 1.0
7829 313 1.0
7856 314 0.0
7885 315 0.0
7899 315 0.0
7913 316 0.0
7936 317 0.0
7951 318 1.0
7987 319 0.0
8001 320 0.0
8004 320 0.0
8029 321 0.0
8032 321 0.0
8059 322 0.0
8081 323 1.0
8119 324 1.0
8134 325 1.0
8157 326 0.0
8154 326 0.0
8192 327 0.0
8218 328 1.0
8204 328 1.0
8229 329 0.0
8269 330 1.0
8258 330 1.0
8282 331 0.0
8308 332 1.0
8333 333 1.0
8357 334 0.0
8375 335 0.0
8390 335 0.0
8389 335 0.0
8419 336 1.0
8406 336 1.0
8437 337 0.0
8432 337 0.0
8466 338 1.0
8487 339 1.0
8519 340 0.0
8535 341 0.0
8574 342 0.0
8557 342 0.0
8583 343 0.0
8596 343 0.0
8612 344 0.0
8629 345 0.0
8654 346 1.0
8684 347 1.0
8711 348 0.0
8740 349 1.0
8774 350 0.0
8755 350 0.0
8781 351 0.0
8807 352 1.0
8839 353 0.0
8851 354 0.0
8894 355 0.0
8914 356 0.0
8941 357 0.0
8949 357 0.0
8961 358 0.0
8994 359 0.0
9002 360 0.0
9030 361 1.0
9064 362 0.0
9080 363 0.0
9107 364 0.0
9117 364 0.0
9128 365 0.0
9166 366 1.0
9196 367 0.0
9189 367 0.0
9218 368 0.0
9233 369 1.0
9244 369 1.0
9253 370 0.0
9284 371 1.0
9303 372 0.0
9319 372 0.0
9332 373 0.0
9359 374 0.0
9385 375 1.0
9412 376 0.0
9427 377 0.0
9437 377 0.0
9466 378 1.0
9477 379 1.0
9502 380 0.0
9540 381 0.0
9555 382 1.0
9596 383 0.0
9590 383 0.0
9609 384 0.0
9640 385 1.0
9658 386 1.0
9686 387 0.0
9716 388 1.0
9742 389 1.0
9751 390 0.0
9788 391 0.0
9785 391 0.0
9816 392 1.0
9800 392 1.0
9836 393 0.0
9865 394 1.0
9886 395 0.0
9913 396 0.0
9939 397 0.0
9956 398 1.0
9992 399 1.0
10014 400 0.0
10038 401 0.0
10068 402 1.0
10085 403 1.0
10116 404 1.0
10130 405 1.0
10139 405 1.0
10155 406 1.0
10193 407 0.0
10218 408 0.0
10231 409 1.0
10257 410 1.0
10285 411 1.0
10315 412 1.0
10349 413 0.0
10343 413 0.0
10357 414 1.0
10389 415 1.0
10401 416 1.0
10431 417 1.0
10453 418 1.0
10484 419 0.0
10475 419 0.0
10514 420 0.0
10524 420 0.0
10526 421 1.0
10574 422 0.0
10561 422 0.0
10582 423 1.0
10611 424 0.0
10632 425 0.0
10664 426 0.0
10674 426 0.0
10691 427 0.0
10718 428 1.0
10729 429 0.0
10769 430 0.0
10792 431 0.0
10812 432 0.0
10824 432 0.0
10832 433 0.0
10829 433 0.0
10868 434 0.0
10891 435 0.0
10911 436 0.0
10936 437 0.0
10954 438 1.0
10994 439 1.0
10997 439 1.0
11015 440 0.0
11030 441 1.0
11063 442 1.0
11084 443 1.0
11080 443 1.0
11114 444 1.0
11133 445 1.0
11166 446 1.0
11181 447 0.0
11207 448 1.0
11204 448 1.0
11200 448 1.0
11228 449 1.0
11236 449 1.0
11260 450 1.0
11252 450 1.0
11293 451 1.0
11282 451 1.0
11310 452 0.0
11340 453 0.0
11369 454 0.0
11386 455 1.0
11404 456 1.0
11430 457 1.0
11454 458 0.0
11488 459 0.0
11516 460 0.0
11526 461 0.0
11558 462 1.0
11581 463 1.0
11579 463 1.0
11604 464 0.0
11638 465 0.0
11674 466 0.0
11662 466 0.0
11683 467 0.0
11707 468 1.0
11744 469 0.0
11755 470 0.0
11793 471 0.0
11803 472 1.0
11837 473 0.0
11869 474 0.0
11890 475 1.0
11903 476 1.0
11931 477 1.0
11954 478 1.0
11977 479 1.0
11979 479 1.0
12014 480 1.0
12031 481 0.0
12046 481 0.0
12057 482 0.0
12068 482 0.0
12082 483 0.0
12114 484 1.0
12127 485 0.0
12133 485 0.0
12159 486 0.0
12191 487 0.0
12204 488 0.0
12230 489 0.0
12267 490 1.0
12290 491 1.0
12315 492 1.0
12326 493 0.0
12354 494 0.0
12378 495 0.0
12404 496 0.0
12443 497 0.0
12455 498 1.0
12489 499 1.0
12517 500 1.0
12535 501 0.0
12559 502 0.0
12579 503 1.0
12609 504 1.0
12641 505 1.0
12666 506 1.0
12693 507 0.0
12696 507 0.0
12714 508 1.0
12728 509 1.0
12741 509 1.0
12768 510 0.0
12780 511 1.0
12816 512 0.0
12846 513 0.0
12842 513 0.0
12856 514 0.0
12893 515 1.0
12877 515 1.0
12918 516 0.0
12943 517 0.0
12949 517 0.0
12958 518 1.0
12993 519 0.0
13005 520 0.0
13029 521 1.0
13055 522 1.0
13088 523 0.0
13115 524 0.0
13135 525 1.0
13157 526 1.0
13181 527 0.0
13175 527 0.0
13219 528 1.0
13243 529 0.0
13255 530 1.0
13278 531 0.0
13317 532 1.0
13318 532 1.0
13342 533 0.0
13363 534 1.0
13393 535 0.0
13375 535 0.0
13415 536 0.0
13442 537 0.0
13455 538 1.0
13484 539 0.0
13521 540 0.0
13510 540 0.0
13529 541 0.0
13569 542 0.0
13581 543 0.0
13614 544 0.0
13610 544 0.0
13644 545 1.0
13661 546 1.0
13687 547 1.0
13704 548 1.0
13727 549 0.0
13742 549 0.0
13769 550 0.0
13784 551 0.0
13807 552 1.0
13830 553 0.0
13866 554 1.0
13894 555 1.0
13921 556 0.0
13915 556 0.0
13949 557 0.0
13932 557 0.0
13968 558 0.0
13988 559 0.0
14019 560 0.0
14030 561 1.0
14031 561 1.0
14067 562 1.0
14087 563 1.0
14075 563 1.0
14103 564 0.0
14136 565 0.0
14153 566 1.0
14178 567 0.0
14204 568 0.0
14235 569 1.0
14255 570 0.0
14292 571 0.0
14311 572 1.0
14346 573 0.0
14339 573 0.0
14368 574 0.0
14356 574 0.0
14393 575 1.0
14415 576 0.0
14438 577 0.0
14456 578 0.0
14483 579 1.0
14508 580 0.0
14539 581 0.0
14566 582 1.0
14583 583 1.0
14613 584 1.0
14631 585 0.0
14659 586 0.0
14658 586 0.0
14691 587 1.0
14717 588 0.0
14731 589 0.0
14749 589 0.0
14756 590 0.0
14790 591 1.0
14804 592 1.0
14832 593 1.0
14854 594 1.0
14893 595 0.0
14903 596 0.0
14932 597 1.0
14969 598 1.0
14983 599 1.0
15007 600 0.0
15033 601 0.0
15058 602 0.0
15078 603 0.0
15116 604 1.0
15138 605 1.0
15161 606 0.0
15177 607 0.0
15210 608 1.0
15239 609 1.0
15258 610 0.0
15296 611 0.0
15293 611 0.0
15317 612 1.0
15334 613 1.0
15365 614 1.0
15392 615 1.0
15407 616 1.0
15434 617 1.0
15450 618 1.0
15463 618 1.0
15488 619 0.0
15516 620 1.0
15542 621 0.0
15530 621 0.0
15559 622 1.0
15596 623 0.0
15588 623 0.0
15611 624 0.0
15639 625 1.0
15628 625 1.0
15665 626 0.0
15693 627 1.0
15702 628 1.0
15729 629 1.0
15767 630 1.0
15782 631 0.0
15817 632 0.0
15836 633 1.0
15848 633 1.0
15862 634 1.0
15887 635 0.0
15911 636 0.0
15903 636 0.0
15925 637 1.0
15941 637 1.0
15951 638 0.0
15982 639 1.0
16006 640 0.0
16029 641 0.0
16061 642 0.0
16080 643 1.0
16106 644 0.0
16137 645 0.0
16166 646 1.0
16180 647 1.0
16202 648 1.0
16239 649 1.0
16264 650 0.0
16293 651 1.0
16311 652 1.0
16343 653 1.0
16366 654 1.0
16376 655 1.0
16382 655 1.0
16417 656 1.0
16430 657 1.0
16471 658 0.0
16466 658 0.0
16483 659 1.0
16510 660 0.0
16527 661 1.0
16564 662 1.0
16560 662 1.0
16578 663 1.0
16576 663 1.0
16617 664 0.0
16635 665 0.0
16668 666 1.0
16659 666 1.0
16681 667 0.0
16709 668 0.0
16726 669 0.0
16752 670 1.0
16778 671 1.0
16784 671 1.0
16803 672 1.0
16839 673 1.0
16874 674 0.0
16860 674 0.0
16884 675 0.0
16900 676 0.0
16903 676 0.0
16913 676 0.0
16932 677 0.0
16967 678 1.0
16972 678 1.0
16999 679 0.0
16988 679 0.0
16994 679 0.0
17006 680 1.0
17029 681 1.0
17060 682 1.0
17082 683 0.0
17111 684 1.0
17142 685 0.0
17157 686 0.0
17191 687 1.0
17221 688 0.0
17210 688 0.0
17241 689 0.0
17269 690 1.0
17287 691 1.0
17310 692 1.0
17330 693 1.0
17329 693 1.0
17355 694 1.0
17384 695 0.0
17411 696 1.0
17431 697 0.0
17458 698 0.0
17474 698 0.0
17480 699 0.0
17485 699 0.0
17475 699 0.0
17505 700 1.0
17533 701 1.0
17557 702 1.0
17586 703 1.0
17615 704 1.0
17633 705 0.0
17657 706 0.0
17680 707 0.0
17700 708 1.0
17718 708 1.0
17742 709 1.0
17762 710 1.0
17778 711 1.0
17819 712 0.0
17834 713 0.0
17832 713 0.0
17861 714 0.0
17885 715 0.0
17913 716 0.0
17903 716 0.0
17902 716 0.0
17926 717 1.0
17959 718 1.0
17977 719 0.0
17991 719 0.0
18018 720 1.0
18044 721 0.0
18054 722 1.0
18083 723 0.0
18103 724 0.0
18146 725 0.0
18135 725 0.0
18174 726 0.0
18157 726 0.0
18178 727 0.0
18224 728 0.0
18213 728 0.0
18233 729 0.0
18265 730 0.0
18281 731 0.0
18311 732 1.0
18344 733 1.0
18366 734 1.0
18379 735 1.0
18405 736 1.0
18431 737 0.0
18454 738 1.0
18463 738 1.0
18478 739 0.0
18488 739 0.0
18505 740 1.0
18531 741 1.0
18567 742 1.0
18582 743 1.0
18605 744 0.0
18631 745 1.0
18657 746 1.0
18680 747 1.0
18679 747 1.0
18718 748 1.0
18740 749 1.0
18758 750 1.0
18780 751 1.0
18805 752 1.0
18839 753 0.0
18862 754 1.0
18881 755 1.0
18906 756 0.0
18935 757 1.0
18955 758 0.0
18985 759 0.0
18994 759 0.0
19015 760 0.0
19029 761 1.0
19052 762 0.0
19080 763 1.0
19087 763 1.0
19117 764 1.0
19101 764 1.0
19144 765 1.0
19152 766 0.0
19183 767 1.0
19203 768 1.0
19216 768 1.0
19206 768 1.0
19239 769 0.0
19259 770 1.0
19269 770 1.0
19288 771 1.0
19324 772 0.0
19307 772 0.0
19339 773 1.0
19363 774 0.0
19356 774 0.0
19384 775 1.0
19418 776 1.0
19433 777 0.0
19454 778 0.0
19462 778 0.0
19484 779 1.0
19510 780 1.0
19534 781 1.0
19556 782 0.0
19583 783 0.0
19614 784 0.0
19624 784 0.0
19631 785 0.0
19669 786 1.0
19688 787 1.0
19685 787 1.0
19712 788 0.0
19743 789 0.0
19762 790 1.0
19782 791 1.0
19811 792 1.0
19843 793 1.0
19868 794 1.0
19881 795 1.0
19910 796 1.0
19928 797 1.0
19969 798 1.0
19981 799 1.0
 fin motif
# 1 target:0 c+:2 c-:8 score:7.28049930525801 score+:5.483820154672306 score-:21.50091862623993 nb:2 =l_1c_15 l_1c_14 
3277 131 1.0
4906 196 0.0
6903 276 0.0
10630 425 0.0
12078 483 0.0
12679 507 0.0
14300 572 1.0
15008 600 0.0
16851 674 0.0
17978 719 0.0
 fin motif
