# 0 target:1 c+:382 c-:25 score:315.6045650632108 score+:2084.267171665584 score-:64.3979552610352 nb:9 =l_2c_8 l_2c_0 l_2c_11 l_2c_17 l_2c_19 l_2c_18 l_2c_2 l_2c_5 l_2c_1 
698 27 1.0
823 32 1.0
923 36 1.0
948 37 1.0
1198 47 1.0
1423 56 1.0
2173 86 1.0
2498 99 1.0
2623 104 1.0
2748 109 1.0
2948 117 1.0
2973 118 1.0
3348 133 1.0
3673 146 1.0
3948 157 1.0
4148 165 1.0
4348 173 1.0
4473 178 1.0
4548 181 0.0
5098 203 1.0
5123 204 1.0
5948 237 1.0
6948 277 1.0
6998 279 1.0
7220 288 0.0
7248 289 1.0
7823 312 1.0
8148 325 1.0
8448 337 0.0
8498 339 1.0
8673 346 1.0
9498 379 1.0
9973 398 1.0
10173 406 1.0
10373 414 1.0
10398 415 1.0
11123 444 1.0
11398 455 1.0
11998 479 1.0
12298 491 1.0
12498 499 1.0
12598 503 1.0
12648 505 1.0
12748 509 1.0
13073 522 1.0
13148 525 1.0
13273 530 1.0
13673 546 1.0
13898 555 1.0
14048 561 1.0
14173 566 1.0
14398 575 1.0
14498 579 1.0
14673 586 0.0
14798 591 1.0
14848 593 1.0
14873 594 1.0
15373 614 1.0
15398 615 1.0
15423 616 1.0
15523 620 1.0
15698 627 1.0
15998 639 1.0
16348 653 1.0
16823 672 1.0
17073 682 1.0
17323 692 1.0
17623 704 1.0
17773 710 1.0
17948 717 1.0
17973 718 1.0
18023 720 1.0
18373 734 1.0
18548 741 1.0
18698 747 1.0
18723 748 1.0
18873 754 1.0
19548 781 1.0
19798 791 1.0
19923 796 1.0
19948 797 1.0
22 0 1.0
47 1 1.0
72 2 1.0
147 5 1.0
172 6 1.0
197 7 1.0
222 8 1.0
272 10 1.0
322 12 1.0
347 13 1.0
372 14 1.0
397 15 1.0
398 15 1.0
447 17 1.0
472 18 1.0
522 20 0.0
548 21 0.0
597 23 1.0
697 27 1.0
722 28 1.0
747 29 1.0
822 32 1.0
896 35 0.0
922 36 1.0
947 37 1.0
973 38 1.0
1097 43 1.0
1172 46 1.0
1197 47 1.0
1247 49 1.0
1273 50 1.0
1272 50 1.0
1297 51 1.0
1347 53 1.0
1422 56 1.0
1497 59 1.0
1572 62 1.0
1648 65 1.0
1647 65 1.0
1672 66 1.0
1698 67 1.0
1697 67 1.0
1747 69 1.0
1822 72 1.0
1847 73 1.0
1923 76 1.0
1922 76 1.0
1972 78 1.0
2022 80 1.0
2023 80 1.0
2147 85 1.0
2172 86 1.0
2197 87 1.0
2198 87 1.0
2222 88 1.0
2372 94 1.0
2422 96 1.0
2497 99 1.0
2522 100 1.0
2572 102 1.0
2622 104 1.0
2647 105 1.0
2672 106 1.0
2697 107 1.0
2747 109 1.0
2772 110 1.0
2797 111 1.0
2822 112 1.0
2847 113 1.0
2947 117 1.0
2972 118 1.0
3023 120 1.0
3022 120 1.0
3073 122 1.0
3072 122 1.0
3147 125 1.0
3173 126 1.0
3222 128 1.0
3247 129 1.0
3273 130 1.0
3272 130 1.0
3297 131 1.0
3347 133 1.0
3372 134 1.0
3572 142 1.0
3622 144 1.0
3647 145 1.0
3672 146 1.0
3722 148 1.0
3772 150 1.0
3822 152 1.0
3872 154 1.0
3947 157 1.0
3997 159 1.0
4022 160 1.0
4048 161 1.0
4047 161 1.0
4072 162 1.0
4097 163 1.0
4147 165 1.0
4197 167 1.0
4347 173 1.0
4472 178 1.0
4547 181 0.0
4597 183 1.0
4622 184 1.0
4698 187 0.0
4722 188 1.0
4747 189 1.0
4773 190 1.0
4772 190 1.0
4797 191 0.0
4822 192 1.0
4823 192 1.0
4972 198 1.0
5047 201 1.0
5072 202 1.0
5097 203 1.0
5122 204 1.0
5147 205 1.0
5197 207 1.0
5248 209 1.0
5247 209 1.0
5322 212 1.0
5347 213 1.0
5372 214 1.0
5422 216 1.0
5423 216 1.0
5472 218 1.0
5497 219 1.0
5547 221 1.0
5572 222 1.0
5622 224 1.0
5623 224 1.0
5672 226 1.0
5722 228 1.0
5747 229 1.0
5798 231 1.0
5797 231 1.0
5847 233 1.0
5947 237 1.0
6072 242 1.0
6097 243 1.0
6098 243 1.0
6297 251 1.0
6322 252 1.0
6347 253 1.0
6422 256 1.0
6447 257 1.0
6472 258 1.0
6473 258 1.0
6523 260 1.0
6522 260 1.0
6571 262 0.0
6647 265 1.0
6672 266 1.0
6722 268 1.0
6798 271 0.0
6822 272 1.0
6872 274 1.0
6947 277 1.0
6997 279 1.0
7022 280 1.0
7047 281 1.0
7147 285 1.0
7247 289 1.0
7272 290 1.0
7297 291 1.0
7322 292 1.0
7422 296 1.0
7522 300 1.0
7622 304 1.0
7697 307 1.0
7723 308 1.0
7722 308 1.0
7772 310 1.0
7797 311 1.0
7822 312 1.0
7848 313 1.0
7847 313 1.0
8097 323 1.0
8122 324 1.0
8147 325 1.0
8222 328 1.0
8272 330 1.0
8322 332 1.0
8323 332 1.0
8347 333 1.0
8422 336 1.0
8447 337 0.0
8473 338 1.0
8497 339 1.0
8672 346 1.0
8697 347 1.0
8698 347 1.0
8747 349 1.0
8748 349 1.0
8822 352 1.0
9047 361 1.0
9173 366 1.0
9247 369 1.0
9297 371 1.0
9397 375 1.0
9472 378 1.0
9473 378 1.0
9497 379 1.0
9572 382 1.0
9573 382 1.0
9647 385 1.0
9648 385 1.0
9672 386 1.0
9722 388 1.0
9747 389 1.0
9822 392 1.0
9872 394 1.0
9873 394 1.0
9972 398 1.0
9998 399 1.0
9997 399 1.0
10072 402 1.0
10097 403 1.0
10122 404 1.0
10147 405 1.0
10172 406 1.0
10247 409 1.0
10297 411 1.0
10322 412 1.0
10372 414 1.0
10397 415 1.0
10423 416 1.0
10422 416 1.0
10447 417 1.0
10472 418 1.0
10547 421 1.0
10597 423 1.0
10674 426 0.0
10722 428 1.0
11047 441 1.0
11072 442 1.0
11097 443 1.0
11122 444 1.0
11147 445 1.0
11172 446 1.0
11222 448 1.0
11272 450 1.0
11297 451 1.0
11397 455 1.0
11422 456 1.0
11447 457 1.0
11572 462 1.0
11597 463 1.0
11723 468 1.0
11722 468 1.0
11822 472 1.0
11823 472 1.0
11898 475 1.0
11897 475 1.0
11922 476 1.0
11947 477 1.0
11973 478 1.0
11972 478 1.0
11997 479 1.0
12022 480 1.0
12122 484 1.0
12272 490 1.0
12297 491 1.0
12322 492 1.0
12472 498 1.0
12497 499 1.0
12522 500 1.0
12597 503 1.0
12622 504 1.0
12647 505 1.0
12672 506 1.0
12722 508 1.0
12747 509 1.0
12797 511 1.0
12897 515 1.0
12972 518 1.0
13047 521 1.0
13072 522 1.0
13147 525 1.0
13172 526 1.0
13222 528 1.0
13223 528 1.0
13272 530 1.0
13322 532 1.0
13372 534 1.0
13472 538 1.0
13647 545 1.0
13672 546 1.0
13697 547 1.0
13722 548 1.0
13822 552 1.0
13872 554 1.0
13897 555 1.0
14047 561 1.0
14072 562 1.0
14097 563 1.0
14172 566 1.0
14247 569 1.0
14322 572 1.0
14397 575 1.0
14497 579 1.0
14572 582 1.0
14598 583 1.0
14597 583 1.0
14622 584 1.0
14672 586 0.0
14697 587 1.0
14797 591 1.0
14822 592 1.0
14847 593 1.0
14872 594 1.0
14947 597 1.0
14972 598 1.0
14973 598 1.0
14997 599 1.0
15122 604 1.0
15147 605 1.0
15222 608 1.0
15247 609 1.0
15274 610 0.0
15322 612 1.0
15347 613 1.0
15372 614 1.0
15397 615 1.0
15422 616 1.0
15447 617 1.0
15472 618 1.0
15522 620 1.0
15572 622 1.0
15573 622 1.0
15647 625 1.0
15697 627 1.0
15722 628 1.0
15747 629 1.0
15773 630 1.0
15772 630 1.0
15847 633 1.0
15872 634 1.0
15947 637 1.0
15997 639 1.0
16097 643 1.0
16098 643 1.0
16172 646 1.0
16197 647 1.0
16222 648 1.0
16247 649 1.0
16297 651 1.0
16322 652 1.0
16347 653 1.0
16372 654 1.0
16397 655 1.0
16422 656 1.0
16447 657 1.0
16497 659 1.0
16547 661 1.0
16572 662 1.0
16597 663 1.0
16672 666 1.0
16772 670 1.0
16797 671 1.0
16822 672 1.0
16847 673 1.0
17022 680 1.0
17047 681 1.0
17072 682 1.0
17122 684 1.0
17197 687 1.0
17272 690 1.0
17273 690 1.0
17297 691 1.0
17322 692 1.0
17347 693 1.0
17372 694 1.0
17422 696 1.0
17523 700 1.0
17522 700 1.0
17547 701 1.0
17572 702 1.0
17598 703 1.0
17597 703 1.0
17622 704 1.0
17722 708 1.0
17747 709 1.0
17772 710 1.0
17797 711 1.0
17947 717 1.0
17972 718 1.0
18022 720 1.0
18072 722 1.0
18322 732 1.0
18347 733 1.0
18372 734 1.0
18397 735 1.0
18422 736 1.0
18472 738 1.0
18522 740 1.0
18547 741 1.0
18572 742 1.0
18597 743 1.0
18672 746 1.0
18673 746 1.0
18697 747 1.0
18722 748 1.0
18747 749 1.0
18772 750 1.0
18773 750 1.0
18797 751 1.0
18822 752 1.0
18872 754 1.0
18897 755 1.0
18947 757 1.0
19023 760 0.0
19047 761 1.0
19097 763 1.0
19122 764 1.0
19147 765 1.0
19197 767 1.0
19222 768 1.0
19272 770 1.0
19297 771 1.0
19347 773 1.0
19397 775 1.0
19422 776 1.0
19497 779 1.0
19522 780 1.0
19547 781 1.0
19672 786 1.0
19697 787 1.0
19773 790 1.0
19772 790 1.0
19797 791 1.0
19822 792 1.0
19847 793 1.0
19848 793 1.0
19873 794 1.0
19872 794 1.0
19897 795 1.0
19922 796 1.0
19947 797 1.0
19972 798 1.0
19997 799 1.0
1546 61 0.0
2271 90 0.0
3846 153 0.0
4949 197 0.0
7674 306 0.0
13499 539 0.0
14124 564 0.0
16274 650 0.0
17449 697 0.0
18124 724 0.0
18196 727 0.0
 fin motif
# 1 target:1 c+:392 c-:369 score:117.35013944917753 score+:1548.536877415746 score-:727.0859012715035 nb:10 =l_2c_13 l_2c_5 l_2c_1 l_2c_10 l_2c_19 l_2c_0 l_2c_11 l_2c_17 l_2c_2 l_2c_4 
698 27 1.0
823 32 1.0
923 36 1.0
948 37 1.0
1198 47 1.0
1423 56 1.0
2173 86 1.0
2498 99 1.0
2623 104 1.0
2748 109 1.0
2948 117 1.0
2973 118 1.0
3348 133 1.0
3673 146 1.0
3948 157 1.0
4148 165 1.0
4348 173 1.0
4473 178 1.0
4548 181 0.0
5098 203 1.0
5123 204 1.0
5948 237 1.0
6948 277 1.0
6998 279 1.0
7248 289 1.0
7823 312 1.0
8148 325 1.0
8448 337 0.0
8673 346 1.0
9498 379 1.0
9973 398 1.0
10173 406 1.0
10373 414 1.0
10398 415 1.0
11123 444 1.0
11398 455 1.0
11998 479 1.0
12298 491 1.0
12498 499 1.0
12598 503 1.0
12648 505 1.0
12748 509 1.0
13073 522 1.0
13148 525 1.0
13273 530 1.0
13898 555 1.0
14048 561 1.0
14173 566 1.0
14398 575 1.0
14498 579 1.0
14673 586 0.0
14798 591 1.0
14848 593 1.0
14873 594 1.0
15373 614 1.0
15398 615 1.0
15423 616 1.0
15523 620 1.0
15698 627 1.0
15998 639 1.0
16348 653 1.0
16823 672 1.0
17073 682 1.0
17323 692 1.0
17623 704 1.0
17773 710 1.0
17948 717 1.0
17973 718 1.0
18023 720 1.0
18373 734 1.0
18548 741 1.0
18698 747 1.0
18873 754 1.0
19548 781 1.0
19798 791 1.0
19923 796 1.0
19948 797 1.0
8 0 1.0
48 1 1.0
73 2 1.0
99 3 1.0
98 3 1.0
148 5 1.0
173 6 1.0
177 7 1.0
223 8 1.0
206 8 1.0
245 9 0.0
253 10 1.0
299 11 0.0
320 12 1.0
323 12 1.0
349 13 1.0
348 13 1.0
373 14 1.0
395 15 1.0
424 16 0.0
448 17 1.0
445 17 1.0
473 18 1.0
495 19 0.0
523 20 0.0
545 21 0.0
570 22 0.0
598 23 1.0
620 24 0.0
646 25 0.0
670 26 0.0
705 28 1.0
749 29 1.0
748 29 1.0
774 30 0.0
795 31 0.0
831 33 0.0
845 33 0.0
870 34 0.0
895 35 0.0
983 39 0.0
1000 40 0.0
1049 41 0.0
1070 42 0.0
1075 43 1.0
1120 44 0.0
1149 45 0.0
1174 46 1.0
1173 46 1.0
1220 48 0.0
1230 49 1.0
1266 50 1.0
1295 51 1.0
1298 51 1.0
1333 53 1.0
1370 54 0.0
1395 55 0.0
1470 58 0.0
1486 59 1.0
1524 60 0.0
1545 61 0.0
1555 62 1.0
1595 63 0.0
1623 64 1.0
1645 65 1.0
1673 66 1.0
1695 67 1.0
1720 68 0.0
1729 69 1.0
1770 70 0.0
1752 70 0.0
1795 71 0.0
1803 72 1.0
1845 73 1.0
1848 73 1.0
1870 74 0.0
1895 75 0.0
1881 75 0.0
1920 76 1.0
1945 77 0.0
1970 78 1.0
1973 78 1.0
1976 79 0.0
2006 80 1.0
2045 81 0.0
2070 82 0.0
2095 83 0.0
2121 84 0.0
2148 85 1.0
2145 85 1.0
2195 87 1.0
2220 88 1.0
2223 88 1.0
2230 89 0.0
2270 90 0.0
2295 91 0.0
2322 92 1.0
2324 92 1.0
2334 93 0.0
2373 94 1.0
2370 94 1.0
2385 95 0.0
2408 96 1.0
2470 98 0.0
2523 100 1.0
2549 101 0.0
2573 102 1.0
2648 105 1.0
2657 106 1.0
2698 107 1.0
2699 107 1.0
2724 108 0.0
2773 110 1.0
2770 110 1.0
2795 111 1.0
2798 111 1.0
2823 112 1.0
2824 112 1.0
2845 113 1.0
2848 113 1.0
2870 114 0.0
2899 115 0.0
2920 116 0.0
2995 119 0.0
3020 120 1.0
3045 121 0.0
3058 122 1.0
3085 123 0.0
3124 124 0.0
3148 125 1.0
3199 127 0.0
3201 128 1.0
3249 129 1.0
3248 129 1.0
3270 130 1.0
3298 131 1.0
3324 132 0.0
3352 134 1.0
3381 135 0.0
3395 135 0.0
3420 136 0.0
3495 139 0.0
3510 140 0.0
3520 140 0.0
3545 141 0.0
3556 142 1.0
3613 144 1.0
3649 145 1.0
3648 145 1.0
3711 148 1.0
3745 149 0.0
3773 150 1.0
3774 150 1.0
3795 151 0.0
3824 152 1.0
3823 152 1.0
3845 153 0.0
3874 154 1.0
3873 154 1.0
3895 155 0.0
3924 156 0.0
3970 158 0.0
3952 158 0.0
3998 159 1.0
3999 159 1.0
4023 160 1.0
4020 160 1.0
4028 161 1.0
4073 162 1.0
4070 162 1.0
4098 163 1.0
4122 164 1.0
4130 165 1.0
4170 166 0.0
4182 167 1.0
4203 168 0.0
4245 169 0.0
4270 170 0.0
4295 171 0.0
4320 172 0.0
4310 172 0.0
4336 173 1.0
4371 174 0.0
4377 175 0.0
4395 175 0.0
4424 176 0.0
4445 177 0.0
4497 179 1.0
4520 180 0.0
4532 181 0.0
4570 182 0.0
4598 183 1.0
4595 183 1.0
4624 184 1.0
4623 184 1.0
4645 185 0.0
4670 186 0.0
4695 187 0.0
4723 188 1.0
4720 188 1.0
4748 189 1.0
4745 189 1.0
4770 190 1.0
4798 191 0.0
4820 192 1.0
4845 193 0.0
4896 195 0.0
4920 196 0.0
4945 197 0.0
4973 198 1.0
4974 198 1.0
4982 199 0.0
5020 200 0.0
5048 201 1.0
5045 201 1.0
5074 202 1.0
5073 202 1.0
5079 203 1.0
5148 205 1.0
5170 206 0.0
5198 207 1.0
5220 208 0.0
5245 209 1.0
5270 210 0.0
5299 211 0.0
5323 212 1.0
5320 212 1.0
5325 213 1.0
5357 214 1.0
5384 215 0.0
5420 216 1.0
5446 217 0.0
5461 218 1.0
5498 219 1.0
5520 220 0.0
5525 221 1.0
5573 222 1.0
5574 222 1.0
5595 223 0.0
5620 224 1.0
5645 225 0.0
5673 226 1.0
5670 226 1.0
5695 227 0.0
5709 228 1.0
5748 229 1.0
5745 229 1.0
5774 230 0.0
5795 231 1.0
5821 232 0.0
5845 233 1.0
5848 233 1.0
5870 234 0.0
5896 235 0.0
5920 236 0.0
5970 238 0.0
5991 239 0.0
6020 240 0.0
6045 241 0.0
6073 242 1.0
6095 243 1.0
6120 244 0.0
6149 245 0.0
6170 246 0.0
6195 247 0.0
6202 248 0.0
6245 249 0.0
6274 250 0.0
6298 251 1.0
6295 251 1.0
6323 252 1.0
6300 252 1.0
6329 253 1.0
6371 254 0.0
6395 255 0.0
6406 256 1.0
6432 257 1.0
6470 258 1.0
6499 259 0.0
6520 260 1.0
6545 261 0.0
6570 262 0.0
6595 263 0.0
6620 264 0.0
6637 265 1.0
6673 266 1.0
6674 266 1.0
6695 267 0.0
6720 268 1.0
6705 268 1.0
6745 269 0.0
6795 271 0.0
6823 272 1.0
6828 273 0.0
6873 274 1.0
6870 274 1.0
6895 275 0.0
6920 276 0.0
6927 277 1.0
6970 278 0.0
7000 280 1.0
7045 281 1.0
7048 281 1.0
7071 282 0.0
7084 283 0.0
7120 284 0.0
7136 285 1.0
7126 285 1.0
7170 286 0.0
7195 287 0.0
7202 288 0.0
7200 288 0.0
7274 290 1.0
7273 290 1.0
7299 291 1.0
7298 291 1.0
7300 292 1.0
7323 292 1.0
7345 293 0.0
7374 294 0.0
7395 295 0.0
7423 296 1.0
7424 296 1.0
7445 297 0.0
7450 298 0.0
7495 299 0.0
7523 300 1.0
7520 300 1.0
7546 301 0.0
7570 302 0.0
7595 303 0.0
7624 304 1.0
7623 304 1.0
7647 305 1.0
7670 306 0.0
7685 307 1.0
7720 308 1.0
7748 309 1.0
7749 309 1.0
7773 310 1.0
7770 310 1.0
7798 311 1.0
7812 312 1.0
7845 313 1.0
7870 314 0.0
7855 314 0.0
7899 315 0.0
7920 316 0.0
7935 317 0.0
7945 317 0.0
7973 318 1.0
7974 318 1.0
7995 319 0.0
8021 320 0.0
8004 320 0.0
8029 321 0.0
8049 321 0.0
8071 322 0.0
8095 323 1.0
8098 323 1.0
8120 324 1.0
8123 324 1.0
8127 325 1.0
8200 328 1.0
8204 328 1.0
8245 329 0.0
8258 330 1.0
8299 331 0.0
8320 332 1.0
8348 333 1.0
8345 333 1.0
8370 334 0.0
8375 335 0.0
8406 336 1.0
8432 337 0.0
8482 339 1.0
8520 340 0.0
8545 341 0.0
8574 342 0.0
8595 343 0.0
8620 344 0.0
8649 345 0.0
8695 347 1.0
8720 348 0.0
8737 349 1.0
8774 350 0.0
8823 352 1.0
8845 353 0.0
8870 354 0.0
8920 356 0.0
8949 357 0.0
8970 358 0.0
9020 360 0.0
9011 360 0.0
9048 361 1.0
9070 362 0.0
9107 364 0.0
9134 365 0.0
9196 367 0.0
9220 368 0.0
9233 369 1.0
9270 370 0.0
9298 371 1.0
9295 371 1.0
9303 372 0.0
9345 373 0.0
9355 374 0.0
9399 375 1.0
9398 375 1.0
9403 376 0.0
9427 377 0.0
9470 378 1.0
9495 379 1.0
9545 381 0.0
9570 382 1.0
9596 383 0.0
9645 385 1.0
9670 386 1.0
9673 386 1.0
9675 387 0.0
9720 388 1.0
9723 388 1.0
9748 389 1.0
9785 391 0.0
9800 392 1.0
9870 394 1.0
9881 395 0.0
9920 396 0.0
9932 397 0.0
9984 399 1.0
10020 400 0.0
10028 401 0.0
10070 402 1.0
10073 402 1.0
10098 403 1.0
10099 403 1.0
10124 404 1.0
10123 404 1.0
10139 405 1.0
10199 407 0.0
10220 408 0.0
10248 409 1.0
10274 410 1.0
10273 410 1.0
10299 411 1.0
10298 411 1.0
10323 412 1.0
10320 412 1.0
10345 413 0.0
10363 414 1.0
10376 415 1.0
10420 416 1.0
10430 417 1.0
10470 418 1.0
10473 418 1.0
10524 420 0.0
10548 421 1.0
10545 421 1.0
10574 422 0.0
10598 423 1.0
10620 424 0.0
10645 425 0.0
10670 426 0.0
10723 428 1.0
10725 429 0.0
10795 431 0.0
10781 431 0.0
10824 432 0.0
10829 433 0.0
10854 434 0.0
10870 434 0.0
10895 435 0.0
10920 436 0.0
10945 437 0.0
10973 438 1.0
10974 438 1.0
10997 439 1.0
11020 440 0.0
11034 441 1.0
11057 442 1.0
11066 442 1.0
11073 442 1.0
11080 443 1.0
11148 445 1.0
11149 445 1.0
11161 446 1.0
11195 447 0.0
11200 448 1.0
11236 449 1.0
11252 450 1.0
11282 451 1.0
11320 452 0.0
11345 453 0.0
11370 454 0.0
11380 455 1.0
11423 456 1.0
11448 457 1.0
11445 457 1.0
11470 458 0.0
11495 459 0.0
11508 460 0.0
11520 460 0.0
11549 461 0.0
11574 462 1.0
11573 462 1.0
11598 463 1.0
11595 463 1.0
11620 464 0.0
11634 465 0.0
11674 466 0.0
11695 467 0.0
11720 468 1.0
11745 469 0.0
11770 470 0.0
11795 471 0.0
11820 472 1.0
11845 473 0.0
11870 474 0.0
11895 475 1.0
11923 476 1.0
11948 477 1.0
11945 477 1.0
11970 478 1.0
11977 479 1.0
12024 480 1.0
12023 480 1.0
12046 481 0.0
12057 482 0.0
12079 483 0.0
12120 484 1.0
12123 484 1.0
12145 485 0.0
12127 485 0.0
12174 486 0.0
12195 487 0.0
12245 489 0.0
12259 490 1.0
12303 492 1.0
12323 492 1.0
12345 493 0.0
12370 494 0.0
12395 495 0.0
12405 496 0.0
12445 497 0.0
12473 498 1.0
12523 500 1.0
12520 500 1.0
12545 501 0.0
12570 502 0.0
12623 504 1.0
12620 504 1.0
12652 506 1.0
12695 507 0.0
12723 508 1.0
12728 509 1.0
12770 510 0.0
12798 511 1.0
12795 511 1.0
12820 512 0.0
12846 513 0.0
12870 514 0.0
12877 515 1.0
12920 516 0.0
12949 517 0.0
12973 518 1.0
12974 518 1.0
12977 519 0.0
13020 520 0.0
13048 521 1.0
13095 523 0.0
13120 524 0.0
13173 526 1.0
13170 526 1.0
13220 528 1.0
13245 529 0.0
13295 531 0.0
13323 532 1.0
13327 533 0.0
13345 533 0.0
13370 534 1.0
13373 534 1.0
13375 535 0.0
13420 536 0.0
13445 537 0.0
13450 538 1.0
13495 539 0.0
13520 540 0.0
13545 541 0.0
13570 542 0.0
13596 543 0.0
13620 544 0.0
13648 545 1.0
13670 546 1.0
13698 547 1.0
13695 547 1.0
13723 548 1.0
13724 548 1.0
13727 549 0.0
13745 549 0.0
13795 551 0.0
13823 552 1.0
13824 552 1.0
13845 553 0.0
13850 554 1.0
13873 554 1.0
13921 556 0.0
13949 557 0.0
13995 559 0.0
14030 561 1.0
14073 562 1.0
14075 563 1.0
14120 564 0.0
14138 565 0.0
14195 567 0.0
14205 568 0.0
14200 568 0.0
14245 569 1.0
14248 569 1.0
14270 570 0.0
14279 571 0.0
14323 572 1.0
14346 573 0.0
14356 574 0.0
14420 576 0.0
14445 577 0.0
14427 577 0.0
14453 578 0.0
14470 578 0.0
14520 580 0.0
14545 581 0.0
14573 582 1.0
14595 583 1.0
14620 584 1.0
14623 584 1.0
14645 585 0.0
14670 586 0.0
14695 587 1.0
14698 587 1.0
14720 588 0.0
14749 589 0.0
14766 590 0.0
14824 592 1.0
14823 592 1.0
14826 593 1.0
14853 594 1.0
14895 595 0.0
14920 596 0.0
14948 597 1.0
14945 597 1.0
14955 598 1.0
14998 599 1.0
15024 600 0.0
15063 602 0.0
15095 603 0.0
15123 604 1.0
15120 604 1.0
15148 605 1.0
15149 605 1.0
15170 606 0.0
15195 607 0.0
15206 608 1.0
15248 609 1.0
15245 609 1.0
15270 610 0.0
15296 611 0.0
15323 612 1.0
15320 612 1.0
15345 613 1.0
15348 613 1.0
15351 614 1.0
15375 615 1.0
15449 617 1.0
15448 617 1.0
15450 618 1.0
15495 619 0.0
15506 620 1.0
15530 621 0.0
15545 621 0.0
15570 622 1.0
15596 623 0.0
15620 624 0.0
15607 624 0.0
15628 625 1.0
15724 628 1.0
15723 628 1.0
15748 629 1.0
15745 629 1.0
15770 630 1.0
15795 631 0.0
15820 632 0.0
15848 633 1.0
15873 634 1.0
15895 635 0.0
15903 636 0.0
15925 637 1.0
15970 638 0.0
15975 639 1.0
16020 640 0.0
16045 641 0.0
16070 642 0.0
16084 643 1.0
16120 644 0.0
16110 644 0.0
16145 645 0.0
16170 646 1.0
16173 646 1.0
16199 647 1.0
16198 647 1.0
16223 648 1.0
16248 649 1.0
16231 649 1.0
16245 649 1.0
16270 650 0.0
16298 651 1.0
16276 651 1.0
16323 652 1.0
16324 652 1.0
16370 654 1.0
16373 654 1.0
16382 655 1.0
16408 656 1.0
16448 657 1.0
16445 657 1.0
16471 658 0.0
16499 659 1.0
16498 659 1.0
16520 660 0.0
16548 661 1.0
16545 661 1.0
16564 662 1.0
16576 663 1.0
16620 664 0.0
16645 665 0.0
16673 666 1.0
16674 666 1.0
16695 667 0.0
16720 668 0.0
16745 669 0.0
16773 670 1.0
16770 670 1.0
16784 671 1.0
16828 673 1.0
16826 673 1.0
16874 674 0.0
16895 675 0.0
16881 675 0.0
16900 676 0.0
16945 677 0.0
16972 678 1.0
16995 679 0.0
17020 680 1.0
17023 680 1.0
17048 681 1.0
17045 681 1.0
17095 683 0.0
17123 684 1.0
17145 685 0.0
17170 686 0.0
17195 687 1.0
17198 687 1.0
17221 688 0.0
17270 690 1.0
17298 691 1.0
17335 693 1.0
17329 693 1.0
17373 694 1.0
17374 694 1.0
17395 695 0.0
17423 696 1.0
17432 697 0.0
17474 698 0.0
17475 699 0.0
17520 700 1.0
17548 701 1.0
17545 701 1.0
17573 702 1.0
17570 702 1.0
17579 703 1.0
17662 706 0.0
17695 707 0.0
17723 708 1.0
17748 709 1.0
17745 709 1.0
17798 711 1.0
17834 713 0.0
17870 714 0.0
17903 716 0.0
17934 717 1.0
17995 719 0.0
17977 719 0.0
18020 720 1.0
18039 721 0.0
18073 722 1.0
18070 722 1.0
18095 723 0.0
18120 724 0.0
18146 725 0.0
18174 726 0.0
18195 727 0.0
18220 728 0.0
18245 729 0.0
18271 730 0.0
18295 731 0.0
18323 732 1.0
18348 733 1.0
18345 733 1.0
18352 734 1.0
18395 735 1.0
18398 735 1.0
18423 736 1.0
18420 736 1.0
18425 737 0.0
18454 738 1.0
18453 738 1.0
18451 738 1.0
18499 739 0.0
18478 739 0.0
18523 740 1.0
18520 740 1.0
18570 742 1.0
18573 742 1.0
18599 743 1.0
18598 743 1.0
18620 744 0.0
18608 744 0.0
18649 745 1.0
18648 745 1.0
18670 746 1.0
18680 747 1.0
18715 748 1.0
18748 749 1.0
18745 749 1.0
18770 750 1.0
18798 751 1.0
18799 751 1.0
18823 752 1.0
18845 753 0.0
18895 755 1.0
18898 755 1.0
18924 756 0.0
18945 757 1.0
18948 757 1.0
18970 758 0.0
18985 759 0.0
19020 760 0.0
19048 761 1.0
19035 761 1.0
19055 762 0.0
19098 763 1.0
19095 763 1.0
19101 764 1.0
19149 765 1.0
19148 765 1.0
19170 766 0.0
19198 767 1.0
19199 767 1.0
19203 768 1.0
19259 770 1.0
19298 771 1.0
19299 771 1.0
19324 772 0.0
19348 773 1.0
19370 774 0.0
19363 774 0.0
19398 775 1.0
19395 775 1.0
19423 776 1.0
19445 777 0.0
19454 778 0.0
19498 779 1.0
19495 779 1.0
19511 780 1.0
19520 780 1.0
19571 782 0.0
19581 783 0.0
19624 784 0.0
19645 785 0.0
19673 786 1.0
19688 787 1.0
19720 788 0.0
19745 789 0.0
19770 790 1.0
19795 791 1.0
19800 792 1.0
19845 793 1.0
19870 794 1.0
19895 795 1.0
19898 795 1.0
19930 797 1.0
19973 798 1.0
19970 798 1.0
19998 799 1.0
49 1 1.0
374 14 1.0
449 17 1.0
474 18 1.0
2649 105 1.0
2849 113 1.0
4024 160 1.0
4074 162 1.0
4099 163 1.0
5049 201 1.0
6324 252 1.0
6824 272 1.0
7502 300 1.0
8077 323 1.0
9033 361 1.0
9724 388 1.0
10074 402 1.0
11424 456 1.0
11449 457 1.0
13174 526 1.0
13324 532 1.0
13374 534 1.0
14949 597 1.0
15324 612 1.0
16174 646 1.0
17024 680 1.0
17875 715 0.0
18074 722 1.0
18399 735 1.0
19399 775 1.0
19499 779 1.0
19899 795 1.0
548 21 0.0
624 24 0.0
896 35 0.0
1223 48 0.0
2996 119 0.0
4246 169 0.0
4523 180 0.0
4698 187 0.0
6196 247 0.0
6571 262 0.0
6749 269 0.0
6798 271 0.0
7499 299 0.0
8371 334 0.0
8524 340 0.0
8549 341 0.0
10674 426 0.0
11321 452 0.0
11496 459 0.0
12346 493 0.0
12549 501 0.0
13249 529 0.0
13998 559 0.0
15274 610 0.0
16723 668 0.0
16746 669 0.0
17149 685 0.0
17699 707 0.0
17871 714 0.0
19023 760 0.0
19446 777 0.0
 fin motif
# 2 target:1 c+:219 c-:15 score:46.626164502137904 score+:359.41544024365754 score-:33.03228872869227 nb:10 =l_2c_16 l_2c_0 l_2c_11 l_2c_17 l_2c_19 l_2c_18 l_2c_4 l_2c_5 l_2c_1 l_2c_2 
272 10 1.0
322 12 1.0
397 15 1.0
548 21 0.0
697 27 1.0
822 32 1.0
896 35 0.0
922 36 1.0
947 37 1.0
973 38 1.0
1197 47 1.0
1223 48 0.0
1247 49 1.0
1272 50 1.0
1297 51 1.0
1422 56 1.0
1647 65 1.0
1697 67 1.0
1747 69 1.0
1822 72 1.0
1847 73 1.0
1922 76 1.0
1972 78 1.0
2022 80 1.0
2147 85 1.0
2172 86 1.0
2197 87 1.0
2222 88 1.0
2372 94 1.0
2497 99 1.0
2622 104 1.0
2747 109 1.0
2772 110 1.0
2797 111 1.0
2947 117 1.0
2972 118 1.0
3022 120 1.0
3072 122 1.0
3173 126 1.0
3222 128 1.0
3272 130 1.0
3347 133 1.0
3372 134 1.0
3672 146 1.0
3947 157 1.0
4047 161 1.0
4147 165 1.0
4197 167 1.0
4347 173 1.0
4472 178 1.0
4523 180 0.0
4547 181 0.0
4597 183 1.0
4698 187 0.0
4747 189 1.0
4772 190 1.0
4822 192 1.0
5097 203 1.0
5122 204 1.0
5247 209 1.0
5322 212 1.0
5422 216 1.0
5622 224 1.0
5747 229 1.0
5797 231 1.0
5847 233 1.0
5947 237 1.0
6097 243 1.0
6297 251 1.0
6472 258 1.0
6522 260 1.0
6571 262 0.0
6647 265 1.0
6722 268 1.0
6798 271 0.0
6872 274 1.0
6947 277 1.0
6997 279 1.0
7047 281 1.0
7147 285 1.0
7247 289 1.0
7522 300 1.0
7722 308 1.0
7772 310 1.0
7822 312 1.0
7847 313 1.0
8097 323 1.0
8122 324 1.0
8147 325 1.0
8222 328 1.0
8322 332 1.0
8347 333 1.0
8422 336 1.0
8447 337 0.0
8473 338 1.0
8497 339 1.0
8672 346 1.0
8697 347 1.0
8747 349 1.0
9173 366 1.0
9297 371 1.0
9472 378 1.0
9497 379 1.0
9572 382 1.0
9647 385 1.0
9672 386 1.0
9747 389 1.0
9872 394 1.0
9972 398 1.0
9997 399 1.0
10172 406 1.0
10322 412 1.0
10372 414 1.0
10397 415 1.0
10422 416 1.0
10472 418 1.0
10547 421 1.0
10674 426 0.0
11072 442 1.0
11097 443 1.0
11122 444 1.0
11397 455 1.0
11597 463 1.0
11722 468 1.0
11822 472 1.0
11897 475 1.0
11947 477 1.0
11972 478 1.0
11997 479 1.0
12122 484 1.0
12272 490 1.0
12297 491 1.0
12497 499 1.0
12522 500 1.0
12597 503 1.0
12622 504 1.0
12647 505 1.0
12672 506 1.0
12747 509 1.0
12797 511 1.0
13072 522 1.0
13147 525 1.0
13222 528 1.0
13272 530 1.0
13672 546 1.0
13697 547 1.0
13872 554 1.0
13897 555 1.0
13998 559 0.0
14047 561 1.0
14172 566 1.0
14247 569 1.0
14397 575 1.0
14497 579 1.0
14597 583 1.0
14672 586 0.0
14697 587 1.0
14797 591 1.0
14847 593 1.0
14872 594 1.0
14972 598 1.0
15122 604 1.0
15222 608 1.0
15247 609 1.0
15274 610 0.0
15347 613 1.0
15372 614 1.0
15397 615 1.0
15422 616 1.0
15522 620 1.0
15572 622 1.0
15647 625 1.0
15697 627 1.0
15747 629 1.0
15772 630 1.0
15997 639 1.0
16097 643 1.0
16247 649 1.0
16297 651 1.0
16347 653 1.0
16372 654 1.0
16397 655 1.0
16422 656 1.0
16447 657 1.0
16547 661 1.0
16597 663 1.0
16723 668 0.0
16772 670 1.0
16797 671 1.0
16822 672 1.0
17047 681 1.0
17072 682 1.0
17197 687 1.0
17272 690 1.0
17322 692 1.0
17347 693 1.0
17522 700 1.0
17547 701 1.0
17572 702 1.0
17597 703 1.0
17622 704 1.0
17747 709 1.0
17772 710 1.0
17947 717 1.0
17972 718 1.0
18022 720 1.0
18347 733 1.0
18372 734 1.0
18422 736 1.0
18522 740 1.0
18547 741 1.0
18572 742 1.0
18672 746 1.0
18697 747 1.0
18722 748 1.0
18747 749 1.0
18772 750 1.0
18872 754 1.0
18897 755 1.0
18947 757 1.0
19023 760 0.0
19097 763 1.0
19122 764 1.0
19222 768 1.0
19522 780 1.0
19547 781 1.0
19697 787 1.0
19772 790 1.0
19797 791 1.0
19847 793 1.0
19872 794 1.0
19922 796 1.0
19947 797 1.0
19972 798 1.0
 fin motif
# 3 target:1 c+:182 c-:12 score:17.140233387211428 score+:164.9850682020427 score-:34.7192944592359 nb:11 =l_2c_8 l_2c_0 l_2c_11 l_2c_17 l_2c_19 l_2c_10 l_2c_18 l_2c_4 l_2c_5 l_2c_1 l_2c_2 
698 27 1.0
823 32 1.0
923 36 1.0
948 37 1.0
1198 47 1.0
1423 56 1.0
2173 86 1.0
2498 99 1.0
2623 104 1.0
2748 109 1.0
2948 117 1.0
2973 118 1.0
3348 133 1.0
3673 146 1.0
3948 157 1.0
4148 165 1.0
4348 173 1.0
4473 178 1.0
4548 181 0.0
5098 203 1.0
5123 204 1.0
5948 237 1.0
6948 277 1.0
6998 279 1.0
7220 288 0.0
7248 289 1.0
7823 312 1.0
8148 325 1.0
8448 337 0.0
8498 339 1.0
8673 346 1.0
9498 379 1.0
9973 398 1.0
10173 406 1.0
10373 414 1.0
10398 415 1.0
11123 444 1.0
11398 455 1.0
11998 479 1.0
12298 491 1.0
12498 499 1.0
12598 503 1.0
12648 505 1.0
12748 509 1.0
13073 522 1.0
13148 525 1.0
13273 530 1.0
13673 546 1.0
13898 555 1.0
14048 561 1.0
14173 566 1.0
14398 575 1.0
14498 579 1.0
14673 586 0.0
14798 591 1.0
14848 593 1.0
14873 594 1.0
15373 614 1.0
15398 615 1.0
15423 616 1.0
15523 620 1.0
15698 627 1.0
15998 639 1.0
16348 653 1.0
16823 672 1.0
17073 682 1.0
17323 692 1.0
17623 704 1.0
17773 710 1.0
17948 717 1.0
17973 718 1.0
18023 720 1.0
18373 734 1.0
18548 741 1.0
18698 747 1.0
18723 748 1.0
18873 754 1.0
19548 781 1.0
19798 791 1.0
19923 796 1.0
19948 797 1.0
22 0 1.0
197 7 1.0
347 13 1.0
398 15 1.0
548 21 0.0
747 29 1.0
896 35 0.0
1172 46 1.0
1273 50 1.0
1347 53 1.0
1497 59 1.0
1648 65 1.0
1698 67 1.0
1923 76 1.0
2023 80 1.0
2198 87 1.0
2422 96 1.0
2697 107 1.0
2822 112 1.0
3023 120 1.0
3073 122 1.0
3247 129 1.0
3273 130 1.0
3647 145 1.0
3772 150 1.0
3822 152 1.0
3872 154 1.0
3997 159 1.0
4048 161 1.0
4622 184 1.0
4698 187 0.0
4773 190 1.0
4823 192 1.0
4972 198 1.0
5072 202 1.0
5248 209 1.0
5372 214 1.0
5423 216 1.0
5472 218 1.0
5572 222 1.0
5623 224 1.0
5798 231 1.0
6098 243 1.0
6347 253 1.0
6473 258 1.0
6523 260 1.0
6571 262 0.0
6672 266 1.0
6798 271 0.0
7272 290 1.0
7297 291 1.0
7322 292 1.0
7422 296 1.0
7622 304 1.0
7723 308 1.0
7848 313 1.0
8272 330 1.0
8323 332 1.0
8698 347 1.0
8748 349 1.0
9247 369 1.0
9397 375 1.0
9473 378 1.0
9573 382 1.0
9648 385 1.0
9873 394 1.0
9998 399 1.0
10097 403 1.0
10122 404 1.0
10297 411 1.0
10423 416 1.0
10674 426 0.0
11147 445 1.0
11172 446 1.0
11572 462 1.0
11723 468 1.0
11823 472 1.0
11898 475 1.0
11973 478 1.0
12022 480 1.0
12972 518 1.0
13223 528 1.0
13722 548 1.0
13822 552 1.0
14598 583 1.0
14822 592 1.0
14973 598 1.0
15147 605 1.0
15274 610 0.0
15447 617 1.0
15722 628 1.0
15773 630 1.0
16098 643 1.0
16197 647 1.0
16322 652 1.0
16497 659 1.0
16672 666 1.0
17273 690 1.0
17372 694 1.0
17523 700 1.0
17598 703 1.0
18597 743 1.0
18673 746 1.0
18773 750 1.0
18797 751 1.0
19023 760 0.0
19147 765 1.0
19197 767 1.0
19272 770 1.0
19297 771 1.0
19773 790 1.0
19848 793 1.0
19873 794 1.0
 fin motif
# 4 target:1 c+:396 c-:404 score:15.898636394040778 score+:325.7712440610346 score-:300.3334258305694 nb:1 =l_2c_18 
698 27 1.0
823 32 1.0
923 36 1.0
948 37 1.0
1198 47 1.0
1423 56 1.0
2173 86 1.0
2498 99 1.0
2623 104 1.0
2748 109 1.0
2948 117 1.0
2973 118 1.0
3348 133 1.0
3673 146 1.0
3948 157 1.0
4148 165 1.0
4348 173 1.0
4473 178 1.0
4548 181 0.0
5098 203 1.0
5123 204 1.0
5948 237 1.0
6948 277 1.0
6998 279 1.0
7220 288 0.0
7248 289 1.0
7823 312 1.0
8148 325 1.0
8448 337 0.0
8498 339 1.0
8673 346 1.0
9498 379 1.0
9973 398 1.0
10173 406 1.0
10373 414 1.0
10398 415 1.0
11123 444 1.0
11398 455 1.0
11998 479 1.0
12298 491 1.0
12498 499 1.0
12598 503 1.0
12648 505 1.0
12748 509 1.0
13073 522 1.0
13148 525 1.0
13273 530 1.0
13673 546 1.0
13898 555 1.0
14048 561 1.0
14173 566 1.0
14398 575 1.0
14498 579 1.0
14673 586 0.0
14798 591 1.0
14848 593 1.0
14873 594 1.0
15373 614 1.0
15398 615 1.0
15423 616 1.0
15523 620 1.0
15698 627 1.0
15998 639 1.0
16348 653 1.0
16823 672 1.0
17073 682 1.0
17323 692 1.0
17623 704 1.0
17773 710 1.0
17948 717 1.0
17973 718 1.0
18023 720 1.0
18373 734 1.0
18548 741 1.0
18698 747 1.0
18723 748 1.0
18873 754 1.0
19548 781 1.0
19798 791 1.0
19923 796 1.0
19948 797 1.0
8 0 1.0
25 1 1.0
48 1 1.0
73 2 1.0
99 3 1.0
98 3 1.0
110 4 0.0
148 5 1.0
173 6 1.0
177 7 1.0
200 8 1.0
223 8 1.0
206 8 1.0
245 9 0.0
253 10 1.0
299 11 0.0
320 12 1.0
323 12 1.0
349 13 1.0
348 13 1.0
373 14 1.0
395 15 1.0
424 16 0.0
448 17 1.0
445 17 1.0
473 18 1.0
495 19 0.0
523 20 0.0
545 21 0.0
570 22 0.0
598 23 1.0
620 24 0.0
646 25 0.0
670 26 0.0
705 28 1.0
749 29 1.0
748 29 1.0
774 30 0.0
795 31 0.0
831 33 0.0
845 33 0.0
870 34 0.0
895 35 0.0
970 38 1.0
983 39 0.0
1000 40 0.0
1049 41 0.0
1070 42 0.0
1075 43 1.0
1120 44 0.0
1149 45 0.0
1174 46 1.0
1173 46 1.0
1220 48 0.0
1230 49 1.0
1266 50 1.0
1295 51 1.0
1298 51 1.0
1333 53 1.0
1370 54 0.0
1395 55 0.0
1433 57 0.0
1470 58 0.0
1486 59 1.0
1524 60 0.0
1545 61 0.0
1555 62 1.0
1595 63 0.0
1623 64 1.0
1645 65 1.0
1673 66 1.0
1695 67 1.0
1720 68 0.0
1729 69 1.0
1770 70 0.0
1752 70 0.0
1795 71 0.0
1803 72 1.0
1845 73 1.0
1848 73 1.0
1870 74 0.0
1895 75 0.0
1881 75 0.0
1920 76 1.0
1945 77 0.0
1970 78 1.0
1973 78 1.0
1976 79 0.0
2001 80 1.0
2006 80 1.0
2045 81 0.0
2070 82 0.0
2095 83 0.0
2121 84 0.0
2148 85 1.0
2145 85 1.0
2151 86 1.0
2195 87 1.0
2220 88 1.0
2223 88 1.0
2230 89 0.0
2270 90 0.0
2295 91 0.0
2322 92 1.0
2324 92 1.0
2334 93 0.0
2373 94 1.0
2370 94 1.0
2385 95 0.0
2408 96 1.0
2427 97 0.0
2470 98 0.0
2523 100 1.0
2549 101 0.0
2573 102 1.0
2648 105 1.0
2657 106 1.0
2698 107 1.0
2699 107 1.0
2724 108 0.0
2773 110 1.0
2770 110 1.0
2795 111 1.0
2798 111 1.0
2823 112 1.0
2824 112 1.0
2845 113 1.0
2830 113 1.0
2848 113 1.0
2870 114 0.0
2899 115 0.0
2920 116 0.0
2995 119 0.0
3020 120 1.0
3045 121 0.0
3058 122 1.0
3085 123 0.0
3124 124 0.0
3148 125 1.0
3170 126 1.0
3199 127 0.0
3201 128 1.0
3249 129 1.0
3248 129 1.0
3270 130 1.0
3252 130 1.0
3298 131 1.0
3324 132 0.0
3352 134 1.0
3381 135 0.0
3395 135 0.0
3420 136 0.0
3495 139 0.0
3510 140 0.0
3520 140 0.0
3545 141 0.0
3556 142 1.0
3613 144 1.0
3649 145 1.0
3648 145 1.0
3711 148 1.0
3745 149 0.0
3773 150 1.0
3774 150 1.0
3795 151 0.0
3824 152 1.0
3823 152 1.0
3845 153 0.0
3874 154 1.0
3873 154 1.0
3895 155 0.0
3924 156 0.0
3970 158 0.0
3952 158 0.0
3998 159 1.0
3999 159 1.0
4023 160 1.0
4020 160 1.0
4028 161 1.0
4073 162 1.0
4070 162 1.0
4075 163 1.0
4098 163 1.0
4122 164 1.0
4130 165 1.0
4170 166 0.0
4182 167 1.0
4203 168 0.0
4233 169 0.0
4245 169 0.0
4270 170 0.0
4295 171 0.0
4320 172 0.0
4310 172 0.0
4336 173 1.0
4371 174 0.0
4377 175 0.0
4395 175 0.0
4424 176 0.0
4445 177 0.0
4497 179 1.0
4520 180 0.0
4532 181 0.0
4570 182 0.0
4598 183 1.0
4595 183 1.0
4624 184 1.0
4623 184 1.0
4645 185 0.0
4670 186 0.0
4695 187 0.0
4723 188 1.0
4720 188 1.0
4748 189 1.0
4745 189 1.0
4770 190 1.0
4798 191 0.0
4820 192 1.0
4845 193 0.0
4858 194 0.0
4896 195 0.0
4920 196 0.0
4945 197 0.0
4973 198 1.0
4974 198 1.0
4982 199 0.0
5020 200 0.0
5048 201 1.0
5045 201 1.0
5074 202 1.0
5073 202 1.0
5079 203 1.0
5148 205 1.0
5170 206 0.0
5198 207 1.0
5220 208 0.0
5245 209 1.0
5270 210 0.0
5299 211 0.0
5323 212 1.0
5320 212 1.0
5325 213 1.0
5357 214 1.0
5384 215 0.0
5420 216 1.0
5446 217 0.0
5461 218 1.0
5498 219 1.0
5520 220 0.0
5525 221 1.0
5573 222 1.0
5574 222 1.0
5595 223 0.0
5620 224 1.0
5645 225 0.0
5673 226 1.0
5670 226 1.0
5695 227 0.0
5709 228 1.0
5748 229 1.0
5745 229 1.0
5774 230 0.0
5795 231 1.0
5821 232 0.0
5845 233 1.0
5848 233 1.0
5870 234 0.0
5896 235 0.0
5920 236 0.0
5970 238 0.0
5991 239 0.0
6020 240 0.0
6045 241 0.0
6073 242 1.0
6095 243 1.0
6120 244 0.0
6149 245 0.0
6170 246 0.0
6195 247 0.0
6202 248 0.0
6245 249 0.0
6274 250 0.0
6298 251 1.0
6295 251 1.0
6323 252 1.0
6300 252 1.0
6329 253 1.0
6371 254 0.0
6395 255 0.0
6406 256 1.0
6432 257 1.0
6470 258 1.0
6499 259 0.0
6520 260 1.0
6545 261 0.0
6570 262 0.0
6595 263 0.0
6620 264 0.0
6637 265 1.0
6673 266 1.0
6674 266 1.0
6695 267 0.0
6720 268 1.0
6705 268 1.0
6745 269 0.0
6795 271 0.0
6823 272 1.0
6828 273 0.0
6873 274 1.0
6870 274 1.0
6895 275 0.0
6920 276 0.0
6927 277 1.0
6970 278 0.0
7000 280 1.0
7045 281 1.0
7048 281 1.0
7071 282 0.0
7084 283 0.0
7120 284 0.0
7136 285 1.0
7126 285 1.0
7170 286 0.0
7195 287 0.0
7202 288 0.0
7200 288 0.0
7274 290 1.0
7273 290 1.0
7299 291 1.0
7298 291 1.0
7300 292 1.0
7323 292 1.0
7345 293 0.0
7374 294 0.0
7395 295 0.0
7423 296 1.0
7424 296 1.0
7445 297 0.0
7450 298 0.0
7495 299 0.0
7523 300 1.0
7520 300 1.0
7546 301 0.0
7570 302 0.0
7595 303 0.0
7624 304 1.0
7623 304 1.0
7647 305 1.0
7670 306 0.0
7685 307 1.0
7720 308 1.0
7748 309 1.0
7749 309 1.0
7773 310 1.0
7770 310 1.0
7798 311 1.0
7812 312 1.0
7845 313 1.0
7870 314 0.0
7855 314 0.0
7899 315 0.0
7920 316 0.0
7935 317 0.0
7945 317 0.0
7973 318 1.0
7974 318 1.0
7995 319 0.0
8021 320 0.0
8004 320 0.0
8029 321 0.0
8049 321 0.0
8071 322 0.0
8095 323 1.0
8098 323 1.0
8120 324 1.0
8123 324 1.0
8127 325 1.0
8154 326 0.0
8185 327 0.0
8200 328 1.0
8204 328 1.0
8245 329 0.0
8258 330 1.0
8299 331 0.0
8320 332 1.0
8348 333 1.0
8345 333 1.0
8370 334 0.0
8375 335 0.0
8406 336 1.0
8432 337 0.0
8470 338 1.0
8482 339 1.0
8520 340 0.0
8545 341 0.0
8574 342 0.0
8595 343 0.0
8620 344 0.0
8649 345 0.0
8695 347 1.0
8720 348 0.0
8737 349 1.0
8774 350 0.0
8823 352 1.0
8845 353 0.0
8870 354 0.0
8920 356 0.0
8949 357 0.0
8970 358 0.0
9020 360 0.0
9011 360 0.0
9048 361 1.0
9070 362 0.0
9107 364 0.0
9134 365 0.0
9170 366 1.0
9196 367 0.0
9220 368 0.0
9233 369 1.0
9270 370 0.0
9298 371 1.0
9295 371 1.0
9303 372 0.0
9345 373 0.0
9355 374 0.0
9399 375 1.0
9398 375 1.0
9403 376 0.0
9427 377 0.0
9470 378 1.0
9495 379 1.0
9545 381 0.0
9570 382 1.0
9596 383 0.0
9645 385 1.0
9670 386 1.0
9673 386 1.0
9675 387 0.0
9720 388 1.0
9723 388 1.0
9748 389 1.0
9785 391 0.0
9800 392 1.0
9870 394 1.0
9881 395 0.0
9920 396 0.0
9932 397 0.0
9950 398 1.0
9984 399 1.0
10020 400 0.0
10028 401 0.0
10070 402 1.0
10073 402 1.0
10098 403 1.0
10099 403 1.0
10124 404 1.0
10123 404 1.0
10139 405 1.0
10199 407 0.0
10220 408 0.0
10248 409 1.0
10274 410 1.0
10273 410 1.0
10299 411 1.0
10298 411 1.0
10323 412 1.0
10320 412 1.0
10345 413 0.0
10363 414 1.0
10376 415 1.0
10420 416 1.0
10430 417 1.0
10470 418 1.0
10473 418 1.0
10524 420 0.0
10548 421 1.0
10545 421 1.0
10574 422 0.0
10598 423 1.0
10620 424 0.0
10645 425 0.0
10670 426 0.0
10685 427 0.0
10723 428 1.0
10725 429 0.0
10795 431 0.0
10781 431 0.0
10824 432 0.0
10829 433 0.0
10854 434 0.0
10870 434 0.0
10895 435 0.0
10920 436 0.0
10945 437 0.0
10973 438 1.0
10974 438 1.0
10997 439 1.0
11020 440 0.0
11034 441 1.0
11057 442 1.0
11066 442 1.0
11073 442 1.0
11080 443 1.0
11148 445 1.0
11149 445 1.0
11161 446 1.0
11195 447 0.0
11200 448 1.0
11236 449 1.0
11252 450 1.0
11282 451 1.0
11320 452 0.0
11345 453 0.0
11370 454 0.0
11380 455 1.0
11400 456 1.0
11423 456 1.0
11448 457 1.0
11445 457 1.0
11470 458 0.0
11495 459 0.0
11508 460 0.0
11520 460 0.0
11549 461 0.0
11574 462 1.0
11573 462 1.0
11598 463 1.0
11595 463 1.0
11620 464 0.0
11634 465 0.0
11674 466 0.0
11695 467 0.0
11720 468 1.0
11745 469 0.0
11770 470 0.0
11795 471 0.0
11820 472 1.0
11845 473 0.0
11870 474 0.0
11895 475 1.0
11923 476 1.0
11948 477 1.0
11945 477 1.0
11970 478 1.0
11977 479 1.0
12024 480 1.0
12023 480 1.0
12046 481 0.0
12057 482 0.0
12079 483 0.0
12120 484 1.0
12123 484 1.0
12145 485 0.0
12127 485 0.0
12174 486 0.0
12195 487 0.0
12245 489 0.0
12259 490 1.0
12303 492 1.0
12323 492 1.0
12300 492 1.0
12345 493 0.0
12370 494 0.0
12395 495 0.0
12405 496 0.0
12445 497 0.0
12473 498 1.0
12523 500 1.0
12520 500 1.0
12545 501 0.0
12570 502 0.0
12623 504 1.0
12620 504 1.0
12652 506 1.0
12695 507 0.0
12723 508 1.0
12728 509 1.0
12770 510 0.0
12798 511 1.0
12795 511 1.0
12820 512 0.0
12846 513 0.0
12870 514 0.0
12877 515 1.0
12920 516 0.0
12949 517 0.0
12973 518 1.0
12974 518 1.0
12977 519 0.0
13020 520 0.0
13048 521 1.0
13095 523 0.0
13120 524 0.0
13173 526 1.0
13170 526 1.0
13220 528 1.0
13245 529 0.0
13295 531 0.0
13323 532 1.0
13327 533 0.0
13345 533 0.0
13370 534 1.0
13373 534 1.0
13375 535 0.0
13420 536 0.0
13445 537 0.0
13450 538 1.0
13495 539 0.0
13520 540 0.0
13545 541 0.0
13570 542 0.0
13596 543 0.0
13620 544 0.0
13648 545 1.0
13670 546 1.0
13698 547 1.0
13695 547 1.0
13723 548 1.0
13724 548 1.0
13727 549 0.0
13745 549 0.0
13795 551 0.0
13823 552 1.0
13824 552 1.0
13845 553 0.0
13850 554 1.0
13873 554 1.0
13921 556 0.0
13949 557 0.0
13964 558 0.0
13995 559 0.0
14030 561 1.0
14073 562 1.0
14075 563 1.0
14120 564 0.0
14138 565 0.0
14195 567 0.0
14205 568 0.0
14200 568 0.0
14245 569 1.0
14248 569 1.0
14270 570 0.0
14279 571 0.0
14323 572 1.0
14346 573 0.0
14356 574 0.0
14420 576 0.0
14445 577 0.0
14427 577 0.0
14453 578 0.0
14470 578 0.0
14520 580 0.0
14545 581 0.0
14573 582 1.0
14595 583 1.0
14620 584 1.0
14623 584 1.0
14645 585 0.0
14670 586 0.0
14695 587 1.0
14698 587 1.0
14720 588 0.0
14749 589 0.0
14766 590 0.0
14824 592 1.0
14823 592 1.0
14826 593 1.0
14853 594 1.0
14895 595 0.0
14920 596 0.0
14948 597 1.0
14945 597 1.0
14955 598 1.0
14998 599 1.0
15024 600 0.0
15027 601 0.0
15063 602 0.0
15095 603 0.0
15123 604 1.0
15120 604 1.0
15148 605 1.0
15149 605 1.0
15170 606 0.0
15195 607 0.0
15206 608 1.0
15248 609 1.0
15245 609 1.0
15270 610 0.0
15296 611 0.0
15323 612 1.0
15320 612 1.0
15345 613 1.0
15348 613 1.0
15351 614 1.0
15375 615 1.0
15449 617 1.0
15448 617 1.0
15450 618 1.0
15495 619 0.0
15506 620 1.0
15530 621 0.0
15545 621 0.0
15570 622 1.0
15596 623 0.0
15620 624 0.0
15607 624 0.0
15628 625 1.0
15724 628 1.0
15723 628 1.0
15748 629 1.0
15745 629 1.0
15770 630 1.0
15795 631 0.0
15820 632 0.0
15848 633 1.0
15873 634 1.0
15895 635 0.0
15903 636 0.0
15925 637 1.0
15970 638 0.0
15975 639 1.0
16020 640 0.0
16045 641 0.0
16070 642 0.0
16084 643 1.0
16102 644 0.0
16120 644 0.0
16110 644 0.0
16145 645 0.0
16170 646 1.0
16173 646 1.0
16199 647 1.0
16198 647 1.0
16223 648 1.0
16248 649 1.0
16231 649 1.0
16245 649 1.0
16270 650 0.0
16298 651 1.0
16276 651 1.0
16323 652 1.0
16324 652 1.0
16370 654 1.0
16373 654 1.0
16382 655 1.0
16408 656 1.0
16448 657 1.0
16445 657 1.0
16471 658 0.0
16499 659 1.0
16498 659 1.0
16520 660 0.0
16548 661 1.0
16545 661 1.0
16564 662 1.0
16576 663 1.0
16620 664 0.0
16645 665 0.0
16673 666 1.0
16674 666 1.0
16695 667 0.0
16720 668 0.0
16745 669 0.0
16773 670 1.0
16770 670 1.0
16784 671 1.0
16828 673 1.0
16826 673 1.0
16874 674 0.0
16895 675 0.0
16881 675 0.0
16900 676 0.0
16945 677 0.0
16972 678 1.0
16995 679 0.0
17020 680 1.0
17023 680 1.0
17048 681 1.0
17045 681 1.0
17095 683 0.0
17123 684 1.0
17145 685 0.0
17170 686 0.0
17195 687 1.0
17198 687 1.0
17221 688 0.0
17270 690 1.0
17298 691 1.0
17335 693 1.0
17329 693 1.0
17373 694 1.0
17374 694 1.0
17395 695 0.0
17423 696 1.0
17432 697 0.0
17474 698 0.0
17475 699 0.0
17520 700 1.0
17548 701 1.0
17545 701 1.0
17573 702 1.0
17570 702 1.0
17579 703 1.0
17662 706 0.0
17695 707 0.0
17723 708 1.0
17748 709 1.0
17745 709 1.0
17798 711 1.0
17834 713 0.0
17870 714 0.0
17903 716 0.0
17934 717 1.0
17995 719 0.0
17977 719 0.0
18001 720 1.0
18020 720 1.0
18039 721 0.0
18073 722 1.0
18070 722 1.0
18095 723 0.0
18120 724 0.0
18146 725 0.0
18174 726 0.0
18195 727 0.0
18220 728 0.0
18245 729 0.0
18271 730 0.0
18295 731 0.0
18323 732 1.0
18348 733 1.0
18345 733 1.0
18352 734 1.0
18395 735 1.0
18398 735 1.0
18423 736 1.0
18420 736 1.0
18425 737 0.0
18454 738 1.0
18453 738 1.0
18451 738 1.0
18499 739 0.0
18478 739 0.0
18523 740 1.0
18501 740 1.0
18520 740 1.0
18570 742 1.0
18573 742 1.0
18599 743 1.0
18598 743 1.0
18620 744 0.0
18608 744 0.0
18649 745 1.0
18648 745 1.0
18670 746 1.0
18680 747 1.0
18715 748 1.0
18748 749 1.0
18745 749 1.0
18770 750 1.0
18798 751 1.0
18799 751 1.0
18800 752 1.0
18823 752 1.0
18845 753 0.0
18895 755 1.0
18898 755 1.0
18924 756 0.0
18945 757 1.0
18948 757 1.0
18970 758 0.0
18985 759 0.0
19020 760 0.0
19048 761 1.0
19035 761 1.0
19055 762 0.0
19098 763 1.0
19095 763 1.0
19101 764 1.0
19149 765 1.0
19148 765 1.0
19170 766 0.0
19198 767 1.0
19199 767 1.0
19203 768 1.0
19259 770 1.0
19298 771 1.0
19299 771 1.0
19324 772 0.0
19348 773 1.0
19370 774 0.0
19363 774 0.0
19398 775 1.0
19395 775 1.0
19423 776 1.0
19445 777 0.0
19426 777 0.0
19454 778 0.0
19498 779 1.0
19495 779 1.0
19511 780 1.0
19520 780 1.0
19571 782 0.0
19581 783 0.0
19624 784 0.0
19645 785 0.0
19673 786 1.0
19688 787 1.0
19720 788 0.0
19745 789 0.0
19770 790 1.0
19795 791 1.0
19800 792 1.0
19845 793 1.0
19870 794 1.0
19895 795 1.0
19898 795 1.0
19930 797 1.0
19973 798 1.0
19970 798 1.0
19998 799 1.0
3464 138 0.0
16203 648 1.0
22 0 1.0
47 1 1.0
72 2 1.0
147 5 1.0
172 6 1.0
197 7 1.0
222 8 1.0
272 10 1.0
322 12 1.0
347 13 1.0
372 14 1.0
397 15 1.0
398 15 1.0
447 17 1.0
472 18 1.0
522 20 0.0
548 21 0.0
597 23 1.0
624 24 0.0
697 27 1.0
722 28 1.0
747 29 1.0
822 32 1.0
896 35 0.0
922 36 1.0
947 37 1.0
973 38 1.0
1097 43 1.0
1172 46 1.0
1197 47 1.0
1223 48 0.0
1247 49 1.0
1273 50 1.0
1272 50 1.0
1297 51 1.0
1347 53 1.0
1422 56 1.0
1497 59 1.0
1572 62 1.0
1648 65 1.0
1647 65 1.0
1672 66 1.0
1698 67 1.0
1697 67 1.0
1747 69 1.0
1822 72 1.0
1847 73 1.0
1923 76 1.0
1922 76 1.0
1972 78 1.0
2022 80 1.0
2023 80 1.0
2147 85 1.0
2172 86 1.0
2197 87 1.0
2198 87 1.0
2222 88 1.0
2372 94 1.0
2422 96 1.0
2497 99 1.0
2522 100 1.0
2572 102 1.0
2622 104 1.0
2647 105 1.0
2672 106 1.0
2697 107 1.0
2747 109 1.0
2772 110 1.0
2797 111 1.0
2822 112 1.0
2847 113 1.0
2947 117 1.0
2972 118 1.0
2996 119 0.0
3023 120 1.0
3022 120 1.0
3073 122 1.0
3072 122 1.0
3147 125 1.0
3173 126 1.0
3222 128 1.0
3247 129 1.0
3273 130 1.0
3272 130 1.0
3297 131 1.0
3347 133 1.0
3372 134 1.0
3572 142 1.0
3622 144 1.0
3647 145 1.0
3672 146 1.0
3722 148 1.0
3772 150 1.0
3822 152 1.0
3872 154 1.0
3947 157 1.0
3997 159 1.0
4022 160 1.0
4048 161 1.0
4047 161 1.0
4072 162 1.0
4097 163 1.0
4147 165 1.0
4197 167 1.0
4246 169 0.0
4347 173 1.0
4472 178 1.0
4523 180 0.0
4547 181 0.0
4597 183 1.0
4622 184 1.0
4698 187 0.0
4722 188 1.0
4747 189 1.0
4773 190 1.0
4772 190 1.0
4797 191 0.0
4822 192 1.0
4823 192 1.0
4972 198 1.0
5047 201 1.0
5072 202 1.0
5097 203 1.0
5122 204 1.0
5147 205 1.0
5197 207 1.0
5248 209 1.0
5247 209 1.0
5322 212 1.0
5347 213 1.0
5372 214 1.0
5422 216 1.0
5423 216 1.0
5472 218 1.0
5497 219 1.0
5547 221 1.0
5572 222 1.0
5622 224 1.0
5623 224 1.0
5672 226 1.0
5722 228 1.0
5747 229 1.0
5798 231 1.0
5797 231 1.0
5847 233 1.0
5947 237 1.0
6072 242 1.0
6097 243 1.0
6098 243 1.0
6196 247 0.0
6297 251 1.0
6322 252 1.0
6347 253 1.0
6422 256 1.0
6447 257 1.0
6472 258 1.0
6473 258 1.0
6523 260 1.0
6522 260 1.0
6571 262 0.0
6647 265 1.0
6672 266 1.0
6722 268 1.0
6749 269 0.0
6798 271 0.0
6822 272 1.0
6872 274 1.0
6947 277 1.0
6997 279 1.0
7022 280 1.0
7047 281 1.0
7147 285 1.0
7247 289 1.0
7272 290 1.0
7297 291 1.0
7322 292 1.0
7422 296 1.0
7499 299 0.0
7522 300 1.0
7622 304 1.0
7697 307 1.0
7723 308 1.0
7722 308 1.0
7772 310 1.0
7797 311 1.0
7822 312 1.0
7848 313 1.0
7847 313 1.0
8097 323 1.0
8122 324 1.0
8147 325 1.0
8222 328 1.0
8272 330 1.0
8322 332 1.0
8323 332 1.0
8347 333 1.0
8371 334 0.0
8422 336 1.0
8447 337 0.0
8473 338 1.0
8497 339 1.0
8524 340 0.0
8549 341 0.0
8672 346 1.0
8697 347 1.0
8698 347 1.0
8747 349 1.0
8748 349 1.0
8822 352 1.0
9047 361 1.0
9173 366 1.0
9247 369 1.0
9297 371 1.0
9397 375 1.0
9472 378 1.0
9473 378 1.0
9497 379 1.0
9572 382 1.0
9573 382 1.0
9647 385 1.0
9648 385 1.0
9672 386 1.0
9722 388 1.0
9747 389 1.0
9822 392 1.0
9872 394 1.0
9873 394 1.0
9972 398 1.0
9998 399 1.0
9997 399 1.0
10072 402 1.0
10097 403 1.0
10122 404 1.0
10147 405 1.0
10172 406 1.0
10247 409 1.0
10297 411 1.0
10322 412 1.0
10372 414 1.0
10397 415 1.0
10423 416 1.0
10422 416 1.0
10447 417 1.0
10472 418 1.0
10547 421 1.0
10597 423 1.0
10674 426 0.0
10722 428 1.0
11047 441 1.0
11072 442 1.0
11097 443 1.0
11122 444 1.0
11147 445 1.0
11172 446 1.0
11222 448 1.0
11272 450 1.0
11297 451 1.0
11321 452 0.0
11397 455 1.0
11422 456 1.0
11447 457 1.0
11496 459 0.0
11572 462 1.0
11597 463 1.0
11723 468 1.0
11722 468 1.0
11822 472 1.0
11823 472 1.0
11898 475 1.0
11897 475 1.0
11922 476 1.0
11947 477 1.0
11973 478 1.0
11972 478 1.0
11997 479 1.0
12022 480 1.0
12122 484 1.0
12272 490 1.0
12297 491 1.0
12322 492 1.0
12346 493 0.0
12472 498 1.0
12497 499 1.0
12522 500 1.0
12549 501 0.0
12597 503 1.0
12622 504 1.0
12647 505 1.0
12672 506 1.0
12722 508 1.0
12747 509 1.0
12797 511 1.0
12897 515 1.0
12972 518 1.0
13047 521 1.0
13072 522 1.0
13147 525 1.0
13172 526 1.0
13222 528 1.0
13223 528 1.0
13249 529 0.0
13272 530 1.0
13322 532 1.0
13372 534 1.0
13472 538 1.0
13647 545 1.0
13672 546 1.0
13697 547 1.0
13722 548 1.0
13822 552 1.0
13872 554 1.0
13897 555 1.0
13998 559 0.0
14047 561 1.0
14072 562 1.0
14097 563 1.0
14172 566 1.0
14247 569 1.0
14322 572 1.0
14397 575 1.0
14497 579 1.0
14572 582 1.0
14598 583 1.0
14597 583 1.0
14622 584 1.0
14672 586 0.0
14697 587 1.0
14797 591 1.0
14822 592 1.0
14847 593 1.0
14872 594 1.0
14947 597 1.0
14972 598 1.0
14973 598 1.0
14997 599 1.0
15122 604 1.0
15147 605 1.0
15222 608 1.0
15247 609 1.0
15274 610 0.0
15322 612 1.0
15347 613 1.0
15372 614 1.0
15397 615 1.0
15422 616 1.0
15447 617 1.0
15472 618 1.0
15522 620 1.0
15572 622 1.0
15573 622 1.0
15647 625 1.0
15697 627 1.0
15722 628 1.0
15747 629 1.0
15773 630 1.0
15772 630 1.0
15847 633 1.0
15872 634 1.0
15947 637 1.0
15997 639 1.0
16097 643 1.0
16098 643 1.0
16172 646 1.0
16197 647 1.0
16222 648 1.0
16247 649 1.0
16297 651 1.0
16322 652 1.0
16347 653 1.0
16372 654 1.0
16397 655 1.0
16422 656 1.0
16447 657 1.0
16497 659 1.0
16547 661 1.0
16572 662 1.0
16597 663 1.0
16672 666 1.0
16723 668 0.0
16746 669 0.0
16772 670 1.0
16797 671 1.0
16822 672 1.0
16847 673 1.0
17022 680 1.0
17047 681 1.0
17072 682 1.0
17122 684 1.0
17149 685 0.0
17197 687 1.0
17272 690 1.0
17273 690 1.0
17297 691 1.0
17322 692 1.0
17347 693 1.0
17372 694 1.0
17422 696 1.0
17523 700 1.0
17522 700 1.0
17547 701 1.0
17572 702 1.0
17598 703 1.0
17597 703 1.0
17622 704 1.0
17699 707 0.0
17722 708 1.0
17747 709 1.0
17772 710 1.0
17797 711 1.0
17871 714 0.0
17947 717 1.0
17972 718 1.0
18022 720 1.0
18072 722 1.0
18322 732 1.0
18347 733 1.0
18372 734 1.0
18397 735 1.0
18422 736 1.0
18472 738 1.0
18522 740 1.0
18547 741 1.0
18572 742 1.0
18597 743 1.0
18672 746 1.0
18673 746 1.0
18697 747 1.0
18722 748 1.0
18747 749 1.0
18772 750 1.0
18773 750 1.0
18797 751 1.0
18822 752 1.0
18872 754 1.0
18897 755 1.0
18947 757 1.0
19023 760 0.0
19047 761 1.0
19097 763 1.0
19122 764 1.0
19147 765 1.0
19197 767 1.0
19222 768 1.0
19272 770 1.0
19297 771 1.0
19347 773 1.0
19397 775 1.0
19422 776 1.0
19446 777 0.0
19497 779 1.0
19522 780 1.0
19547 781 1.0
19672 786 1.0
19697 787 1.0
19773 790 1.0
19772 790 1.0
19797 791 1.0
19822 792 1.0
19847 793 1.0
19848 793 1.0
19873 794 1.0
19872 794 1.0
19897 795 1.0
19922 796 1.0
19947 797 1.0
19972 798 1.0
19997 799 1.0
124 4 0.0
178 7 1.0
205 8 1.0
350 14 1.0
425 17 1.0
475 19 0.0
508 20 0.0
574 22 0.0
575 23 1.0
674 26 0.0
735 29 1.0
799 31 0.0
849 33 0.0
874 34 0.0
916 36 1.0
1024 40 0.0
1071 42 0.0
1124 44 0.0
1178 47 1.0
1374 54 0.0
1378 55 0.0
1446 57 0.0
1471 58 0.0
1599 63 0.0
1658 66 1.0
1724 68 0.0
1774 70 0.0
1799 71 0.0
1871 74 0.0
1899 75 0.0
1949 77 0.0
2049 81 0.0
2074 82 0.0
2096 83 0.0
2246 89 0.0
2299 91 0.0
2349 93 0.0
2396 95 0.0
2449 97 0.0
2474 98 0.0
2599 103 0.0
2625 105 1.0
2684 107 1.0
2778 111 1.0
2871 114 0.0
2924 116 0.0
3049 121 0.0
3099 123 0.0
3253 130 1.0
3277 131 1.0
3399 135 0.0
3421 136 0.0
3446 137 0.0
3452 138 0.0
3481 139 0.0
3524 140 0.0
3549 141 0.0
3550 142 1.0
3575 143 0.0
3633 145 1.0
3699 147 0.0
3749 149 0.0
3752 150 1.0
3799 151 0.0
3899 155 0.0
3974 158 0.0
4052 162 1.0
4171 166 0.0
4274 170 0.0
4296 171 0.0
4396 175 0.0
4446 177 0.0
4574 182 0.0
4649 185 0.0
4674 186 0.0
4775 191 0.0
4846 193 0.0
4871 194 0.0
4924 196 0.0
4952 198 1.0
5101 204 1.0
5174 206 0.0
5221 208 0.0
5524 220 0.0
5599 223 0.0
5649 225 0.0
5699 227 0.0
5874 234 0.0
5921 236 0.0
5934 237 1.0
5953 238 0.0
5999 239 0.0
6021 240 0.0
6121 244 0.0
6171 246 0.0
6249 249 0.0
6399 255 0.0
6509 260 1.0
6599 263 0.0
6624 264 0.0
6699 267 0.0
6774 270 0.0
6800 272 1.0
6849 273 0.0
6855 274 1.0
6899 275 0.0
6924 276 0.0
6971 278 0.0
7174 286 0.0
7199 287 0.0
7221 288 0.0
7349 293 0.0
7399 295 0.0
7449 297 0.0
7574 302 0.0
7760 310 1.0
7871 314 0.0
7946 317 0.0
8174 326 0.0
8199 327 0.0
8246 329 0.0
8399 335 0.0
8596 343 0.0
8621 344 0.0
8658 346 1.0
8724 348 0.0
8799 351 0.0
8800 352 1.0
8846 353 0.0
8924 356 0.0
8971 358 0.0
9024 360 0.0
9149 365 0.0
9221 368 0.0
9349 373 0.0
9374 374 0.0
9424 376 0.0
9500 380 0.0
9549 381 0.0
9621 384 0.0
9699 387 0.0
9725 389 1.0
9756 390 0.0
9846 393 0.0
9899 395 0.0
9924 396 0.0
9946 397 0.0
10024 400 0.0
10349 413 0.0
10353 414 1.0
10378 415 1.0
10425 417 1.0
10475 419 0.0
10621 424 0.0
10649 425 0.0
10699 427 0.0
10749 429 0.0
10771 430 0.0
10778 431 0.0
10874 434 0.0
10899 435 0.0
10924 436 0.0
10949 437 0.0
11024 440 0.0
11027 441 1.0
11346 453 0.0
11371 454 0.0
11439 457 1.0
11471 458 0.0
11524 460 0.0
11699 467 0.0
11704 468 1.0
11774 470 0.0
11799 471 0.0
11804 472 1.0
11849 473 0.0
11871 474 0.0
11955 478 1.0
12074 482 0.0
12078 483 0.0
12102 484 1.0
12149 485 0.0
12199 487 0.0
12221 488 0.0
12249 489 0.0
12374 494 0.0
12399 495 0.0
12421 496 0.0
12449 497 0.0
12574 502 0.0
12588 503 1.0
12696 507 0.0
12774 510 0.0
12824 512 0.0
12874 514 0.0
12924 516 0.0
13024 520 0.0
13099 523 0.0
13121 524 0.0
13175 527 0.0
13228 529 0.0
13300 532 1.0
13349 533 0.0
13421 536 0.0
13446 537 0.0
13521 540 0.0
13549 541 0.0
13610 544 0.0
13749 549 0.0
13774 550 0.0
13799 551 0.0
13849 553 0.0
13971 558 0.0
14050 562 1.0
14125 565 0.0
14199 567 0.0
14221 568 0.0
14274 570 0.0
14296 571 0.0
14300 572 1.0
14437 577 0.0
14471 578 0.0
14524 580 0.0
14535 581 0.0
14659 586 0.0
14721 588 0.0
14899 595 0.0
14975 599 1.0
15049 601 0.0
15071 602 0.0
15099 603 0.0
15101 604 1.0
15127 605 1.0
15174 606 0.0
15175 607 0.0
15499 619 0.0
15549 621 0.0
15621 624 0.0
15671 626 0.0
15799 631 0.0
15824 632 0.0
15826 633 1.0
15899 635 0.0
16024 640 0.0
16049 641 0.0
16074 642 0.0
16124 644 0.0
16149 645 0.0
16200 648 1.0
16401 656 1.0
16524 660 0.0
16579 663 1.0
16659 666 1.0
16699 667 0.0
16801 672 1.0
16899 675 0.0
16999 679 0.0
17062 682 1.0
17099 683 0.0
17171 686 0.0
17246 689 0.0
17399 695 0.0
17496 699 0.0
17626 705 0.0
17700 708 1.0
17899 715 0.0
17999 719 0.0
18046 721 0.0
18099 723 0.0
18224 728 0.0
18249 729 0.0
18296 731 0.0
18449 737 0.0
18621 744 0.0
18707 748 1.0
18849 753 0.0
18854 754 1.0
19080 763 1.0
19174 766 0.0
19246 769 0.0
19371 774 0.0
19471 778 0.0
19526 781 1.0
19646 785 0.0
19650 786 1.0
19724 788 0.0
19749 789 0.0
19880 795 1.0
1546 61 0.0
2271 90 0.0
3846 153 0.0
4949 197 0.0
7674 306 0.0
13499 539 0.0
14124 564 0.0
16274 650 0.0
17449 697 0.0
18124 724 0.0
18196 727 0.0
246 9 0.0
3496 139 0.0
4321 172 0.0
5021 200 0.0
5274 210 0.0
6049 241 0.0
6546 261 0.0
7921 316 0.0
7999 319 0.0
9074 362 0.0
9274 370 0.0
10224 408 0.0
11196 447 0.0
11746 469 0.0
13299 531 0.0
13574 542 0.0
14421 576 0.0
14646 585 0.0
15974 638 0.0
16624 664 0.0
18974 758 0.0
7124 284 0.0
8871 354 0.0
16646 665 0.0
1323 52 0.0
8895 355 0.0
8996 359 0.0
9095 363 0.0
14024 560 0.0
17674 706 0.0
17824 712 0.0
19074 762 0.0
19599 783 0.0
 fin motif
# 5 target:1 c+:396 c-:404 score:6.665763022207784 score+:2026.1007366011013 score-:1983.4398532589714 nb:9 =l_2c_14 l_2c_5 l_2c_1 l_2c_19 l_2c_0 l_2c_11 l_2c_17 l_2c_2 l_2c_4 
698 27 1.0
823 32 1.0
923 36 1.0
948 37 1.0
1198 47 1.0
1423 56 1.0
2173 86 1.0
2498 99 1.0
2623 104 1.0
2748 109 1.0
2948 117 1.0
2973 118 1.0
3348 133 1.0
3673 146 1.0
3948 157 1.0
4148 165 1.0
4348 173 1.0
4473 178 1.0
4548 181 0.0
5098 203 1.0
5123 204 1.0
5948 237 1.0
6948 277 1.0
6998 279 1.0
7220 288 0.0
7248 289 1.0
7823 312 1.0
8148 325 1.0
8448 337 0.0
8498 339 1.0
8673 346 1.0
9498 379 1.0
9973 398 1.0
10173 406 1.0
10373 414 1.0
10398 415 1.0
11123 444 1.0
11398 455 1.0
11998 479 1.0
12298 491 1.0
12498 499 1.0
12598 503 1.0
12648 505 1.0
12748 509 1.0
13073 522 1.0
13148 525 1.0
13273 530 1.0
13673 546 1.0
13898 555 1.0
14048 561 1.0
14173 566 1.0
14398 575 1.0
14498 579 1.0
14673 586 0.0
14798 591 1.0
14848 593 1.0
14873 594 1.0
15373 614 1.0
15398 615 1.0
15423 616 1.0
15523 620 1.0
15698 627 1.0
15998 639 1.0
16348 653 1.0
16823 672 1.0
17073 682 1.0
17323 692 1.0
17623 704 1.0
17773 710 1.0
17948 717 1.0
17973 718 1.0
18023 720 1.0
18373 734 1.0
18548 741 1.0
18698 747 1.0
18723 748 1.0
18873 754 1.0
19548 781 1.0
19798 791 1.0
19923 796 1.0
19948 797 1.0
8 0 1.0
25 1 1.0
48 1 1.0
73 2 1.0
99 3 1.0
98 3 1.0
110 4 0.0
148 5 1.0
173 6 1.0
177 7 1.0
200 8 1.0
223 8 1.0
206 8 1.0
245 9 0.0
253 10 1.0
299 11 0.0
320 12 1.0
323 12 1.0
349 13 1.0
348 13 1.0
373 14 1.0
395 15 1.0
424 16 0.0
448 17 1.0
445 17 1.0
473 18 1.0
495 19 0.0
523 20 0.0
545 21 0.0
570 22 0.0
598 23 1.0
620 24 0.0
646 25 0.0
670 26 0.0
705 28 1.0
749 29 1.0
748 29 1.0
774 30 0.0
795 31 0.0
831 33 0.0
845 33 0.0
870 34 0.0
895 35 0.0
970 38 1.0
983 39 0.0
1000 40 0.0
1049 41 0.0
1070 42 0.0
1075 43 1.0
1120 44 0.0
1149 45 0.0
1174 46 1.0
1173 46 1.0
1220 48 0.0
1230 49 1.0
1266 50 1.0
1295 51 1.0
1298 51 1.0
1333 53 1.0
1370 54 0.0
1395 55 0.0
1433 57 0.0
1470 58 0.0
1486 59 1.0
1524 60 0.0
1545 61 0.0
1555 62 1.0
1595 63 0.0
1623 64 1.0
1645 65 1.0
1673 66 1.0
1695 67 1.0
1720 68 0.0
1729 69 1.0
1770 70 0.0
1752 70 0.0
1795 71 0.0
1803 72 1.0
1845 73 1.0
1848 73 1.0
1870 74 0.0
1895 75 0.0
1881 75 0.0
1920 76 1.0
1945 77 0.0
1970 78 1.0
1973 78 1.0
1976 79 0.0
2001 80 1.0
2006 80 1.0
2045 81 0.0
2070 82 0.0
2095 83 0.0
2121 84 0.0
2148 85 1.0
2145 85 1.0
2151 86 1.0
2195 87 1.0
2220 88 1.0
2223 88 1.0
2230 89 0.0
2270 90 0.0
2295 91 0.0
2322 92 1.0
2324 92 1.0
2334 93 0.0
2373 94 1.0
2370 94 1.0
2385 95 0.0
2408 96 1.0
2427 97 0.0
2470 98 0.0
2523 100 1.0
2549 101 0.0
2573 102 1.0
2648 105 1.0
2657 106 1.0
2698 107 1.0
2699 107 1.0
2724 108 0.0
2773 110 1.0
2770 110 1.0
2795 111 1.0
2798 111 1.0
2823 112 1.0
2824 112 1.0
2845 113 1.0
2830 113 1.0
2848 113 1.0
2870 114 0.0
2899 115 0.0
2920 116 0.0
2995 119 0.0
3020 120 1.0
3045 121 0.0
3058 122 1.0
3085 123 0.0
3124 124 0.0
3148 125 1.0
3170 126 1.0
3199 127 0.0
3201 128 1.0
3249 129 1.0
3248 129 1.0
3270 130 1.0
3252 130 1.0
3298 131 1.0
3324 132 0.0
3352 134 1.0
3381 135 0.0
3395 135 0.0
3420 136 0.0
3495 139 0.0
3510 140 0.0
3520 140 0.0
3545 141 0.0
3556 142 1.0
3613 144 1.0
3649 145 1.0
3648 145 1.0
3711 148 1.0
3745 149 0.0
3773 150 1.0
3774 150 1.0
3795 151 0.0
3824 152 1.0
3823 152 1.0
3845 153 0.0
3874 154 1.0
3873 154 1.0
3895 155 0.0
3924 156 0.0
3970 158 0.0
3952 158 0.0
3998 159 1.0
3999 159 1.0
4023 160 1.0
4020 160 1.0
4028 161 1.0
4073 162 1.0
4070 162 1.0
4075 163 1.0
4098 163 1.0
4122 164 1.0
4130 165 1.0
4170 166 0.0
4182 167 1.0
4203 168 0.0
4233 169 0.0
4245 169 0.0
4270 170 0.0
4295 171 0.0
4320 172 0.0
4310 172 0.0
4336 173 1.0
4371 174 0.0
4377 175 0.0
4395 175 0.0
4424 176 0.0
4445 177 0.0
4497 179 1.0
4520 180 0.0
4532 181 0.0
4570 182 0.0
4598 183 1.0
4595 183 1.0
4624 184 1.0
4623 184 1.0
4645 185 0.0
4670 186 0.0
4695 187 0.0
4723 188 1.0
4720 188 1.0
4748 189 1.0
4745 189 1.0
4770 190 1.0
4798 191 0.0
4820 192 1.0
4845 193 0.0
4858 194 0.0
4896 195 0.0
4920 196 0.0
4945 197 0.0
4973 198 1.0
4974 198 1.0
4982 199 0.0
5020 200 0.0
5048 201 1.0
5045 201 1.0
5074 202 1.0
5073 202 1.0
5079 203 1.0
5148 205 1.0
5170 206 0.0
5198 207 1.0
5220 208 0.0
5245 209 1.0
5270 210 0.0
5299 211 0.0
5323 212 1.0
5320 212 1.0
5325 213 1.0
5357 214 1.0
5384 215 0.0
5420 216 1.0
5446 217 0.0
5461 218 1.0
5498 219 1.0
5520 220 0.0
5525 221 1.0
5573 222 1.0
5574 222 1.0
5595 223 0.0
5620 224 1.0
5645 225 0.0
5673 226 1.0
5670 226 1.0
5695 227 0.0
5709 228 1.0
5748 229 1.0
5745 229 1.0
5774 230 0.0
5795 231 1.0
5821 232 0.0
5845 233 1.0
5848 233 1.0
5870 234 0.0
5896 235 0.0
5920 236 0.0
5970 238 0.0
5991 239 0.0
6020 240 0.0
6045 241 0.0
6073 242 1.0
6095 243 1.0
6120 244 0.0
6149 245 0.0
6170 246 0.0
6195 247 0.0
6202 248 0.0
6245 249 0.0
6274 250 0.0
6298 251 1.0
6295 251 1.0
6323 252 1.0
6300 252 1.0
6329 253 1.0
6371 254 0.0
6395 255 0.0
6406 256 1.0
6432 257 1.0
6470 258 1.0
6499 259 0.0
6520 260 1.0
6545 261 0.0
6570 262 0.0
6595 263 0.0
6620 264 0.0
6637 265 1.0
6673 266 1.0
6674 266 1.0
6695 267 0.0
6720 268 1.0
6705 268 1.0
6745 269 0.0
6795 271 0.0
6823 272 1.0
6828 273 0.0
6873 274 1.0
6870 274 1.0
6895 275 0.0
6920 276 0.0
6927 277 1.0
6970 278 0.0
7000 280 1.0
7045 281 1.0
7048 281 1.0
7071 282 0.0
7084 283 0.0
7120 284 0.0
7136 285 1.0
7126 285 1.0
7170 286 0.0
7195 287 0.0
7202 288 0.0
7200 288 0.0
7274 290 1.0
7273 290 1.0
7299 291 1.0
7298 291 1.0
7300 292 1.0
7323 292 1.0
7345 293 0.0
7374 294 0.0
7395 295 0.0
7423 296 1.0
7424 296 1.0
7445 297 0.0
7450 298 0.0
7495 299 0.0
7523 300 1.0
7520 300 1.0
7546 301 0.0
7570 302 0.0
7595 303 0.0
7624 304 1.0
7623 304 1.0
7647 305 1.0
7670 306 0.0
7685 307 1.0
7720 308 1.0
7748 309 1.0
7749 309 1.0
7773 310 1.0
7770 310 1.0
7798 311 1.0
7812 312 1.0
7845 313 1.0
7870 314 0.0
7855 314 0.0
7899 315 0.0
7920 316 0.0
7935 317 0.0
7945 317 0.0
7973 318 1.0
7974 318 1.0
7995 319 0.0
8021 320 0.0
8004 320 0.0
8029 321 0.0
8049 321 0.0
8071 322 0.0
8095 323 1.0
8098 323 1.0
8120 324 1.0
8123 324 1.0
8127 325 1.0
8154 326 0.0
8185 327 0.0
8200 328 1.0
8204 328 1.0
8245 329 0.0
8258 330 1.0
8299 331 0.0
8320 332 1.0
8348 333 1.0
8345 333 1.0
8370 334 0.0
8375 335 0.0
8406 336 1.0
8432 337 0.0
8470 338 1.0
8482 339 1.0
8520 340 0.0
8545 341 0.0
8574 342 0.0
8595 343 0.0
8620 344 0.0
8649 345 0.0
8695 347 1.0
8720 348 0.0
8737 349 1.0
8774 350 0.0
8823 352 1.0
8845 353 0.0
8870 354 0.0
8920 356 0.0
8949 357 0.0
8970 358 0.0
9020 360 0.0
9011 360 0.0
9048 361 1.0
9070 362 0.0
9107 364 0.0
9134 365 0.0
9170 366 1.0
9196 367 0.0
9220 368 0.0
9233 369 1.0
9270 370 0.0
9298 371 1.0
9295 371 1.0
9303 372 0.0
9345 373 0.0
9355 374 0.0
9399 375 1.0
9398 375 1.0
9403 376 0.0
9427 377 0.0
9470 378 1.0
9495 379 1.0
9545 381 0.0
9570 382 1.0
9596 383 0.0
9645 385 1.0
9670 386 1.0
9673 386 1.0
9675 387 0.0
9720 388 1.0
9723 388 1.0
9748 389 1.0
9785 391 0.0
9800 392 1.0
9870 394 1.0
9881 395 0.0
9920 396 0.0
9932 397 0.0
9950 398 1.0
9984 399 1.0
10020 400 0.0
10028 401 0.0
10070 402 1.0
10073 402 1.0
10098 403 1.0
10099 403 1.0
10124 404 1.0
10123 404 1.0
10139 405 1.0
10199 407 0.0
10220 408 0.0
10248 409 1.0
10274 410 1.0
10273 410 1.0
10299 411 1.0
10298 411 1.0
10323 412 1.0
10320 412 1.0
10345 413 0.0
10363 414 1.0
10376 415 1.0
10420 416 1.0
10430 417 1.0
10470 418 1.0
10473 418 1.0
10524 420 0.0
10548 421 1.0
10545 421 1.0
10574 422 0.0
10598 423 1.0
10620 424 0.0
10645 425 0.0
10670 426 0.0
10685 427 0.0
10723 428 1.0
10725 429 0.0
10795 431 0.0
10781 431 0.0
10824 432 0.0
10829 433 0.0
10854 434 0.0
10870 434 0.0
10895 435 0.0
10920 436 0.0
10945 437 0.0
10973 438 1.0
10974 438 1.0
10997 439 1.0
11020 440 0.0
11034 441 1.0
11057 442 1.0
11066 442 1.0
11073 442 1.0
11080 443 1.0
11148 445 1.0
11149 445 1.0
11161 446 1.0
11195 447 0.0
11200 448 1.0
11236 449 1.0
11252 450 1.0
11282 451 1.0
11320 452 0.0
11345 453 0.0
11370 454 0.0
11380 455 1.0
11400 456 1.0
11423 456 1.0
11448 457 1.0
11445 457 1.0
11470 458 0.0
11495 459 0.0
11508 460 0.0
11520 460 0.0
11549 461 0.0
11574 462 1.0
11573 462 1.0
11598 463 1.0
11595 463 1.0
11620 464 0.0
11634 465 0.0
11674 466 0.0
11695 467 0.0
11720 468 1.0
11745 469 0.0
11770 470 0.0
11795 471 0.0
11820 472 1.0
11845 473 0.0
11870 474 0.0
11895 475 1.0
11923 476 1.0
11948 477 1.0
11945 477 1.0
11970 478 1.0
11977 479 1.0
12024 480 1.0
12023 480 1.0
12046 481 0.0
12057 482 0.0
12079 483 0.0
12120 484 1.0
12123 484 1.0
12145 485 0.0
12127 485 0.0
12174 486 0.0
12195 487 0.0
12245 489 0.0
12259 490 1.0
12303 492 1.0
12323 492 1.0
12300 492 1.0
12345 493 0.0
12370 494 0.0
12395 495 0.0
12405 496 0.0
12445 497 0.0
12473 498 1.0
12523 500 1.0
12520 500 1.0
12545 501 0.0
12570 502 0.0
12623 504 1.0
12620 504 1.0
12652 506 1.0
12695 507 0.0
12723 508 1.0
12728 509 1.0
12770 510 0.0
12798 511 1.0
12795 511 1.0
12820 512 0.0
12846 513 0.0
12870 514 0.0
12877 515 1.0
12920 516 0.0
12949 517 0.0
12973 518 1.0
12974 518 1.0
12977 519 0.0
13020 520 0.0
13048 521 1.0
13095 523 0.0
13120 524 0.0
13173 526 1.0
13170 526 1.0
13220 528 1.0
13245 529 0.0
13295 531 0.0
13323 532 1.0
13327 533 0.0
13345 533 0.0
13370 534 1.0
13373 534 1.0
13375 535 0.0
13420 536 0.0
13445 537 0.0
13450 538 1.0
13495 539 0.0
13520 540 0.0
13545 541 0.0
13570 542 0.0
13596 543 0.0
13620 544 0.0
13648 545 1.0
13670 546 1.0
13698 547 1.0
13695 547 1.0
13723 548 1.0
13724 548 1.0
13727 549 0.0
13745 549 0.0
13795 551 0.0
13823 552 1.0
13824 552 1.0
13845 553 0.0
13850 554 1.0
13873 554 1.0
13921 556 0.0
13949 557 0.0
13964 558 0.0
13995 559 0.0
14030 561 1.0
14073 562 1.0
14075 563 1.0
14120 564 0.0
14138 565 0.0
14195 567 0.0
14205 568 0.0
14200 568 0.0
14245 569 1.0
14248 569 1.0
14270 570 0.0
14279 571 0.0
14323 572 1.0
14346 573 0.0
14356 574 0.0
14420 576 0.0
14445 577 0.0
14427 577 0.0
14453 578 0.0
14470 578 0.0
14520 580 0.0
14545 581 0.0
14573 582 1.0
14595 583 1.0
14620 584 1.0
14623 584 1.0
14645 585 0.0
14670 586 0.0
14695 587 1.0
14698 587 1.0
14720 588 0.0
14749 589 0.0
14766 590 0.0
14824 592 1.0
14823 592 1.0
14826 593 1.0
14853 594 1.0
14895 595 0.0
14920 596 0.0
14948 597 1.0
14945 597 1.0
14955 598 1.0
14998 599 1.0
15024 600 0.0
15027 601 0.0
15063 602 0.0
15095 603 0.0
15123 604 1.0
15120 604 1.0
15148 605 1.0
15149 605 1.0
15170 606 0.0
15195 607 0.0
15206 608 1.0
15248 609 1.0
15245 609 1.0
15270 610 0.0
15296 611 0.0
15323 612 1.0
15320 612 1.0
15345 613 1.0
15348 613 1.0
15351 614 1.0
15375 615 1.0
15449 617 1.0
15448 617 1.0
15450 618 1.0
15495 619 0.0
15506 620 1.0
15530 621 0.0
15545 621 0.0
15570 622 1.0
15596 623 0.0
15620 624 0.0
15607 624 0.0
15628 625 1.0
15724 628 1.0
15723 628 1.0
15748 629 1.0
15745 629 1.0
15770 630 1.0
15795 631 0.0
15820 632 0.0
15848 633 1.0
15873 634 1.0
15895 635 0.0
15903 636 0.0
15925 637 1.0
15970 638 0.0
15975 639 1.0
16020 640 0.0
16045 641 0.0
16070 642 0.0
16084 643 1.0
16102 644 0.0
16120 644 0.0
16110 644 0.0
16145 645 0.0
16170 646 1.0
16173 646 1.0
16199 647 1.0
16198 647 1.0
16223 648 1.0
16248 649 1.0
16231 649 1.0
16245 649 1.0
16270 650 0.0
16298 651 1.0
16276 651 1.0
16323 652 1.0
16324 652 1.0
16370 654 1.0
16373 654 1.0
16382 655 1.0
16408 656 1.0
16448 657 1.0
16445 657 1.0
16471 658 0.0
16499 659 1.0
16498 659 1.0
16520 660 0.0
16548 661 1.0
16545 661 1.0
16564 662 1.0
16576 663 1.0
16620 664 0.0
16645 665 0.0
16673 666 1.0
16674 666 1.0
16695 667 0.0
16720 668 0.0
16745 669 0.0
16773 670 1.0
16770 670 1.0
16784 671 1.0
16828 673 1.0
16826 673 1.0
16874 674 0.0
16895 675 0.0
16881 675 0.0
16900 676 0.0
16945 677 0.0
16972 678 1.0
16995 679 0.0
17020 680 1.0
17023 680 1.0
17048 681 1.0
17045 681 1.0
17095 683 0.0
17123 684 1.0
17145 685 0.0
17170 686 0.0
17195 687 1.0
17198 687 1.0
17221 688 0.0
17270 690 1.0
17298 691 1.0
17335 693 1.0
17329 693 1.0
17373 694 1.0
17374 694 1.0
17395 695 0.0
17423 696 1.0
17432 697 0.0
17474 698 0.0
17475 699 0.0
17520 700 1.0
17548 701 1.0
17545 701 1.0
17573 702 1.0
17570 702 1.0
17579 703 1.0
17662 706 0.0
17695 707 0.0
17723 708 1.0
17748 709 1.0
17745 709 1.0
17798 711 1.0
17834 713 0.0
17870 714 0.0
17903 716 0.0
17934 717 1.0
17995 719 0.0
17977 719 0.0
18001 720 1.0
18020 720 1.0
18039 721 0.0
18073 722 1.0
18070 722 1.0
18095 723 0.0
18120 724 0.0
18146 725 0.0
18174 726 0.0
18195 727 0.0
18220 728 0.0
18245 729 0.0
18271 730 0.0
18295 731 0.0
18323 732 1.0
18348 733 1.0
18345 733 1.0
18352 734 1.0
18395 735 1.0
18398 735 1.0
18423 736 1.0
18420 736 1.0
18425 737 0.0
18454 738 1.0
18453 738 1.0
18451 738 1.0
18499 739 0.0
18478 739 0.0
18523 740 1.0
18501 740 1.0
18520 740 1.0
18570 742 1.0
18573 742 1.0
18599 743 1.0
18598 743 1.0
18620 744 0.0
18608 744 0.0
18649 745 1.0
18648 745 1.0
18670 746 1.0
18680 747 1.0
18715 748 1.0
18748 749 1.0
18745 749 1.0
18770 750 1.0
18798 751 1.0
18799 751 1.0
18800 752 1.0
18823 752 1.0
18845 753 0.0
18895 755 1.0
18898 755 1.0
18924 756 0.0
18945 757 1.0
18948 757 1.0
18970 758 0.0
18985 759 0.0
19020 760 0.0
19048 761 1.0
19035 761 1.0
19055 762 0.0
19098 763 1.0
19095 763 1.0
19101 764 1.0
19149 765 1.0
19148 765 1.0
19170 766 0.0
19198 767 1.0
19199 767 1.0
19203 768 1.0
19259 770 1.0
19298 771 1.0
19299 771 1.0
19324 772 0.0
19348 773 1.0
19370 774 0.0
19363 774 0.0
19398 775 1.0
19395 775 1.0
19423 776 1.0
19445 777 0.0
19426 777 0.0
19454 778 0.0
19498 779 1.0
19495 779 1.0
19511 780 1.0
19520 780 1.0
19571 782 0.0
19581 783 0.0
19624 784 0.0
19645 785 0.0
19673 786 1.0
19688 787 1.0
19720 788 0.0
19745 789 0.0
19770 790 1.0
19795 791 1.0
19800 792 1.0
19845 793 1.0
19870 794 1.0
19895 795 1.0
19898 795 1.0
19930 797 1.0
19973 798 1.0
19970 798 1.0
19998 799 1.0
3464 138 0.0
16203 648 1.0
12 0 1.0
17 0 1.0
31 1 1.0
44 1 1.0
38 1 1.0
49 1 1.0
63 2 1.0
62 2 1.0
79 3 1.0
78 3 1.0
92 3 1.0
118 4 0.0
112 4 0.0
133 5 1.0
135 5 1.0
167 6 1.0
159 6 1.0
176 7 1.0
191 7 1.0
190 7 1.0
211 8 1.0
215 8 1.0
218 8 1.0
208 8 1.0
237 9 0.0
228 9 0.0
259 10 1.0
261 10 1.0
268 10 1.0
292 11 0.0
285 11 0.0
310 12 1.0
311 12 1.0
337 13 1.0
329 13 1.0
374 14 1.0
365 14 1.0
399 15 1.0
392 15 1.0
387 15 1.0
407 16 0.0
440 17 1.0
449 17 1.0
441 17 1.0
458 18 1.0
450 18 1.0
474 18 1.0
460 18 1.0
454 18 1.0
488 19 0.0
490 19 0.0
479 19 0.0
515 20 0.0
519 20 0.0
507 20 0.0
529 21 0.0
559 22 0.0
557 22 0.0
553 22 0.0
584 23 1.0
586 23 1.0
617 24 0.0
618 24 0.0
628 25 0.0
661 26 0.0
654 26 0.0
691 27 1.0
687 27 1.0
717 28 1.0
714 28 1.0
707 28 1.0
733 29 1.0
740 29 1.0
742 29 1.0
758 30 0.0
766 30 0.0
788 31 0.0
786 31 0.0
784 31 0.0
812 32 1.0
836 33 0.0
841 33 0.0
837 33 0.0
858 34 0.0
869 34 0.0
876 35 0.0
907 36 1.0
905 36 1.0
934 37 1.0
925 37 1.0
931 37 1.0
957 38 1.0
955 38 1.0
988 39 0.0
987 39 0.0
1001 40 0.0
1020 40 0.0
1009 40 0.0
1038 41 0.0
1061 42 0.0
1056 42 0.0
1077 43 1.0
1095 43 1.0
1112 44 0.0
1114 44 0.0
1134 45 0.0
1162 46 1.0
1169 46 1.0
1182 47 1.0
1190 47 1.0
1207 48 0.0
1210 48 0.0
1234 49 1.0
1243 49 1.0
1241 49 1.0
1256 50 1.0
1255 50 1.0
1285 51 1.0
1292 51 1.0
1278 51 1.0
1310 52 0.0
1313 52 0.0
1342 53 1.0
1334 53 1.0
1330 53 1.0
1357 54 0.0
1367 54 0.0
1391 55 0.0
1392 55 0.0
1383 55 0.0
1410 56 1.0
1403 56 1.0
1432 57 0.0
1431 57 0.0
1467 58 0.0
1462 58 0.0
1494 59 1.0
1482 59 1.0
1484 59 1.0
1515 60 0.0
1508 60 0.0
1509 60 0.0
1535 61 0.0
1543 61 0.0
1564 62 1.0
1588 63 0.0
1581 63 0.0
1610 64 1.0
1618 64 1.0
1640 65 1.0
1630 65 1.0
1653 66 1.0
1655 66 1.0
1679 67 1.0
1678 67 1.0
1708 68 0.0
1734 69 1.0
1743 69 1.0
1765 70 0.0
1754 70 0.0
1782 71 0.0
1787 71 0.0
1780 71 0.0
1811 72 1.0
1828 73 1.0
1836 73 1.0
1827 73 1.0
1855 74 0.0
1884 75 0.0
1894 75 0.0
1886 75 0.0
1917 76 1.0
1909 76 1.0
1924 76 1.0
1929 77 0.0
1933 77 0.0
1927 77 0.0
1965 78 1.0
1957 78 1.0
1955 78 1.0
1989 79 0.0
1981 79 0.0
1986 79 0.0
2009 80 1.0
2010 80 1.0
2038 81 0.0
2034 81 0.0
2057 82 0.0
2059 82 0.0
2054 82 0.0
2087 83 0.0
2111 84 0.0
2139 85 1.0
2128 85 1.0
2130 85 1.0
2169 86 1.0
2158 86 1.0
2186 87 1.0
2190 87 1.0
2178 87 1.0
2215 88 1.0
2207 88 1.0
2243 89 0.0
2244 89 0.0
2239 89 0.0
2253 90 0.0
2262 90 0.0
2279 91 0.0
2287 91 0.0
2293 91 0.0
2308 92 1.0
2319 92 1.0
2311 92 1.0
2341 93 0.0
2332 93 0.0
2325 93 0.0
2358 94 1.0
2357 94 1.0
2392 95 0.0
2379 95 0.0
2403 96 1.0
2413 96 1.0
2414 96 1.0
2419 96 1.0
2431 97 0.0
2445 97 0.0
2440 97 0.0
2463 98 0.0
2466 98 0.0
2458 98 0.0
2481 99 1.0
2489 99 1.0
2511 100 1.0
2503 100 1.0
2538 101 0.0
2560 102 1.0
2559 102 1.0
2580 103 0.0
2594 103 0.0
2609 104 1.0
2604 104 1.0
2644 105 1.0
2634 105 1.0
2649 105 1.0
2664 106 1.0
2682 107 1.0
2685 107 1.0
2690 107 1.0
2715 108 0.0
2718 108 0.0
2719 108 0.0
2729 109 1.0
2757 110 1.0
2755 110 1.0
2783 111 1.0
2777 111 1.0
2814 112 1.0
2817 112 1.0
2833 113 1.0
2849 113 1.0
2835 113 1.0
2842 113 1.0
2852 114 0.0
2869 114 0.0
2866 114 0.0
2880 115 0.0
2890 115 0.0
2888 115 0.0
2919 116 0.0
2906 116 0.0
2904 116 0.0
2941 117 1.0
2934 117 1.0
2957 118 1.0
2964 118 1.0
2983 119 0.0
2984 119 0.0
3009 120 1.0
3012 120 1.0
3028 121 0.0
3030 121 0.0
3038 121 0.0
3064 122 1.0
3053 122 1.0
3069 122 1.0
3091 123 0.0
3092 123 0.0
3084 123 0.0
3102 124 0.0
3116 124 0.0
3137 125 1.0
3142 125 1.0
3144 125 1.0
3158 126 1.0
3164 126 1.0
3156 126 1.0
3189 127 0.0
3208 128 1.0
3216 128 1.0
3213 128 1.0
3237 129 1.0
3228 129 1.0
3231 129 1.0
3264 130 1.0
3266 130 1.0
3255 130 1.0
3286 131 1.0
3291 131 1.0
3310 132 0.0
3319 132 0.0
3335 133 1.0
3331 133 1.0
3361 134 1.0
3364 134 1.0
3391 135 0.0
3390 135 0.0
3384 135 0.0
3385 135 0.0
3408 136 0.0
3414 136 0.0
3433 137 0.0
3436 137 0.0
3451 138 0.0
3456 138 0.0
3461 138 0.0
3491 139 0.0
3477 139 0.0
3490 139 0.0
3515 140 0.0
3516 140 0.0
3536 141 0.0
3535 141 0.0
3566 142 1.0
3559 142 1.0
3585 143 0.0
3595 143 0.0
3587 143 0.0
3617 144 1.0
3607 144 1.0
3639 145 1.0
3631 145 1.0
3641 145 1.0
3661 146 1.0
3659 146 1.0
3683 147 0.0
3686 147 0.0
3695 147 0.0
3685 147 0.0
3706 148 1.0
3714 148 1.0
3719 148 1.0
3743 149 0.0
3744 149 0.0
3768 150 1.0
3764 150 1.0
3761 150 1.0
3785 151 0.0
3789 151 0.0
3794 151 0.0
3807 152 1.0
3808 152 1.0
3837 153 0.0
3838 153 0.0
3863 154 1.0
3870 154 1.0
3893 155 0.0
3892 155 0.0
3917 156 0.0
3911 156 0.0
3940 157 1.0
3936 157 1.0
3963 158 0.0
3959 158 0.0
3992 159 1.0
3978 159 1.0
4013 160 1.0
4016 160 1.0
4024 160 1.0
4032 161 1.0
4037 161 1.0
4074 162 1.0
4055 162 1.0
4063 162 1.0
4088 163 1.0
4099 163 1.0
4082 163 1.0
4077 163 1.0
4114 164 1.0
4109 164 1.0
4137 165 1.0
4143 165 1.0
4169 166 0.0
4161 166 0.0
4165 166 0.0
4193 167 1.0
4219 168 0.0
4204 168 0.0
4215 168 0.0
4237 169 0.0
4230 169 0.0
4268 170 0.0
4259 170 0.0
4269 170 0.0
4252 170 0.0
4277 171 0.0
4288 171 0.0
4291 171 0.0
4319 172 0.0
4302 172 0.0
4306 172 0.0
4334 173 1.0
4337 173 1.0
4360 174 0.0
4364 174 0.0
4393 175 0.0
4382 175 0.0
4391 175 0.0
4384 175 0.0
4405 176 0.0
4404 176 0.0
4438 177 0.0
4439 177 0.0
4437 177 0.0
4451 178 1.0
4469 178 1.0
4482 179 1.0
4487 179 1.0
4504 180 0.0
4519 180 0.0
4543 181 0.0
4565 182 0.0
4553 182 0.0
4592 183 1.0
4582 183 1.0
4607 184 1.0
4603 184 1.0
4614 184 1.0
4631 185 0.0
4640 185 0.0
4638 185 0.0
4659 186 0.0
4664 186 0.0
4685 187 0.0
4683 187 0.0
4681 187 0.0
4705 188 1.0
4713 188 1.0
4706 188 1.0
4727 189 1.0
4737 189 1.0
4769 190 1.0
4758 190 1.0
4792 191 0.0
4785 191 0.0
4786 191 0.0
4809 192 1.0
4806 192 1.0
4824 192 1.0
4834 193 0.0
4837 193 0.0
4855 194 0.0
4869 194 0.0
4865 194 0.0
4877 195 0.0
4893 195 0.0
4914 196 0.0
4917 196 0.0
4936 197 0.0
4938 197 0.0
4959 198 1.0
4963 198 1.0
4960 198 1.0
4961 198 1.0
4986 199 0.0
5016 200 0.0
5009 200 0.0
5007 200 0.0
5040 201 1.0
5030 201 1.0
5049 201 1.0
5053 202 1.0
5052 202 1.0
5077 203 1.0
5088 203 1.0
5110 204 1.0
5103 204 1.0
5140 205 1.0
5130 205 1.0
5164 206 0.0
5155 206 0.0
5157 206 0.0
5189 207 1.0
5186 207 1.0
5217 208 0.0
5205 208 0.0
5240 209 1.0
5249 209 1.0
5260 210 0.0
5269 210 0.0
5287 211 0.0
5294 211 0.0
5311 212 1.0
5301 212 1.0
5344 213 1.0
5339 213 1.0
5362 214 1.0
5367 214 1.0
5383 215 0.0
5392 215 0.0
5413 216 1.0
5414 216 1.0
5437 217 0.0
5428 217 0.0
5467 218 1.0
5479 219 1.0
5488 219 1.0
5505 220 0.0
5516 220 0.0
5515 220 0.0
5538 221 1.0
5569 222 1.0
5552 222 1.0
5586 223 0.0
5583 223 0.0
5610 224 1.0
5613 224 1.0
5634 225 0.0
5629 225 0.0
5668 226 1.0
5661 226 1.0
5688 227 0.0
5710 228 1.0
5716 228 1.0
5728 229 1.0
5737 229 1.0
5731 229 1.0
5756 230 0.0
5784 231 1.0
5779 231 1.0
5802 232 0.0
5811 232 0.0
5801 232 0.0
5840 233 1.0
5832 233 1.0
5833 233 1.0
5862 234 0.0
5853 234 0.0
5884 235 0.0
5910 236 0.0
5907 236 0.0
5932 237 1.0
5938 237 1.0
5933 237 1.0
5968 238 0.0
5962 238 0.0
5952 238 0.0
5982 239 0.0
5990 239 0.0
6015 240 0.0
6008 240 0.0
6039 241 0.0
6041 241 0.0
6044 241 0.0
6066 242 1.0
6065 242 1.0
6077 243 1.0
6086 243 1.0
6112 244 0.0
6116 244 0.0
6142 245 0.0
6134 245 0.0
6168 246 0.0
6158 246 0.0
6160 246 0.0
6182 247 0.0
6187 247 0.0
6213 248 0.0
6216 248 0.0
6214 248 0.0
6244 249 0.0
6228 249 0.0
6238 249 0.0
6293 251 1.0
6288 251 1.0
6324 252 1.0
6315 252 1.0
6306 252 1.0
6307 252 1.0
6341 253 1.0
6336 253 1.0
6363 254 0.0
6379 255 0.0
6383 255 0.0
6382 255 0.0
6405 256 1.0
6409 256 1.0
6412 256 1.0
6430 257 1.0
6444 257 1.0
6437 257 1.0
6468 258 1.0
6456 258 1.0
6487 259 0.0
6479 259 0.0
6518 260 1.0
6517 260 1.0
6544 261 0.0
6541 261 0.0
6552 262 0.0
6563 262 0.0
6586 263 0.0
6580 263 0.0
6593 263 0.0
6616 264 0.0
6606 264 0.0
6630 265 1.0
6642 265 1.0
6654 266 1.0
6661 266 1.0
6690 267 0.0
6678 267 0.0
6718 268 1.0
6706 268 1.0
6733 269 0.0
6728 269 0.0
6767 270 0.0
6768 270 0.0
6787 271 0.0
6781 271 0.0
6824 272 1.0
6819 272 1.0
6808 272 1.0
6844 273 0.0
6843 273 0.0
6867 274 1.0
6864 274 1.0
6865 274 1.0
6891 275 0.0
6876 275 0.0
6888 275 0.0
6917 276 0.0
6905 276 0.0
6919 276 0.0
6934 277 1.0
6964 278 0.0
6957 278 0.0
6990 279 1.0
6977 279 1.0
7007 280 1.0
7044 281 1.0
7030 281 1.0
7027 281 1.0
7066 282 0.0
7090 283 0.0
7113 284 0.0
7116 284 0.0
7119 284 0.0
7139 285 1.0
7135 285 1.0
7144 285 1.0
7169 286 0.0
7158 286 0.0
7192 287 0.0
7188 287 0.0
7216 288 0.0
7244 289 1.0
7240 289 1.0
7266 290 1.0
7268 290 1.0
7292 291 1.0
7282 291 1.0
7318 292 1.0
7316 292 1.0
7330 293 0.0
7331 293 0.0
7359 294 0.0
7355 294 0.0
7362 294 0.0
7357 294 0.0
7382 295 0.0
7390 295 0.0
7419 296 1.0
7411 296 1.0
7440 297 0.0
7470 298 0.0
7455 298 0.0
7469 298 0.0
7487 299 0.0
7477 299 0.0
7502 300 1.0
7517 300 1.0
7519 300 1.0
7543 301 0.0
7552 302 0.0
7558 302 0.0
7577 303 0.0
7580 303 0.0
7614 304 1.0
7612 304 1.0
7640 305 1.0
7633 305 1.0
7641 305 1.0
7654 306 0.0
7667 306 0.0
7661 306 0.0
7680 307 1.0
7693 307 1.0
7681 307 1.0
7702 308 1.0
7719 308 1.0
7740 309 1.0
7730 309 1.0
7739 309 1.0
7766 310 1.0
7759 310 1.0
7768 310 1.0
7790 311 1.0
7780 311 1.0
7809 312 1.0
7837 313 1.0
7829 313 1.0
7856 314 0.0
7864 314 0.0
7880 315 0.0
7882 315 0.0
7918 316 0.0
7913 316 0.0
7944 317 0.0
7936 317 0.0
7937 317 0.0
7938 317 0.0
7951 318 1.0
7960 318 1.0
7990 319 0.0
7987 319 0.0
8009 320 0.0
8033 321 0.0
8030 321 0.0
8059 322 0.0
8061 322 0.0
8093 323 1.0
8077 323 1.0
8081 323 1.0
8113 324 1.0
8119 324 1.0
8134 325 1.0
8140 325 1.0
8170 326 0.0
8152 326 0.0
8151 326 0.0
8180 327 0.0
8195 327 0.0
8192 327 0.0
8216 328 1.0
8240 329 0.0
8229 329 0.0
8253 330 1.0
8268 330 1.0
8291 331 0.0
8282 331 0.0
8308 332 1.0
8318 332 1.0
8306 332 1.0
8328 333 1.0
8333 333 1.0
8335 333 1.0
8357 334 0.0
8362 334 0.0
8390 335 0.0
8415 336 1.0
8467 338 1.0
8466 338 1.0
8491 339 1.0
8487 339 1.0
8501 340 0.0
8519 340 0.0
8535 341 0.0
8537 341 0.0
8568 342 0.0
8588 343 0.0
8583 343 0.0
8612 344 0.0
8607 344 0.0
8604 344 0.0
8641 345 0.0
8635 345 0.0
8629 345 0.0
8654 346 1.0
8662 346 1.0
8684 347 1.0
8688 347 1.0
8711 348 0.0
8713 348 0.0
8731 349 1.0
8740 349 1.0
8749 349 1.0
8765 350 0.0
8766 350 0.0
8759 350 0.0
8784 351 0.0
8781 351 0.0
8816 352 1.0
8807 352 1.0
8843 353 0.0
8833 353 0.0
8839 353 0.0
8851 354 0.0
8857 354 0.0
8890 355 0.0
8894 355 0.0
8911 356 0.0
8914 356 0.0
8943 357 0.0
8962 358 0.0
8957 358 0.0
8961 358 0.0
8994 359 0.0
8989 359 0.0
9002 360 0.0
9012 360 0.0
9015 360 0.0
9017 360 0.0
9028 361 1.0
9030 361 1.0
9033 361 1.0
9062 362 0.0
9064 362 0.0
9080 363 0.0
9090 363 0.0
9119 364 0.0
9111 364 0.0
9128 365 0.0
9144 365 0.0
9166 366 1.0
9153 366 1.0
9183 367 0.0
9179 367 0.0
9212 368 0.0
9218 368 0.0
9213 368 0.0
9214 368 0.0
9237 369 1.0
9243 369 1.0
9252 370 0.0
9253 370 0.0
9281 371 1.0
9284 371 1.0
9308 372 0.0
9317 372 0.0
9305 372 0.0
9316 372 0.0
9335 373 0.0
9327 373 0.0
9342 373 0.0
9332 373 0.0
9366 374 0.0
9359 374 0.0
9389 375 1.0
9385 375 1.0
9411 376 0.0
9412 376 0.0
9443 377 0.0
9466 378 1.0
9463 378 1.0
9492 379 1.0
9477 379 1.0
9508 380 0.0
9520 380 0.0
9502 380 0.0
9540 381 0.0
9535 381 0.0
9555 382 1.0
9556 382 1.0
9609 384 0.0
9607 384 0.0
9638 385 1.0
9649 385 1.0
9640 385 1.0
9669 386 1.0
9658 386 1.0
9662 386 1.0
9686 387 0.0
9695 387 0.0
9694 387 0.0
9724 388 1.0
9716 388 1.0
9713 388 1.0
9732 389 1.0
9742 389 1.0
9743 389 1.0
9751 390 0.0
9757 390 0.0
9763 390 0.0
9759 390 0.0
9777 391 0.0
9790 391 0.0
9795 391 0.0
9818 392 1.0
9827 393 0.0
9836 393 0.0
9865 394 1.0
9855 394 1.0
9874 394 1.0
9886 395 0.0
9894 395 0.0
9913 396 0.0
9908 396 0.0
9905 396 0.0
9939 397 0.0
9930 397 0.0
9956 398 1.0
9951 398 1.0
9982 399 1.0
9976 399 1.0
9991 399 1.0
9992 399 1.0
10006 400 0.0
10014 400 0.0
10041 401 0.0
10038 401 0.0
10036 401 0.0
10068 402 1.0
10074 402 1.0
10062 402 1.0
10085 403 1.0
10081 403 1.0
10119 404 1.0
10116 404 1.0
10129 405 1.0
10141 405 1.0
10155 406 1.0
10161 406 1.0
10193 407 0.0
10190 407 0.0
10218 408 0.0
10212 408 0.0
10236 409 1.0
10231 409 1.0
10257 410 1.0
10259 410 1.0
10286 411 1.0
10285 411 1.0
10315 412 1.0
10306 412 1.0
10340 413 0.0
10343 413 0.0
10361 414 1.0
10366 414 1.0
10357 414 1.0
10389 415 1.0
10385 415 1.0
10401 416 1.0
10409 416 1.0
10438 417 1.0
10431 417 1.0
10462 418 1.0
10453 418 1.0
10484 419 0.0
10485 419 0.0
10480 419 0.0
10495 419 0.0
10516 420 0.0
10526 421 1.0
10538 421 1.0
10565 422 0.0
10582 423 1.0
10588 423 1.0
10610 424 0.0
10611 424 0.0
10632 425 0.0
10638 425 0.0
10664 426 0.0
10657 426 0.0
10690 427 0.0
10691 427 0.0
10717 428 1.0
10718 428 1.0
10729 429 0.0
10742 429 0.0
10762 430 0.0
10769 430 0.0
10792 431 0.0
10793 431 0.0
10788 431 0.0
10819 432 0.0
10840 433 0.0
10836 433 0.0
10868 434 0.0
10861 434 0.0
10885 435 0.0
10891 435 0.0
10911 436 0.0
10912 436 0.0
10943 437 0.0
10944 437 0.0
10936 437 0.0
10954 438 1.0
10958 438 1.0
10993 439 1.0
11004 440 0.0
11015 440 0.0
11030 441 1.0
11044 441 1.0
11063 442 1.0
11055 442 1.0
11087 443 1.0
11104 444 1.0
11114 444 1.0
11128 445 1.0
11133 445 1.0
11158 446 1.0
11166 446 1.0
11181 447 0.0
11190 447 0.0
11210 448 1.0
11238 449 1.0
11244 449 1.0
11239 449 1.0
11268 450 1.0
11258 450 1.0
11285 451 1.0
11290 451 1.0
11287 451 1.0
11310 452 0.0
11318 452 0.0
11340 453 0.0
11327 453 0.0
11358 454 0.0
11369 454 0.0
11382 455 1.0
11386 455 1.0
11424 456 1.0
11404 456 1.0
11406 456 1.0
11449 457 1.0
11441 457 1.0
11428 457 1.0
11442 457 1.0
11430 457 1.0
11453 458 0.0
11454 458 0.0
11480 459 0.0
11488 459 0.0
11514 460 0.0
11511 460 0.0
11516 460 0.0
11535 461 0.0
11531 461 0.0
11526 461 0.0
11563 462 1.0
11558 462 1.0
11552 462 1.0
11581 463 1.0
11602 464 0.0
11604 464 0.0
11638 465 0.0
11643 465 0.0
11644 465 0.0
11656 466 0.0
11691 467 0.0
11683 467 0.0
11680 467 0.0
11709 468 1.0
11724 468 1.0
11707 468 1.0
11744 469 0.0
11735 469 0.0
11755 470 0.0
11757 470 0.0
11793 471 0.0
11791 471 0.0
11784 471 0.0
11807 472 1.0
11812 472 1.0
11803 472 1.0
11837 473 0.0
11829 473 0.0
11858 474 0.0
11869 474 0.0
11884 475 1.0
11890 475 1.0
11916 476 1.0
11903 476 1.0
11931 477 1.0
11939 477 1.0
11963 478 1.0
11954 478 1.0
11993 479 1.0
12003 480 1.0
12014 480 1.0
12010 480 1.0
12033 481 0.0
12068 482 0.0
12075 483 0.0
12082 483 0.0
12114 484 1.0
12104 484 1.0
12144 485 0.0
12143 485 0.0
12156 486 0.0
12159 486 0.0
12152 486 0.0
12191 487 0.0
12181 487 0.0
12183 487 0.0
12217 488 0.0
12204 488 0.0
12220 488 0.0
12230 489 0.0
12232 489 0.0
12269 490 1.0
12265 490 1.0
12262 490 1.0
12267 490 1.0
12290 491 1.0
12282 491 1.0
12315 492 1.0
12316 492 1.0
12311 492 1.0
12313 492 1.0
12340 493 0.0
12326 493 0.0
12356 494 0.0
12354 494 0.0
12377 495 0.0
12378 495 0.0
12419 496 0.0
12420 496 0.0
12404 496 0.0
12435 497 0.0
12443 497 0.0
12459 498 1.0
12455 498 1.0
12480 499 1.0
12488 499 1.0
12489 499 1.0
12517 500 1.0
12507 500 1.0
12534 501 0.0
12531 501 0.0
12535 501 0.0
12559 502 0.0
12555 502 0.0
12584 503 1.0
12579 503 1.0
12609 504 1.0
12614 504 1.0
12617 504 1.0
12630 505 1.0
12641 505 1.0
12666 506 1.0
12656 506 1.0
12689 507 0.0
12691 507 0.0
12693 507 0.0
12714 508 1.0
12717 508 1.0
12738 509 1.0
12768 510 0.0
12756 510 0.0
12785 511 1.0
12780 511 1.0
12804 512 0.0
12816 512 0.0
12806 512 0.0
12837 513 0.0
12826 513 0.0
12863 514 0.0
12856 514 0.0
12859 514 0.0
12853 514 0.0
12883 515 1.0
12892 515 1.0
12915 516 0.0
12918 516 0.0
12926 517 0.0
12958 518 1.0
12967 518 1.0
12994 519 0.0
12992 519 0.0
12993 519 0.0
13017 520 0.0
13005 520 0.0
13019 520 0.0
13029 521 1.0
13035 521 1.0
13060 522 1.0
13055 522 1.0
13088 523 0.0
13092 523 0.0
13091 523 0.0
13111 524 0.0
13115 524 0.0
13135 525 1.0
13131 525 1.0
13157 526 1.0
13161 526 1.0
13174 526 1.0
13179 527 0.0
13195 527 0.0
13185 527 0.0
13186 527 0.0
13181 527 0.0
13218 528 1.0
13219 528 1.0
13224 528 1.0
13243 529 0.0
13236 529 0.0
13255 530 1.0
13253 530 1.0
13278 531 0.0
13292 531 0.0
13301 532 1.0
13318 532 1.0
13324 532 1.0
13342 533 0.0
13337 533 0.0
13343 533 0.0
13374 534 1.0
13363 534 1.0
13367 534 1.0
13381 535 0.0
13395 535 0.0
13406 536 0.0
13415 536 0.0
13441 537 0.0
13440 537 0.0
13442 537 0.0
13455 538 1.0
13459 538 1.0
13479 539 0.0
13484 539 0.0
13510 540 0.0
13519 540 0.0
13529 541 0.0
13538 541 0.0
13569 542 0.0
13557 542 0.0
13565 542 0.0
13581 543 0.0
13583 543 0.0
13590 543 0.0
13615 544 0.0
13626 545 1.0
13644 545 1.0
13665 546 1.0
13662 546 1.0
13661 546 1.0
13678 547 1.0
13680 547 1.0
13687 547 1.0
13704 548 1.0
13712 548 1.0
13729 549 0.0
13744 549 0.0
13735 549 0.0
13769 550 0.0
13765 550 0.0
13783 551 0.0
13784 551 0.0
13807 552 1.0
13802 552 1.0
13830 553 0.0
13839 553 0.0
13853 554 1.0
13866 554 1.0
13856 554 1.0
13882 555 1.0
13894 555 1.0
13903 556 0.0
13939 557 0.0
13933 557 0.0
13968 558 0.0
13970 558 0.0
13953 558 0.0
13988 559 0.0
13982 559 0.0
14019 560 0.0
14013 560 0.0
14000 560 0.0
14032 561 1.0
14060 562 1.0
14067 562 1.0
14091 563 1.0
14082 563 1.0
14103 564 0.0
14118 564 0.0
14112 564 0.0
14135 565 0.0
14145 565 0.0
14136 565 0.0
14153 566 1.0
14165 566 1.0
14191 567 0.0
14178 567 0.0
14206 568 0.0
14204 568 0.0
14243 569 1.0
14235 569 1.0
14255 570 0.0
14253 570 0.0
14295 571 0.0
14287 571 0.0
14275 571 0.0
14292 571 0.0
14312 572 1.0
14302 572 1.0
14311 572 1.0
14326 573 0.0
14333 573 0.0
14365 574 0.0
14358 574 0.0
14393 575 1.0
14392 575 1.0
14402 576 0.0
14415 576 0.0
14443 577 0.0
14438 577 0.0
14442 577 0.0
14433 577 0.0
14465 578 0.0
14456 578 0.0
14484 579 1.0
14483 579 1.0
14508 580 0.0
14502 580 0.0
14506 580 0.0
14539 581 0.0
14541 581 0.0
14542 581 0.0
14566 582 1.0
14559 582 1.0
14583 583 1.0
14586 583 1.0
14590 583 1.0
14611 584 1.0
14613 584 1.0
14612 584 1.0
14634 585 0.0
14631 585 0.0
14658 586 0.0
14689 587 1.0
14691 587 1.0
14717 588 0.0
14715 588 0.0
14740 589 0.0
14741 589 0.0
14756 590 0.0
14768 590 0.0
14761 590 0.0
14790 591 1.0
14791 591 1.0
14804 592 1.0
14807 592 1.0
14832 593 1.0
14828 593 1.0
14841 593 1.0
14867 594 1.0
14854 594 1.0
14893 595 0.0
14878 595 0.0
14886 595 0.0
14903 596 0.0
14917 596 0.0
14932 597 1.0
14935 597 1.0
14949 597 1.0
14969 598 1.0
14974 598 1.0
14961 598 1.0
14979 599 1.0
14980 599 1.0
14983 599 1.0
15005 600 0.0
15007 600 0.0
15033 601 0.0
15040 601 0.0
15058 602 0.0
15069 602 0.0
15061 602 0.0
15091 603 0.0
15078 603 0.0
15106 604 1.0
15116 604 1.0
15119 604 1.0
15138 605 1.0
15143 605 1.0
15152 606 0.0
15161 606 0.0
15177 607 0.0
15190 607 0.0
15210 608 1.0
15214 608 1.0
15203 608 1.0
15241 609 1.0
15240 609 1.0
15239 609 1.0
15256 610 0.0
15263 610 0.0
15258 610 0.0
15290 611 0.0
15317 612 1.0
15302 612 1.0
15324 612 1.0
15308 612 1.0
15334 613 1.0
15326 613 1.0
15365 614 1.0
15358 614 1.0
15359 614 1.0
15392 615 1.0
15377 615 1.0
15419 616 1.0
15407 616 1.0
15444 617 1.0
15434 617 1.0
15462 618 1.0
15488 619 0.0
15479 619 0.0
15516 620 1.0
15509 620 1.0
15538 621 0.0
15541 621 0.0
15559 622 1.0
15567 622 1.0
15593 623 0.0
15615 624 0.0
15610 624 0.0
15611 624 0.0
15617 624 0.0
15642 625 1.0
15665 626 0.0
15659 626 0.0
15693 627 1.0
15686 627 1.0
15716 628 1.0
15702 628 1.0
15719 628 1.0
15729 629 1.0
15737 629 1.0
15767 630 1.0
15758 630 1.0
15782 631 0.0
15793 631 0.0
15817 632 0.0
15811 632 0.0
15830 633 1.0
15844 633 1.0
15862 634 1.0
15865 634 1.0
15892 635 0.0
15887 635 0.0
15904 636 0.0
15910 636 0.0
15906 636 0.0
15944 637 1.0
15967 638 0.0
15951 638 0.0
15990 639 1.0
15982 639 1.0
16004 640 0.0
16006 640 0.0
16044 641 0.0
16029 641 0.0
16063 642 0.0
16056 642 0.0
16061 642 0.0
16076 643 1.0
16080 643 1.0
16106 644 0.0
16115 644 0.0
16113 644 0.0
16105 644 0.0
16142 645 0.0
16137 645 0.0
16154 646 1.0
16174 646 1.0
16166 646 1.0
16180 647 1.0
16188 647 1.0
16202 648 1.0
16204 648 1.0
16237 649 1.0
16239 649 1.0
16264 650 0.0
16256 650 0.0
16293 651 1.0
16290 651 1.0
16311 652 1.0
16307 652 1.0
16343 653 1.0
16329 653 1.0
16363 654 1.0
16366 654 1.0
16386 655 1.0
16419 656 1.0
16403 656 1.0
16417 656 1.0
16430 657 1.0
16460 658 0.0
16463 658 0.0
16494 659 1.0
16495 659 1.0
16483 659 1.0
16519 660 0.0
16510 660 0.0
16536 661 1.0
16534 661 1.0
16527 661 1.0
16567 662 1.0
16566 662 1.0
16562 662 1.0
16583 663 1.0
16580 663 1.0
16617 664 0.0
16615 664 0.0
16605 664 0.0
16643 665 0.0
16635 665 0.0
16663 666 1.0
16662 666 1.0
16668 666 1.0
16683 667 0.0
16681 667 0.0
16718 668 0.0
16709 668 0.0
16726 669 0.0
16733 669 0.0
16768 670 1.0
16752 670 1.0
16791 671 1.0
16790 671 1.0
16787 671 1.0
16803 672 1.0
16805 672 1.0
16844 673 1.0
16839 673 1.0
16838 673 1.0
16855 674 0.0
16867 674 0.0
16884 675 0.0
16879 675 0.0
16918 676 0.0
16904 676 0.0
16915 676 0.0
16932 677 0.0
16931 677 0.0
16966 678 1.0
16991 679 0.0
16994 679 0.0
17003 680 1.0
17017 680 1.0
17024 680 1.0
17006 680 1.0
17029 681 1.0
17060 682 1.0
17065 682 1.0
17087 683 0.0
17082 683 0.0
17111 684 1.0
17109 684 1.0
17136 685 0.0
17131 685 0.0
17142 685 0.0
17157 686 0.0
17165 686 0.0
17191 687 1.0
17187 687 1.0
17186 687 1.0
17212 688 0.0
17241 689 0.0
17243 689 0.0
17269 690 1.0
17260 690 1.0
17289 691 1.0
17287 691 1.0
17318 692 1.0
17310 692 1.0
17339 693 1.0
17332 693 1.0
17343 693 1.0
17355 694 1.0
17362 694 1.0
17385 695 0.0
17378 695 0.0
17384 695 0.0
17408 696 1.0
17400 696 1.0
17411 696 1.0
17439 697 0.0
17436 697 0.0
17431 697 0.0
17469 698 0.0
17485 699 0.0
17505 700 1.0
17511 700 1.0
17532 701 1.0
17535 701 1.0
17533 701 1.0
17564 702 1.0
17557 702 1.0
17586 703 1.0
17584 703 1.0
17615 704 1.0
17606 704 1.0
17602 704 1.0
17633 705 0.0
17636 705 0.0
17659 706 0.0
17657 706 0.0
17680 707 0.0
17691 707 0.0
17720 708 1.0
17716 708 1.0
17718 708 1.0
17730 709 1.0
17742 709 1.0
17755 710 1.0
17762 710 1.0
17778 711 1.0
17788 711 1.0
17819 712 0.0
17817 712 0.0
17802 712 0.0
17827 713 0.0
17840 713 0.0
17861 714 0.0
17867 714 0.0
17883 715 0.0
17885 715 0.0
17875 715 0.0
17913 716 0.0
17926 717 1.0
17935 717 1.0
17952 718 1.0
17956 718 1.0
17959 718 1.0
17994 719 0.0
17992 719 0.0
18018 720 1.0
18016 720 1.0
18025 721 0.0
18036 721 0.0
18044 721 0.0
18067 722 1.0
18074 722 1.0
18054 722 1.0
18083 723 0.0
18080 723 0.0
18118 724 0.0
18103 724 0.0
18140 725 0.0
18169 726 0.0
18194 727 0.0
18178 727 0.0
18219 728 0.0
18213 728 0.0
18235 729 0.0
18233 729 0.0
18268 730 0.0
18265 730 0.0
18284 731 0.0
18277 731 0.0
18281 731 0.0
18311 732 1.0
18313 732 1.0
18316 732 1.0
18340 733 1.0
18344 733 1.0
18366 734 1.0
18359 734 1.0
18355 734 1.0
18390 735 1.0
18379 735 1.0
18399 735 1.0
18405 736 1.0
18402 736 1.0
18431 737 0.0
18433 737 0.0
18462 738 1.0
18493 739 0.0
18491 739 0.0
18515 740 1.0
18505 740 1.0
18530 741 1.0
18531 741 1.0
18556 742 1.0
18567 742 1.0
18582 743 1.0
18578 743 1.0
18610 744 0.0
18619 744 0.0
18605 744 0.0
18631 745 1.0
18633 745 1.0
18674 746 1.0
18654 746 1.0
18657 746 1.0
18688 747 1.0
18718 748 1.0
18704 748 1.0
18740 749 1.0
18741 749 1.0
18753 750 1.0
18758 750 1.0
18779 751 1.0
18780 751 1.0
18811 752 1.0
18815 752 1.0
18805 752 1.0
18832 753 0.0
18839 753 0.0
18862 754 1.0
18863 754 1.0
18880 755 1.0
18881 755 1.0
18883 755 1.0
18914 756 0.0
18906 756 0.0
18933 757 1.0
18935 757 1.0
18961 758 0.0
18955 758 0.0
18960 758 0.0
18989 759 0.0
18977 759 0.0
19015 760 0.0
19006 760 0.0
19039 761 1.0
19029 761 1.0
19052 762 0.0
19068 762 0.0
19056 762 0.0
19092 763 1.0
19093 763 1.0
19087 763 1.0
19109 764 1.0
19119 764 1.0
19110 764 1.0
19144 765 1.0
19143 765 1.0
19145 765 1.0
19152 766 0.0
19165 766 0.0
19183 767 1.0
19180 767 1.0
19192 767 1.0
19218 768 1.0
19216 768 1.0
19239 769 0.0
19237 769 0.0
19265 770 1.0
19262 770 1.0
19286 771 1.0
19288 771 1.0
19303 772 0.0
19302 772 0.0
19339 773 1.0
19335 773 1.0
19360 774 0.0
19399 775 1.0
19377 775 1.0
19389 775 1.0
19384 775 1.0
19407 776 1.0
19418 776 1.0
19433 777 0.0
19439 777 0.0
19470 778 0.0
19464 778 0.0
19457 778 0.0
19479 779 1.0
19499 779 1.0
19484 779 1.0
19513 780 1.0
19510 780 1.0
19514 780 1.0
19541 781 1.0
19534 781 1.0
19556 782 0.0
19555 782 0.0
19583 783 0.0
19579 783 0.0
19613 784 0.0
19631 785 0.0
19633 785 0.0
19663 786 1.0
19669 786 1.0
19682 787 1.0
19693 787 1.0
19692 787 1.0
19709 788 0.0
19712 788 0.0
19743 789 0.0
19744 789 0.0
19733 789 0.0
19753 790 1.0
19762 790 1.0
19780 791 1.0
19782 791 1.0
19811 792 1.0
19807 792 1.0
19826 793 1.0
19843 793 1.0
19859 794 1.0
19874 794 1.0
19868 794 1.0
19899 795 1.0
19881 795 1.0
19890 795 1.0
19893 795 1.0
19915 796 1.0
19908 796 1.0
19910 796 1.0
19935 797 1.0
19928 797 1.0
19969 798 1.0
19964 798 1.0
19981 799 1.0
19982 799 1.0
 fin motif
