# 0 target:1 c+:41 c-:71 score:1020.2463367707335 score+:8395.742317373059 score-:641.8701579154856 nb:11 =l_2c_4 l_2c_12 l_2c_19 l_2c_17 l_2c_14 l_2c_8 l_2c_1 l_2c_2 l_2c_16 l_2c_13 l_2c_9 
312 15 1.0
5935 241 0.0
13473 553 0.0
20787 861 0.0
5962 242 0.0
6597 269 1.0
10960 448 0.0
20886 864 0.0
21210 877 1.0
30535 1259 0.0
25 1 1.0
85 4 0.0
384 18 0.0
652 31 1.0
712 33 0.0
785 36 0.0
878 40 1.0
1078 48 0.0
1632 65 0.0
2377 93 0.0
2367 93 0.0
2409 95 0.0
2637 104 0.0
2754 110 1.0
3182 129 1.0
3311 134 0.0
3676 146 0.0
4090 163 0.0
5000 200 0.0
5304 211 0.0
5498 220 0.0
5551 223 0.0
5553 223 0.0
6209 253 1.0
6358 260 0.0
7019 285 0.0
8067 328 0.0
8159 332 0.0
8585 350 1.0
8869 359 1.0
8863 359 1.0
8889 361 1.0
8957 363 1.0
8956 363 1.0
9119 370 0.0
9208 374 1.0
9386 382 0.0
9475 385 0.0
9984 406 1.0
9993 406 1.0
11496 470 0.0
11626 475 0.0
11614 475 0.0
12149 496 1.0
12375 506 0.0
12460 509 0.0
12570 513 1.0
12782 522 1.0
12785 522 1.0
13613 559 1.0
13623 559 1.0
14187 583 1.0
14285 587 0.0
14488 595 0.0
15006 618 0.0
15929 658 0.0
16165 669 0.0
16357 678 0.0
16729 694 1.0
16717 694 1.0
17212 710 1.0
17249 712 0.0
17463 723 1.0
17457 723 1.0
17771 737 1.0
17786 738 1.0
18193 756 0.0
18972 785 0.0
19228 796 0.0
19415 803 0.0
19814 822 1.0
20025 831 1.0
20479 852 0.0
20552 856 0.0
20593 858 0.0
20830 862 1.0
20813 862 1.0
21245 878 0.0
21325 882 0.0
21921 908 1.0
22024 913 1.0
22297 926 1.0
22504 935 0.0
22677 943 1.0
22850 951 1.0
23059 960 0.0
23427 974 1.0
23440 974 1.0
23529 978 0.0
24024 994 1.0
24586 1018 1.0
24909 1030 1.0
25073 1038 0.0
26016 1070 0.0
26067 1073 1.0
26318 1084 0.0
26453 1092 0.0
26687 1103 0.0
27322 1125 0.0
27586 1135 0.0
28034 1152 1.0
28485 1171 0.0
28797 1182 0.0
28918 1186 0.0
28910 1186 0.0
29196 1199 0.0
29210 1199 0.0
29507 1212 0.0
29849 1226 0.0
29955 1232 0.0
30309 1250 1.0
30310 1250 1.0
30314 1250 1.0
30732 1269 0.0
30969 1280 0.0
31118 1285 0.0
31568 1303 1.0
31570 1303 1.0
31569 1303 1.0
31624 1307 0.0
 fin motif
# 1 target:1 c+:45 c-:305 score:844.2582845095845 score+:7180.647781177907 score-:1777.394760316567 nb:9 =l_2c_19 l_2c_17 l_2c_8 l_2c_1 l_2c_2 l_2c_16 l_2c_9 l_2c_6 l_2c_0 
4955 198 0.0
7836 318 0.0
11457 468 0.0
16450 681 0.0
21721 900 0.0
22324 927 0.0
22535 937 0.0
25531 1056 0.0
29074 1193 0.0
29416 1207 0.0
120 5 0.0
676 32 0.0
728 34 0.0
1227 53 0.0
1318 55 0.0
1352 57 0.0
1473 59 0.0
1569 63 0.0
1755 70 0.0
1932 78 0.0
2041 82 0.0
2163 85 0.0
2190 86 0.0
2228 88 0.0
2465 98 0.0
2540 100 0.0
2903 117 0.0
2958 118 0.0
3203 130 0.0
3492 140 0.0
3586 144 0.0
3804 150 0.0
4002 161 0.0
4148 166 0.0
4181 167 0.0
4269 171 0.0
4302 172 0.0
4424 177 0.0
4475 178 0.0
4666 185 0.0
5103 203 0.0
5148 204 0.0
5185 205 0.0
5932 241 0.0
6183 251 0.0
6240 254 0.0
6496 264 0.0
6654 271 0.0
6787 277 0.0
6979 284 0.0
7162 291 0.0
7301 297 0.0
7400 300 0.0
7740 315 0.0
7903 320 0.0
7971 324 0.0
8009 326 0.0
8319 339 0.0
8440 343 0.0
8557 348 0.0
8691 353 0.0
8745 355 0.0
8806 357 0.0
9070 368 0.0
9100 369 0.0
9709 395 0.0
9904 403 0.0
10390 424 0.0
10415 425 0.0
10509 429 0.0
10511 429 0.0
10756 440 0.0
10886 445 0.0
10902 446 0.0
11015 450 0.0
11090 452 0.0
11282 462 0.0
11461 469 0.0
11508 470 0.0
11595 474 0.0
11717 478 0.0
11958 488 0.0
11998 489 0.0
12048 492 0.0
12069 493 0.0
12421 507 0.0
12513 511 0.0
12597 515 0.0
12814 523 0.0
12975 529 0.0
13089 535 0.0
13193 542 0.0
13335 549 0.0
13418 551 0.0
13437 552 0.0
13523 555 0.0
13843 569 0.0
14095 581 0.0
14217 584 0.0
14261 586 0.0
14344 589 0.0
14384 590 0.0
15059 621 0.0
15433 636 0.0
15564 643 0.0
15594 645 0.0
15607 646 0.0
15819 653 0.0
15989 660 0.0
16144 668 0.0
16512 685 0.0
16785 697 0.0
17136 707 0.0
17255 713 0.0
17452 722 0.0
17508 725 0.0
17690 732 0.0
18036 750 0.0
18126 753 0.0
18250 758 0.0
18501 767 0.0
18612 771 0.0
18675 773 0.0
18784 777 0.0
18801 778 0.0
18895 782 0.0
19386 802 0.0
20245 841 0.0
20541 855 0.0
20643 859 0.0
20774 861 0.0
20861 863 0.0
20928 865 0.0
21674 898 0.0
21772 902 0.0
21976 911 0.0
22280 925 0.0
22574 938 0.0
22609 940 0.0
22696 944 0.0
23121 962 0.0
23271 967 0.0
23777 984 0.0
23930 991 0.0
24544 1016 0.0
24877 1028 0.0
24976 1033 0.0
25039 1036 0.0
25267 1046 0.0
25304 1047 0.0
25336 1049 0.0
25426 1052 0.0
25473 1054 0.0
25595 1057 0.0
25697 1061 0.0
25976 1068 0.0
26041 1071 0.0
26228 1081 0.0
26406 1090 0.0
26803 1108 0.0
26852 1109 0.0
27221 1121 0.0
27400 1127 0.0
27632 1137 0.0
27884 1147 0.0
27976 1150 0.0
28193 1158 0.0
28405 1168 0.0
28496 1171 0.0
28568 1174 0.0
28683 1179 0.0
28819 1182 0.0
29123 1196 0.0
29152 1197 0.0
29221 1199 0.0
29340 1203 0.0
29737 1222 0.0
29803 1223 0.0
29832 1225 0.0
29932 1231 0.0
29993 1234 0.0
30398 1254 0.0
30446 1255 0.0
31209 1289 0.0
31406 1297 0.0
31508 1301 0.0
31549 1302 0.0
31696 1310 0.0
4861 193 0.0
10961 448 0.0
19716 817 0.0
31697 1310 0.0
10461 427 0.0
11954 488 0.0
15521 642 0.0
16950 700 0.0
19869 825 0.0
25106 1039 0.0
25683 1061 0.0
27083 1117 0.0
27170 1120 0.0
312 15 1.0
4862 193 0.0
5935 241 0.0
6201 252 0.0
6471 263 0.0
7288 297 0.0
11685 477 0.0
11999 489 0.0
12324 504 0.0
13164 541 0.0
13473 553 0.0
14483 595 0.0
18225 757 0.0
18272 759 0.0
20787 861 0.0
21498 890 0.0
29977 1234 0.0
30170 1243 1.0
20 1 1.0
380 18 0.0
649 31 1.0
811 37 0.0
868 39 0.0
2370 93 0.0
2408 95 0.0
2718 108 0.0
3307 134 0.0
3530 141 0.0
3866 155 0.0
4376 175 0.0
4406 176 0.0
5537 222 0.0
5954 242 0.0
6359 260 0.0
6593 269 1.0
6935 283 0.0
6930 283 0.0
7017 285 0.0
7091 289 0.0
7819 317 0.0
8297 338 0.0
8897 361 1.0
9120 370 0.0
9378 382 0.0
10635 434 0.0
11170 457 0.0
11938 487 0.0
12135 496 1.0
12359 506 0.0
12786 522 1.0
13250 545 0.0
13249 545 0.0
13799 567 0.0
15220 628 0.0
15344 633 0.0
15747 651 0.0
15856 655 0.0
16040 664 0.0
16226 673 0.0
16358 678 0.0
16415 680 0.0
16959 701 0.0
17289 714 1.0
17988 748 0.0
18719 775 0.0
19100 792 0.0
19831 823 0.0
20155 837 0.0
21833 905 0.0
21828 905 0.0
21996 912 0.0
22193 922 0.0
22512 936 0.0
22663 943 1.0
23734 983 0.0
23819 985 0.0
24020 994 1.0
24084 996 0.0
24470 1013 0.0
24582 1018 1.0
24818 1025 0.0
25074 1038 0.0
25157 1041 0.0
25439 1053 0.0
25438 1053 0.0
27358 1126 1.0
27505 1132 0.0
28023 1152 1.0
28988 1189 0.0
29120 1196 0.0
29185 1198 0.0
29590 1216 0.0
29879 1228 0.0
30531 1259 0.0
30910 1277 0.0
31563 1303 1.0
3529 141 0.0
4393 175 0.0
5962 242 0.0
6597 269 1.0
7090 289 0.0
10643 434 0.0
10960 448 0.0
15219 628 0.0
15352 633 0.0
16234 673 0.0
17292 714 1.0
20602 858 0.0
20886 864 0.0
21210 877 1.0
24817 1025 0.0
27513 1132 0.0
29598 1216 0.0
30535 1259 0.0
30918 1277 0.0
25 1 1.0
85 4 0.0
80 4 0.0
311 15 1.0
882 40 1.0
1078 48 0.0
1631 65 0.0
1632 65 0.0
2367 93 0.0
2368 93 0.0
2754 110 1.0
2753 110 1.0
3182 129 1.0
3183 129 1.0
3676 146 0.0
3667 146 0.0
4090 163 0.0
5304 211 0.0
5305 211 0.0
5553 223 0.0
6208 253 1.0
6209 253 1.0
6358 260 0.0
7105 289 0.0
8067 328 0.0
8068 328 0.0
8585 350 1.0
8586 350 1.0
8862 359 1.0
8863 359 1.0
8957 363 1.0
9119 370 0.0
9209 374 1.0
9208 374 1.0
9386 382 0.0
9475 385 0.0
9476 385 0.0
9984 406 1.0
9985 406 1.0
10136 413 0.0
10279 420 0.0
11329 463 0.0
11496 470 0.0
11626 475 0.0
11621 475 0.0
12149 496 1.0
12144 496 1.0
12375 506 0.0
12438 508 1.0
12460 509 0.0
12570 513 1.0
12569 513 1.0
13468 553 0.0
13613 559 1.0
13614 559 1.0
14187 583 1.0
14188 583 1.0
14285 587 0.0
14286 587 0.0
15928 658 0.0
15929 658 0.0
16357 678 0.0
16729 694 1.0
16724 694 1.0
17212 710 1.0
17213 710 1.0
17463 723 1.0
17464 723 1.0
17777 738 1.0
17786 738 1.0
18193 756 0.0
18192 756 0.0
18972 785 0.0
18967 785 0.0
19219 796 0.0
19228 796 0.0
19415 803 0.0
19814 822 1.0
19815 822 1.0
20025 831 1.0
20016 831 1.0
20479 852 0.0
20552 856 0.0
20813 862 1.0
20814 862 1.0
21246 878 0.0
21245 878 0.0
21916 908 1.0
21921 908 1.0
22024 913 1.0
22025 913 1.0
22292 926 1.0
22297 926 1.0
22845 951 1.0
22850 951 1.0
23440 974 1.0
23435 974 1.0
23529 978 0.0
24025 994 1.0
24024 994 1.0
24395 1009 0.0
24586 1018 1.0
24587 1018 1.0
24909 1030 1.0
24910 1030 1.0
25073 1038 0.0
26016 1070 0.0
26318 1084 0.0
26319 1084 0.0
26397 1089 1.0
26452 1092 0.0
26453 1092 0.0
27322 1125 0.0
28285 1163 0.0
28485 1171 0.0
28892 1186 0.0
28910 1186 0.0
29210 1199 0.0
29507 1212 0.0
29508 1212 0.0
29849 1226 0.0
29864 1227 1.0
29955 1232 0.0
30727 1269 0.0
30732 1269 0.0
30968 1280 0.0
30969 1280 0.0
31570 1303 1.0
31569 1303 1.0
31577 1304 1.0
 fin motif
# 2 target:1 c+:36 c-:193 score:819.8510848798969 score+:5057.9436116761235 score-:1286.6286212285984 nb:6 =l_2c_4 l_2c_11 l_2c_8 l_2c_7 l_2c_10 l_2c_5 
312 15 1.0
5935 241 0.0
13166 541 0.0
13473 553 0.0
14490 595 0.0
14775 606 0.0
19719 817 0.0
20787 861 0.0
21475 890 0.0
31461 1300 0.0
40 2 0.0
492 22 0.0
538 25 0.0
690 33 0.0
760 35 0.0
800 36 0.0
916 42 0.0
993 45 0.0
1491 60 0.0
1513 61 0.0
1657 66 0.0
1682 67 0.0
1807 72 0.0
1835 73 0.0
1896 76 0.0
2018 81 0.0
2553 101 0.0
2829 113 0.0
3096 124 0.0
3129 127 0.0
3175 129 1.0
3296 134 0.0
3377 136 0.0
3703 147 0.0
3984 160 0.0
4639 184 0.0
5450 217 0.0
5767 233 0.0
5857 237 0.0
6002 243 0.0
6709 274 0.0
6944 283 0.0
7480 304 0.0
7498 304 0.0
7658 312 0.0
7924 321 0.0
8125 331 0.0
8354 340 0.0
8381 341 0.0
8449 343 0.0
8604 351 0.0
8695 354 0.0
8906 361 1.0
8966 364 0.0
8989 365 0.0
9040 367 0.0
9689 395 0.0
9879 403 0.0
10077 410 0.0
10106 412 0.0
10348 423 0.0
10553 431 0.0
10600 433 0.0
10816 443 0.0
10922 447 0.0
11311 463 0.0
11380 465 0.0
11439 468 0.0
11767 480 0.0
12298 503 0.0
12449 508 1.0
12501 510 0.0
12555 512 0.0
12656 517 0.0
12754 521 0.0
13132 538 0.0
13223 543 0.0
13758 565 0.0
14329 589 0.0
14465 594 0.0
14661 602 0.0
14757 605 0.0
14813 608 0.0
15142 624 0.0
15720 650 0.0
15745 651 0.0
15776 652 0.0
15827 653 0.0
16390 679 0.0
16429 680 0.0
16491 684 0.0
16581 686 0.0
16596 687 0.0
16621 688 0.0
16688 692 0.0
16736 694 1.0
17302 714 1.0
17378 718 0.0
17401 719 0.0
17581 727 0.0
17790 738 1.0
17975 747 0.0
19079 790 0.0
19123 793 0.0
19366 800 0.0
19474 805 0.0
19565 809 0.0
19663 814 0.0
20018 831 1.0
20130 836 0.0
20220 840 0.0
20381 848 0.0
20434 850 0.0
20520 854 0.0
21154 874 0.0
21331 883 0.0
21429 887 0.0
21563 894 0.0
21685 899 0.0
21842 905 0.0
21927 908 1.0
22187 921 0.0
22328 928 0.0
22702 944 0.0
22811 949 0.0
22889 953 0.0
23912 990 0.0
24132 998 0.0
24148 999 0.0
24325 1006 0.0
24523 1015 0.0
24774 1023 0.0
24885 1029 0.0
25318 1048 0.0
25459 1053 0.0
26077 1074 0.0
26153 1078 0.0
26219 1080 0.0
26269 1083 0.0
26304 1084 0.0
26340 1086 0.0
26672 1103 0.0
26752 1106 0.0
26914 1111 0.0
27024 1116 0.0
27096 1118 0.0
27536 1133 1.0
27607 1136 0.0
27906 1148 0.0
27990 1151 0.0
28013 1152 1.0
28258 1161 0.0
28831 1183 0.0
29498 1211 0.0
29514 1212 0.0
29642 1218 0.0
29696 1220 0.0
30145 1242 1.0
30472 1256 0.0
30658 1266 0.0
31000 1281 0.0
31073 1284 0.0
31263 1291 0.0
31278 1292 0.0
31314 1293 0.0
31369 1296 0.0
31462 1300 0.0
31612 1306 0.0
5988 243 0.0
10623 434 0.0
22779 948 0.0
24222 1002 0.0
78 4 0.0
1639 65 0.0
2360 93 0.0
2761 110 1.0
2808 112 0.0
3678 146 0.0
5002 200 0.0
5000 200 0.0
5311 211 0.0
5500 220 0.0
5498 220 0.0
5551 223 0.0
5553 223 0.0
6212 253 1.0
7611 309 0.0
8060 328 0.0
8058 328 0.0
8582 350 1.0
8850 359 1.0
9215 374 1.0
9468 385 0.0
9977 406 1.0
10123 412 0.0
10558 431 0.0
10821 443 0.0
11489 470 0.0
12142 496 1.0
12563 513 1.0
12785 522 1.0
12881 527 0.0
13606 559 1.0
13934 573 0.0
14180 583 1.0
14292 587 0.0
14300 587 0.0
14488 595 0.0
15006 618 0.0
15936 658 0.0
17205 710 1.0
17470 723 1.0
18006 749 0.0
18088 752 0.0
18200 756 0.0
18932 783 0.0
18965 785 0.0
19221 796 0.0
19807 822 1.0
19935 827 0.0
20135 836 0.0
20816 862 1.0
21214 877 1.0
21236 878 0.0
21238 878 0.0
22017 913 1.0
22290 926 1.0
23433 974 1.0
23569 980 0.0
23829 986 0.0
24033 994 1.0
24031 994 1.0
24593 1018 1.0
24912 1030 1.0
26067 1073 1.0
26068 1073 1.0
26446 1092 0.0
27911 1148 0.0
28478 1171 0.0
28894 1186 0.0
29203 1199 0.0
29458 1210 0.0
30150 1242 1.0
30310 1250 1.0
30725 1269 0.0
30966 1280 0.0
31624 1307 0.0
 fin motif
# 3 target:1 c+:31 c-:190 score:680.81002365746 score+:6028.304006148441 score-:1671.1198547406975 nb:9 =l_2c_4 l_2c_17 l_2c_8 l_2c_7 l_2c_10 l_2c_18 l_2c_0 l_2c_3 l_2c_5 
10 0 0.0
1461 59 0.0
2444 97 0.0
2623 104 0.0
3823 152 0.0
3927 157 0.0
4691 186 0.0
5859 237 0.0
6387 261 0.0
6760 276 0.0
7702 314 0.0
8674 353 0.0
8994 365 0.0
10137 413 0.0
10407 425 0.0
10668 435 0.0
11591 474 0.0
11620 475 0.0
12001 490 0.0
12218 499 0.0
13138 538 0.0
13167 541 0.0
14868 611 0.0
16185 670 0.0
16723 694 1.0
17285 714 1.0
18869 781 0.0
18870 781 0.0
19159 794 0.0
19485 806 0.0
19894 825 0.0
19925 826 0.0
20970 867 0.0
21318 882 0.0
21476 890 0.0
21575 894 0.0
21999 912 0.0
22844 951 1.0
23491 976 0.0
23566 980 0.0
23737 983 0.0
24017 993 0.0
24145 999 0.0
24454 1012 0.0
25004 1035 0.0
25470 1054 0.0
27069 1117 0.0
28208 1159 0.0
28542 1173 0.0
28722 1179 0.0
29578 1215 0.0
29808 1224 0.0
30523 1258 0.0
30599 1263 0.0
79 4 0.0
175 7 0.0
332 16 0.0
426 19 0.0
494 22 0.0
536 25 0.0
1500 60 0.0
1638 65 0.0
1698 67 0.0
1809 72 0.0
1894 76 0.0
2295 91 0.0
2361 93 0.0
2538 100 0.0
2609 103 0.0
2649 105 0.0
2760 110 1.0
2808 112 0.0
3133 127 0.0
3188 129 1.0
3256 133 0.0
3379 136 0.0
3670 146 0.0
5057 202 0.0
5294 210 0.0
5324 211 0.0
6000 243 0.0
6120 249 0.0
6215 253 1.0
6235 254 0.0
6586 269 1.0
6853 281 0.0
6946 283 0.0
7333 298 0.0
7345 299 0.0
7582 308 1.0
7895 320 0.0
8061 328 0.0
8101 330 0.0
8294 338 0.0
8352 340 0.0
8451 343 0.0
8587 350 1.0
8766 356 0.0
8789 357 0.0
8849 359 1.0
8881 360 0.0
9214 374 1.0
9469 385 0.0
9571 390 0.0
9688 395 0.0
9978 406 1.0
10124 412 0.0
10165 414 1.0
10346 423 0.0
10371 424 0.0
11139 455 0.0
11306 463 0.0
11490 470 0.0
11709 478 0.0
12143 496 1.0
12338 505 0.0
12439 508 1.0
12564 513 1.0
12765 521 0.0
12952 528 0.0
13092 535 0.0
13264 545 0.0
13397 551 0.0
13619 559 1.0
13756 565 0.0
13793 567 0.0
14193 583 1.0
14291 587 0.0
14461 594 0.0
14771 606 0.0
14814 608 0.0
14917 614 0.0
15746 651 0.0
15789 653 0.0
15860 655 0.0
15935 658 0.0
16199 672 0.0
16431 680 0.0
16546 686 0.0
16599 687 0.0
16694 692 0.0
17206 710 1.0
17482 723 1.0
17744 735 0.0
17778 738 1.0
18090 752 0.0
18207 756 0.0
18231 757 0.0
18714 775 0.0
18825 780 0.0
18939 784 0.0
18966 785 0.0
19131 793 0.0
19209 796 0.0
19377 801 0.0
19453 804 0.0
19662 814 0.0
19723 817 0.0
19808 822 1.0
20019 831 1.0
20128 836 0.0
20167 837 0.0
20218 840 0.0
20398 848 0.0
20469 851 0.0
20522 854 0.0
20572 857 0.0
20598 858 0.0
20815 862 1.0
21250 878 0.0
21297 881 0.0
21687 899 0.0
21757 902 0.0
21846 905 0.0
21915 908 1.0
22030 913 1.0
22291 926 1.0
22330 928 0.0
22863 952 0.0
23434 974 1.0
23756 984 0.0
23829 986 0.0
23853 987 0.0
23895 989 0.0
24030 994 1.0
24053 995 0.0
24604 1018 1.0
24771 1023 0.0
24886 1029 0.0
24911 1030 1.0
25249 1045 0.0
25461 1053 0.0
25502 1055 0.0
26079 1074 0.0
26107 1075 0.0
26317 1084 0.0
26342 1086 0.0
26459 1092 0.0
26754 1106 0.0
27275 1123 0.0
27577 1135 0.0
28347 1165 0.0
28479 1171 0.0
28770 1181 0.0
28829 1183 0.0
28908 1186 0.0
28976 1188 0.0
29131 1196 0.0
29204 1199 0.0
29356 1204 0.0
29513 1212 0.0
29621 1217 0.0
30085 1238 0.0
30470 1256 0.0
30726 1269 0.0
30973 1280 0.0
31091 1284 0.0
31274 1292 0.0
31350 1295 0.0
31447 1299 0.0
31490 1301 0.0
31605 1306 0.0
 fin motif
# 4 target:1 c+:36 c-:311 score:662.5583047574057 score+:5593.662915637261 score-:2148.359730898752 nb:7 =l_2c_12 l_2c_11 l_2c_19 l_2c_1 l_2c_13 l_2c_10 l_2c_3 
4955 198 0.0
7836 318 0.0
11457 468 0.0
16450 681 0.0
21721 900 0.0
22324 927 0.0
22535 937 0.0
25531 1056 0.0
29074 1193 0.0
29416 1207 0.0
13994 576 0.0
24434 1011 0.0
4861 193 0.0
312 15 1.0
3084 124 0.0
4862 193 0.0
5935 241 0.0
6201 252 0.0
11999 489 0.0
12324 504 0.0
13164 541 0.0
13473 553 0.0
13999 576 0.0
14490 595 0.0
18225 757 0.0
18272 759 0.0
20787 861 0.0
21498 890 0.0
24451 1011 0.0
30170 1243 1.0
61 3 0.0
87 4 0.0
86 4 0.0
255 12 0.0
270 13 0.0
291 14 0.0
326 16 0.0
360 17 0.0
412 19 0.0
509 24 0.0
539 25 0.0
584 27 0.0
644 31 1.0
901 41 0.0
915 42 0.0
941 43 0.0
1102 49 0.0
1370 57 0.0
1407 58 0.0
1605 64 0.0
1640 65 0.0
1666 66 0.0
1667 66 0.0
1726 69 0.0
1806 72 0.0
1870 76 0.0
1900 77 0.0
1944 78 0.0
1990 80 0.0
2275 90 0.0
2271 90 0.0
2354 93 0.0
2359 93 0.0
2632 104 0.0
2851 114 0.0
2863 115 0.0
2979 119 0.0
3130 127 0.0
3341 135 0.0
3401 137 0.0
3571 143 0.0
3619 144 0.0
3655 145 0.0
3677 146 0.0
3812 151 0.0
3841 153 0.0
3853 154 0.0
4118 164 0.0
4340 173 0.0
4331 173 0.0
4368 174 0.0
4527 180 0.0
4553 181 0.0
4575 182 0.0
4622 184 0.0
4778 189 0.0
4988 199 0.0
4997 200 0.0
5050 202 0.0
5137 204 0.0
5168 205 0.0
5291 210 0.0
5313 211 0.0
5312 211 0.0
5347 212 1.0
5522 221 0.0
5593 225 0.0
5726 230 0.0
5736 231 0.0
5773 233 0.0
5772 233 0.0
5876 238 0.0
5910 240 0.0
5948 242 0.0
5997 243 0.0
5982 243 0.0
6105 249 0.0
6196 252 0.0
6213 253 1.0
6267 256 1.0
6331 259 0.0
6410 261 0.0
6517 265 0.0
6822 279 0.0
6846 280 0.0
6834 280 0.0
6943 283 0.0
7180 292 0.0
7250 295 0.0
7315 298 0.0
7519 305 0.0
7585 308 1.0
7659 312 0.0
7929 321 0.0
7956 323 0.0
8040 327 0.0
8059 328 0.0
8206 335 0.0
8499 345 0.0
8598 350 1.0
8631 352 0.0
8708 354 0.0
8716 354 0.0
8851 359 1.0
8852 359 1.0
9216 374 1.0
9327 379 0.0
9372 382 0.0
9466 385 0.0
9467 385 0.0
9549 388 0.0
9608 391 0.0
9626 392 0.0
9685 395 0.0
9753 399 0.0
9778 400 0.0
9874 402 0.0
9937 404 0.0
9975 406 1.0
9976 406 1.0
10086 410 0.0
10087 410 0.0
10109 412 0.0
10191 416 0.0
10369 424 0.0
10561 431 0.0
10599 433 0.0
10598 433 0.0
10661 435 0.0
10730 439 0.0
10824 443 0.0
11083 452 0.0
11093 452 0.0
11150 455 0.0
11166 456 0.0
11325 463 0.0
11498 470 0.0
11497 470 0.0
11711 478 0.0
11944 487 0.0
12008 490 0.0
12031 491 0.0
12095 494 0.0
12150 496 1.0
12250 500 0.0
12561 513 1.0
12562 513 1.0
12618 516 0.0
12700 518 0.0
12689 518 0.0
12762 521 0.0
12755 521 0.0
12867 526 0.0
12926 528 0.0
13010 530 0.0
13040 532 0.0
13159 540 0.0
13278 546 0.0
13372 550 0.0
13395 551 0.0
13536 556 0.0
13604 559 1.0
13605 559 1.0
13702 563 0.0
13740 564 0.0
14179 583 1.0
14238 585 0.0
14293 587 0.0
14294 587 0.0
14464 594 0.0
14510 596 0.0
14571 598 0.0
14539 598 0.0
14812 608 0.0
14811 608 0.0
14954 615 0.0
15306 631 1.0
15744 651 0.0
15938 658 0.0
15937 658 0.0
16220 673 0.0
16306 676 0.0
16428 680 0.0
16489 684 0.0
16630 688 0.0
16631 688 0.0
16969 701 0.0
17042 704 0.0
17086 706 0.0
17204 710 1.0
17203 710 1.0
17299 714 1.0
17298 714 1.0
17346 717 0.0
17472 723 1.0
17471 723 1.0
17789 738 1.0
18118 753 0.0
18201 756 0.0
18202 756 0.0
18417 764 0.0
18514 768 0.0
18641 772 0.0
18830 780 0.0
18910 783 0.0
18946 784 0.0
18974 785 0.0
18973 785 0.0
18997 786 0.0
19142 793 0.0
19229 796 0.0
19230 796 0.0
19250 797 0.0
19356 800 0.0
19487 806 0.0
19633 813 0.0
19659 814 0.0
19671 815 0.0
19805 822 1.0
19806 822 1.0
19945 827 0.0
20044 832 0.0
20138 836 0.0
20198 839 0.0
20286 843 0.0
20395 848 0.0
20490 852 0.0
20501 854 0.0
20557 856 0.0
20581 857 0.0
20606 858 0.0
20607 858 0.0
20713 859 0.0
20817 862 1.0
20972 867 0.0
21223 877 1.0
21224 877 1.0
21237 878 0.0
21530 892 0.0
21604 896 0.0
21684 899 0.0
21841 905 0.0
21946 910 0.0
21961 910 0.0
22015 913 1.0
22203 922 0.0
22246 924 0.0
22298 926 1.0
22327 928 0.0
22354 929 0.0
22638 941 0.0
22658 942 0.0
22673 943 1.0
22764 947 0.0
22812 949 0.0
22813 949 0.0
22856 951 1.0
22876 952 0.0
22936 955 0.0
22959 956 0.0
23184 963 0.0
23376 971 0.0
23441 974 1.0
23442 974 1.0
23496 977 0.0
23617 982 0.0
23718 983 0.0
23654 983 0.0
23754 984 0.0
23911 990 0.0
23910 990 0.0
23966 992 0.0
24000 993 0.0
24032 994 1.0
24176 1000 0.0
24327 1006 0.0
24399 1009 0.0
24595 1018 1.0
24594 1018 1.0
24614 1019 0.0
24827 1025 0.0
24892 1029 0.0
24914 1030 1.0
24960 1032 0.0
24992 1034 0.0
25143 1041 0.0
25222 1043 0.0
25410 1052 0.0
25450 1053 0.0
25506 1055 0.0
25614 1058 0.0
25823 1066 0.0
25892 1067 0.0
25935 1067 0.0
25989 1069 0.0
26076 1074 0.0
26120 1076 0.0
26142 1077 0.0
26162 1078 0.0
26163 1078 0.0
26261 1082 0.0
26275 1083 0.0
26392 1088 0.0
26445 1092 0.0
26734 1106 0.0
26987 1114 0.0
27107 1118 0.0
27106 1118 0.0
27343 1125 0.0
27363 1126 1.0
27380 1127 0.0
27403 1127 0.0
27444 1129 0.0
27463 1130 0.0
27484 1131 0.0
27545 1133 1.0
27687 1138 0.0
27713 1140 0.0
27818 1144 0.0
27858 1146 0.0
27914 1148 0.0
28102 1155 0.0
28296 1163 0.0
28487 1171 0.0
28486 1171 0.0
28895 1186 0.0
28896 1186 0.0
29007 1190 0.0
29026 1191 0.0
29211 1199 0.0
29212 1199 0.0
29321 1203 0.0
29371 1204 0.0
29494 1211 0.0
29584 1216 0.0
29630 1217 0.0
29706 1220 0.0
29707 1220 0.0
30078 1238 0.0
30153 1242 1.0
30200 1245 0.0
30568 1261 0.0
30703 1268 0.0
30733 1269 0.0
30734 1269 0.0
30852 1275 0.0
30981 1280 0.0
30980 1280 0.0
31128 1286 0.0
31332 1294 1.0
31366 1296 0.0
31614 1306 0.0
31613 1306 0.0
31650 1309 0.0
2899 116 0.0
13080 534 0.0
19531 808 0.0
311 15 1.0
2733 109 0.0
4919 196 0.0
5002 200 0.0
5000 200 0.0
5237 207 0.0
5500 220 0.0
5498 220 0.0
5551 223 0.0
5553 223 0.0
6009 243 0.0
7483 304 0.0
8607 351 0.0
9593 390 0.0
13468 553 0.0
14488 595 0.0
16592 687 0.0
18837 780 0.0
22892 953 0.0
22969 957 0.0
25185 1042 0.0
25781 1064 0.0
26067 1073 1.0
26068 1073 1.0
26580 1098 0.0
31624 1307 0.0
 fin motif
# 5 target:1 c+:46 c-:481 score:537.0881483068858 score+:4655.432978504648 score-:2184.8274962929736 nb:6 =l_2c_19 l_2c_17 l_2c_1 l_2c_2 l_2c_6 l_2c_18 
4955 198 0.0
7836 318 0.0
11457 468 0.0
16450 681 0.0
21721 900 0.0
22324 927 0.0
22535 937 0.0
25531 1056 0.0
29074 1193 0.0
29416 1207 0.0
120 5 0.0
676 32 0.0
728 34 0.0
1227 53 0.0
1318 55 0.0
1352 57 0.0
1473 59 0.0
1569 63 0.0
1755 70 0.0
1932 78 0.0
2041 82 0.0
2163 85 0.0
2190 86 0.0
2228 88 0.0
2465 98 0.0
2540 100 0.0
2903 117 0.0
2958 118 0.0
3203 130 0.0
3492 140 0.0
3586 144 0.0
3804 150 0.0
4002 161 0.0
4148 166 0.0
4181 167 0.0
4269 171 0.0
4302 172 0.0
4424 177 0.0
4475 178 0.0
4666 185 0.0
5103 203 0.0
5148 204 0.0
5185 205 0.0
5932 241 0.0
6183 251 0.0
6240 254 0.0
6496 264 0.0
6654 271 0.0
6787 277 0.0
6979 284 0.0
7162 291 0.0
7301 297 0.0
7400 300 0.0
7740 315 0.0
7903 320 0.0
7971 324 0.0
8009 326 0.0
8319 339 0.0
8440 343 0.0
8557 348 0.0
8691 353 0.0
8745 355 0.0
8806 357 0.0
9070 368 0.0
9100 369 0.0
9709 395 0.0
9904 403 0.0
10390 424 0.0
10415 425 0.0
10509 429 0.0
10511 429 0.0
10756 440 0.0
10886 445 0.0
10902 446 0.0
11015 450 0.0
11090 452 0.0
11282 462 0.0
11461 469 0.0
11508 470 0.0
11595 474 0.0
11717 478 0.0
11958 488 0.0
11998 489 0.0
12048 492 0.0
12069 493 0.0
12421 507 0.0
12513 511 0.0
12597 515 0.0
12814 523 0.0
12975 529 0.0
13089 535 0.0
13193 542 0.0
13335 549 0.0
13418 551 0.0
13437 552 0.0
13523 555 0.0
13843 569 0.0
14095 581 0.0
14217 584 0.0
14261 586 0.0
14344 589 0.0
14384 590 0.0
15059 621 0.0
15433 636 0.0
15564 643 0.0
15594 645 0.0
15607 646 0.0
15819 653 0.0
15989 660 0.0
16144 668 0.0
16512 685 0.0
16785 697 0.0
17136 707 0.0
17255 713 0.0
17452 722 0.0
17508 725 0.0
17690 732 0.0
18036 750 0.0
18126 753 0.0
18250 758 0.0
18501 767 0.0
18612 771 0.0
18675 773 0.0
18784 777 0.0
18801 778 0.0
18895 782 0.0
19386 802 0.0
20245 841 0.0
20541 855 0.0
20643 859 0.0
20774 861 0.0
20861 863 0.0
20928 865 0.0
21674 898 0.0
21772 902 0.0
21976 911 0.0
22280 925 0.0
22574 938 0.0
22609 940 0.0
22696 944 0.0
23121 962 0.0
23271 967 0.0
23777 984 0.0
23930 991 0.0
24544 1016 0.0
24877 1028 0.0
24976 1033 0.0
25039 1036 0.0
25267 1046 0.0
25304 1047 0.0
25336 1049 0.0
25426 1052 0.0
25473 1054 0.0
25595 1057 0.0
25697 1061 0.0
25976 1068 0.0
26041 1071 0.0
26228 1081 0.0
26406 1090 0.0
26803 1108 0.0
26852 1109 0.0
27221 1121 0.0
27400 1127 0.0
27632 1137 0.0
27884 1147 0.0
27976 1150 0.0
28193 1158 0.0
28405 1168 0.0
28496 1171 0.0
28568 1174 0.0
28683 1179 0.0
28819 1182 0.0
29123 1196 0.0
29152 1197 0.0
29221 1199 0.0
29340 1203 0.0
29737 1222 0.0
29803 1223 0.0
29832 1225 0.0
29932 1231 0.0
29993 1234 0.0
30398 1254 0.0
30446 1255 0.0
31209 1289 0.0
31406 1297 0.0
31508 1301 0.0
31549 1302 0.0
31696 1310 0.0
1434 59 0.0
1578 63 0.0
5468 218 0.0
5693 229 0.0
7326 298 0.0
8109 330 0.0
8647 353 0.0
9102 369 0.0
9949 404 0.0
10385 424 0.0
12643 517 0.0
13681 562 0.0
14391 591 0.0
15522 642 0.0
15676 648 0.0
16070 665 0.0
16911 698 0.0
17752 735 0.0
17886 742 0.0
18022 749 0.0
19867 825 0.0
20458 851 0.0
21897 907 0.0
27042 1117 0.0
30237 1247 0.0
31676 1310 0.0
575 27 0.0
27357 1126 1.0
2770 111 0.0
4861 193 0.0
6526 266 0.0
10961 448 0.0
12443 508 1.0
13312 548 0.0
19716 817 0.0
31697 1310 0.0
82 4 0.0
351 17 0.0
484 22 0.0
708 33 0.0
695 33 0.0
780 36 0.0
823 37 0.0
870 39 0.0
1008 45 0.0
1122 50 0.0
1239 53 0.0
1487 60 0.0
1635 65 0.0
1714 68 0.0
1926 78 0.0
2004 80 0.0
2014 81 0.0
2184 86 0.0
2282 90 0.0
2364 93 0.0
2389 94 0.0
2526 100 0.0
2583 102 0.0
2619 104 0.0
2757 110 1.0
2822 113 0.0
2918 117 0.0
2969 119 0.0
3185 129 1.0
3225 131 0.0
3367 136 0.0
3434 138 0.0
3487 140 0.0
3651 145 0.0
3673 146 0.0
3707 147 0.0
3827 152 0.0
3936 158 0.0
4158 167 0.0
4469 178 0.0
4628 184 0.0
4743 188 0.0
4810 190 0.0
5212 206 0.0
5272 209 0.0
5307 211 0.0
5388 214 0.0
5587 225 0.0
5658 228 0.0
5888 239 0.0
6061 245 0.0
6089 248 0.0
6204 253 1.0
6466 263 0.0
6490 264 0.0
6594 269 1.0
7138 291 0.0
7433 302 0.0
7524 306 0.0
7573 308 1.0
7654 312 0.0
8069 328 0.0
8112 330 0.0
8129 331 0.0
8153 332 0.0
8374 341 0.0
8405 342 0.0
8515 346 0.0
8590 350 1.0
8865 359 1.0
8845 359 1.0
8886 361 1.0
8894 361 1.0
8971 364 0.0
9044 367 0.0
9205 374 1.0
9260 376 0.0
9405 383 0.0
9433 384 0.0
9472 385 0.0
9530 387 0.0
9640 393 0.0
9683 394 0.0
9767 399 0.0
9981 406 1.0
9988 406 1.0
10033 408 0.0
10097 411 0.0
10114 412 0.0
10143 413 0.0
10172 415 0.0
10217 417 0.0
10461 427 0.0
10546 431 0.0
10809 443 0.0
10993 450 0.0
11262 461 0.0
11277 462 0.0
11336 463 0.0
11335 463 0.0
11623 475 0.0
11610 475 0.0
11771 480 0.0
11920 486 0.0
11935 487 0.0
11954 488 0.0
12146 496 1.0
12139 496 1.0
12165 497 0.0
12471 509 0.0
12567 513 1.0
12649 517 0.0
13070 534 0.0
13610 559 1.0
13617 559 1.0
13743 565 0.0
13909 573 0.0
13952 574 0.0
14157 582 0.0
14190 583 1.0
14241 585 0.0
14288 587 0.0
14431 592 0.0
14552 598 0.0
14578 599 0.0
14649 601 0.0
14665 602 0.0
15199 627 0.0
15375 634 0.0
15489 640 0.0
15501 641 0.0
15520 642 0.0
15521 642 0.0
15932 658 0.0
16021 662 0.0
16068 665 0.0
16136 668 0.0
16286 675 0.0
16402 679 0.0
16658 690 0.0
16666 691 0.0
16713 694 1.0
16726 694 1.0
16779 697 0.0
16865 698 0.0
16950 700 0.0
17003 702 0.0
17060 705 0.0
17158 708 0.0
17209 710 1.0
17294 714 1.0
17459 723 1.0
17466 723 1.0
17546 726 0.0
17682 732 0.0
17755 735 0.0
17775 738 1.0
17921 744 0.0
17947 746 0.0
18025 749 0.0
18196 756 0.0
18326 762 0.0
18450 766 0.0
18699 774 0.0
18962 785 0.0
19075 790 0.0
19099 792 0.0
19217 796 0.0
19439 804 0.0
19569 809 0.0
19568 809 0.0
19817 822 1.0
19869 825 0.0
19931 827 0.0
19953 828 0.0
20014 831 1.0
20362 847 0.0
20386 848 0.0
20437 850 0.0
20457 851 0.0
20540 855 0.0
20590 858 0.0
20738 860 0.0
20807 862 1.0
20825 862 1.0
21037 870 0.0
21189 876 0.0
21242 878 0.0
21247 878 0.0
21322 882 0.0
21559 894 0.0
21800 904 0.0
21910 908 1.0
22021 913 1.0
22278 925 0.0
22294 926 1.0
22732 946 0.0
22839 951 1.0
23056 960 0.0
23437 974 1.0
23424 974 1.0
23888 988 0.0
24022 994 1.0
24087 996 0.0
24152 999 0.0
24412 1009 0.0
24478 1013 0.0
24563 1017 0.0
24589 1018 1.0
24584 1018 1.0
24657 1019 0.0
24854 1026 0.0
24920 1030 1.0
24926 1031 0.0
25106 1039 0.0
25259 1045 0.0
25370 1050 0.0
25400 1051 0.0
25589 1057 0.0
25683 1061 0.0
25837 1067 0.0
26264 1082 0.0
26293 1084 0.0
26412 1091 0.0
26456 1092 0.0
27083 1117 0.0
27115 1119 0.0
27170 1120 0.0
27324 1125 0.0
27582 1135 0.0
27666 1137 0.0
27729 1141 0.0
27891 1147 0.0
27993 1151 0.0
28017 1152 1.0
28028 1152 1.0
28283 1163 0.0
28513 1172 0.0
28913 1186 0.0
28890 1186 0.0
28921 1187 0.0
28982 1189 0.0
29163 1197 0.0
29241 1200 0.0
29438 1209 0.0
29473 1211 0.0
29510 1212 0.0
29638 1218 0.0
29666 1219 0.0
29869 1228 0.0
29987 1234 0.0
30060 1237 0.0
30339 1252 0.0
30468 1255 0.0
30645 1265 0.0
30729 1269 0.0
30791 1272 0.0
30958 1279 0.0
30971 1280 0.0
31025 1282 0.0
31113 1285 0.0
31103 1285 0.0
31400 1297 0.0
31470 1300 0.0
31506 1301 0.0
20 1 1.0
380 18 0.0
649 31 1.0
811 37 0.0
868 39 0.0
1002 45 0.0
1003 45 0.0
1587 63 0.0
2370 93 0.0
2408 95 0.0
2718 108 0.0
3307 134 0.0
3530 141 0.0
3647 145 0.0
3650 145 0.0
3866 155 0.0
4089 163 0.0
4376 175 0.0
4387 175 0.0
4406 176 0.0
4627 184 0.0
4630 184 0.0
4922 196 0.0
4926 196 0.0
4925 196 0.0
5537 222 0.0
5954 242 0.0
6090 248 0.0
6095 248 0.0
6359 260 0.0
6593 269 1.0
6596 269 1.0
6935 283 0.0
6930 283 0.0
7017 285 0.0
7091 289 0.0
7442 302 0.0
7432 302 0.0
7579 308 1.0
7570 308 1.0
7819 317 0.0
8136 331 0.0
8135 331 0.0
8297 338 0.0
8897 361 1.0
8893 361 1.0
8903 361 1.0
9120 370 0.0
9261 376 0.0
9266 376 0.0
9378 382 0.0
10635 434 0.0
10964 448 0.0
11170 457 0.0
11263 461 0.0
11264 461 0.0
11334 463 0.0
11811 482 0.0
11808 482 0.0
11936 487 0.0
11938 487 0.0
12135 496 1.0
12163 497 0.0
12164 497 0.0
12359 506 0.0
12442 508 1.0
12993 530 0.0
13250 545 0.0
13249 545 0.0
13483 554 0.0
13658 561 0.0
13799 567 0.0
14164 582 0.0
14163 582 0.0
14156 582 0.0
15220 628 0.0
15344 633 0.0
15747 651 0.0
15754 651 0.0
15749 651 0.0
15856 655 0.0
16040 664 0.0
16226 673 0.0
16285 675 0.0
16358 678 0.0
16403 679 0.0
16415 680 0.0
17289 714 1.0
17293 714 1.0
17543 726 0.0
17552 726 0.0
17988 748 0.0
18719 775 0.0
19102 792 0.0
19100 792 0.0
19575 809 0.0
19576 809 0.0
19831 823 0.0
20155 837 0.0
21833 905 0.0
21828 905 0.0
21996 912 0.0
22663 943 1.0
22739 946 0.0
22737 946 0.0
22972 957 0.0
22975 957 0.0
22976 957 0.0
23334 970 0.0
23734 983 0.0
23819 985 0.0
24020 994 1.0
24084 996 0.0
24374 1008 0.0
24377 1008 0.0
24469 1013 0.0
24470 1013 0.0
24582 1018 1.0
24580 1018 1.0
24818 1025 0.0
25074 1038 0.0
25157 1041 0.0
25439 1053 0.0
25438 1053 0.0
27080 1117 0.0
27323 1125 0.0
27358 1126 1.0
27505 1132 0.0
28025 1152 1.0
28023 1152 1.0
28024 1152 1.0
28922 1187 0.0
28988 1189 0.0
29120 1196 0.0
29185 1198 0.0
29186 1198 0.0
29590 1216 0.0
29861 1227 1.0
29879 1228 0.0
30531 1259 0.0
30534 1259 0.0
30910 1277 0.0
31486 1301 0.0
31563 1303 1.0
31573 1304 1.0
3529 141 0.0
4393 175 0.0
5962 242 0.0
6357 260 0.0
6597 269 1.0
6668 272 0.0
7090 289 0.0
7364 299 0.0
9118 370 0.0
10142 413 0.0
10281 420 0.0
10643 434 0.0
10960 448 0.0
12136 496 1.0
12137 496 1.0
12376 506 0.0
13911 573 0.0
15201 627 0.0
15219 628 0.0
15352 633 0.0
16234 673 0.0
16356 678 0.0
17292 714 1.0
18280 759 0.0
20602 858 0.0
20886 864 0.0
21210 877 1.0
22777 948 0.0
24019 994 1.0
24018 994 1.0
24085 996 0.0
24817 1025 0.0
25072 1038 0.0
27513 1132 0.0
28926 1187 0.0
28925 1187 0.0
28993 1189 0.0
29598 1216 0.0
29880 1228 0.0
29957 1232 0.0
30535 1259 0.0
30918 1277 0.0
31182 1288 0.0
25 1 1.0
85 4 0.0
80 4 0.0
384 18 0.0
652 31 1.0
712 33 0.0
785 36 0.0
878 40 1.0
882 40 1.0
1078 48 0.0
1631 65 0.0
1632 65 0.0
2377 93 0.0
2367 93 0.0
2368 93 0.0
2409 95 0.0
2593 102 0.0
2637 104 0.0
2687 106 0.0
2754 110 1.0
2753 110 1.0
3182 129 1.0
3183 129 1.0
3311 134 0.0
3676 146 0.0
3667 146 0.0
4090 163 0.0
4224 169 0.0
4578 182 0.0
4806 190 0.0
5224 206 0.0
5304 211 0.0
5305 211 0.0
6208 253 1.0
6209 253 1.0
6358 260 0.0
6476 264 0.0
7105 289 0.0
8067 328 0.0
8068 328 0.0
8159 332 0.0
8585 350 1.0
8586 350 1.0
8862 359 1.0
8869 359 1.0
8863 359 1.0
8889 361 1.0
8920 362 0.0
8957 363 1.0
8956 363 1.0
9119 370 0.0
9209 374 1.0
9208 374 1.0
9386 382 0.0
9475 385 0.0
9476 385 0.0
9984 406 1.0
9985 406 1.0
9993 406 1.0
10043 408 0.0
10136 413 0.0
10279 420 0.0
11329 463 0.0
11496 470 0.0
11626 475 0.0
11621 475 0.0
11614 475 0.0
11933 486 0.0
12118 495 0.0
12149 496 1.0
12144 496 1.0
12375 506 0.0
12438 508 1.0
12460 509 0.0
12570 513 1.0
12569 513 1.0
12782 522 1.0
13468 553 0.0
13613 559 1.0
13614 559 1.0
13623 559 1.0
13652 560 0.0
14187 583 1.0
14188 583 1.0
14285 587 0.0
14286 587 0.0
15685 648 0.0
15928 658 0.0
15929 658 0.0
16165 669 0.0
16357 678 0.0
16729 694 1.0
16724 694 1.0
16717 694 1.0
17212 710 1.0
17213 710 1.0
17249 712 0.0
17463 723 1.0
17464 723 1.0
17457 723 1.0
17771 737 1.0
17777 738 1.0
17786 738 1.0
18193 756 0.0
18192 756 0.0
18972 785 0.0
18967 785 0.0
19219 796 0.0
19228 796 0.0
19415 803 0.0
19814 822 1.0
19815 822 1.0
20025 831 1.0
20016 831 1.0
20268 842 0.0
20348 845 0.0
20479 852 0.0
20552 856 0.0
20593 858 0.0
20830 862 1.0
20813 862 1.0
20814 862 1.0
21246 878 0.0
21245 878 0.0
21325 882 0.0
21805 904 0.0
21916 908 1.0
21921 908 1.0
22024 913 1.0
22025 913 1.0
22292 926 1.0
22297 926 1.0
22504 935 0.0
22506 935 0.0
22677 943 1.0
22845 951 1.0
22850 951 1.0
23059 960 0.0
23427 974 1.0
23440 974 1.0
23435 974 1.0
23529 978 0.0
24025 994 1.0
24024 994 1.0
24395 1009 0.0
24586 1018 1.0
24587 1018 1.0
24728 1021 0.0
24909 1030 1.0
24910 1030 1.0
24923 1031 0.0
25073 1038 0.0
26016 1070 0.0
26318 1084 0.0
26319 1084 0.0
26397 1089 1.0
26452 1092 0.0
26453 1092 0.0
26687 1103 0.0
27322 1125 0.0
27586 1135 0.0
28034 1152 1.0
28285 1163 0.0
28315 1164 0.0
28485 1171 0.0
28892 1186 0.0
28918 1186 0.0
28910 1186 0.0
29196 1199 0.0
29210 1199 0.0
29244 1200 0.0
29507 1212 0.0
29508 1212 0.0
29663 1219 0.0
29849 1226 0.0
29864 1227 1.0
29955 1232 0.0
30309 1250 1.0
30314 1250 1.0
30413 1254 0.0
30727 1269 0.0
30732 1269 0.0
30815 1273 0.0
30968 1280 0.0
30969 1280 0.0
31118 1285 0.0
31386 1297 0.0
31568 1303 1.0
31569 1303 1.0
31577 1304 1.0
31627 1307 0.0
 fin motif
# 6 target:1 c+:41 c-:826 score:149.35267104985485 score+:5519.063528500737 score-:4652.81803641158 nb:8 =l_2c_17 l_2c_8 l_2c_16 l_2c_6 l_2c_0 l_2c_3 l_2c_5 l_2c_15 
4955 198 0.0
7836 318 0.0
11457 468 0.0
16450 681 0.0
21721 900 0.0
22324 927 0.0
22535 937 0.0
25531 1056 0.0
29074 1193 0.0
29416 1207 0.0
120 5 0.0
676 32 0.0
728 34 0.0
1227 53 0.0
1318 55 0.0
1352 57 0.0
1473 59 0.0
1569 63 0.0
1755 70 0.0
1932 78 0.0
2041 82 0.0
2163 85 0.0
2190 86 0.0
2228 88 0.0
2465 98 0.0
2540 100 0.0
2903 117 0.0
2958 118 0.0
3203 130 0.0
3492 140 0.0
3586 144 0.0
3804 150 0.0
4002 161 0.0
4148 166 0.0
4181 167 0.0
4269 171 0.0
4302 172 0.0
4424 177 0.0
4475 178 0.0
4666 185 0.0
5103 203 0.0
5148 204 0.0
5185 205 0.0
5932 241 0.0
6183 251 0.0
6240 254 0.0
6496 264 0.0
6654 271 0.0
6787 277 0.0
6979 284 0.0
7162 291 0.0
7301 297 0.0
7400 300 0.0
7740 315 0.0
7903 320 0.0
7971 324 0.0
8009 326 0.0
8319 339 0.0
8440 343 0.0
8557 348 0.0
8691 353 0.0
8745 355 0.0
8806 357 0.0
9070 368 0.0
9100 369 0.0
9709 395 0.0
9904 403 0.0
10390 424 0.0
10415 425 0.0
10509 429 0.0
10511 429 0.0
10756 440 0.0
10886 445 0.0
10902 446 0.0
11015 450 0.0
11090 452 0.0
11282 462 0.0
11461 469 0.0
11508 470 0.0
11595 474 0.0
11717 478 0.0
11958 488 0.0
11998 489 0.0
12048 492 0.0
12069 493 0.0
12421 507 0.0
12513 511 0.0
12597 515 0.0
12814 523 0.0
12975 529 0.0
13089 535 0.0
13193 542 0.0
13335 549 0.0
13418 551 0.0
13437 552 0.0
13523 555 0.0
13843 569 0.0
14095 581 0.0
14217 584 0.0
14261 586 0.0
14344 589 0.0
14384 590 0.0
15059 621 0.0
15433 636 0.0
15564 643 0.0
15594 645 0.0
15607 646 0.0
15819 653 0.0
15989 660 0.0
16144 668 0.0
16512 685 0.0
16785 697 0.0
17136 707 0.0
17255 713 0.0
17452 722 0.0
17508 725 0.0
17690 732 0.0
18036 750 0.0
18126 753 0.0
18250 758 0.0
18501 767 0.0
18612 771 0.0
18675 773 0.0
18784 777 0.0
18801 778 0.0
18895 782 0.0
19386 802 0.0
20245 841 0.0
20541 855 0.0
20643 859 0.0
20774 861 0.0
20861 863 0.0
20928 865 0.0
21674 898 0.0
21772 902 0.0
21976 911 0.0
22280 925 0.0
22574 938 0.0
22609 940 0.0
22696 944 0.0
23121 962 0.0
23271 967 0.0
23777 984 0.0
23930 991 0.0
24544 1016 0.0
24877 1028 0.0
24976 1033 0.0
25039 1036 0.0
25267 1046 0.0
25304 1047 0.0
25336 1049 0.0
25426 1052 0.0
25473 1054 0.0
25595 1057 0.0
25697 1061 0.0
25976 1068 0.0
26041 1071 0.0
26228 1081 0.0
26406 1090 0.0
26803 1108 0.0
26852 1109 0.0
27221 1121 0.0
27400 1127 0.0
27632 1137 0.0
27884 1147 0.0
27976 1150 0.0
28193 1158 0.0
28405 1168 0.0
28496 1171 0.0
28568 1174 0.0
28683 1179 0.0
28819 1182 0.0
29123 1196 0.0
29152 1197 0.0
29221 1199 0.0
29340 1203 0.0
29737 1222 0.0
29803 1223 0.0
29832 1225 0.0
29932 1231 0.0
29993 1234 0.0
30398 1254 0.0
30446 1255 0.0
31209 1289 0.0
31406 1297 0.0
31508 1301 0.0
31549 1302 0.0
31696 1310 0.0
1183 52 0.0
15822 653 0.0
16576 686 0.0
18872 781 0.0
23665 983 0.0
25925 1067 0.0
69 4 0.0
600 28 0.0
693 33 0.0
1390 58 0.0
1488 60 0.0
1623 64 0.0
1851 74 0.0
1927 78 0.0
2015 81 0.0
2185 86 0.0
2281 90 0.0
2825 113 0.0
3368 136 0.0
3706 147 0.0
3953 158 0.0
4079 162 0.0
4470 178 0.0
5298 211 0.0
5585 225 0.0
5630 226 0.0
5659 228 0.0
5835 236 0.0
7065 286 0.0
7070 287 0.0
7655 312 0.0
7805 317 0.0
8266 337 0.0
8377 341 0.0
8407 342 0.0
8969 364 0.0
9043 367 0.0
9193 373 0.0
10113 412 0.0
10549 431 0.0
10812 443 0.0
11544 472 0.0
11675 477 0.0
11770 480 0.0
12480 510 0.0
12652 517 0.0
13833 568 0.0
13937 574 0.0
14442 593 0.0
14664 602 0.0
14862 610 0.0
14876 612 0.0
15377 634 0.0
15518 641 0.0
15535 642 0.0
15852 655 0.0
15923 658 0.0
16670 691 0.0
17002 702 0.0
17078 705 0.0
17591 728 0.0
17834 740 0.0
17907 744 0.0
17950 746 0.0
18532 769 0.0
18684 774 0.0
18725 775 0.0
19051 788 0.0
19076 790 0.0
19168 795 0.0
19237 796 0.0
19752 819 0.0
19899 825 0.0
19954 828 0.0
19955 828 0.0
20151 837 0.0
20240 841 0.0
20384 848 0.0
21081 872 0.0
21560 894 0.0
21904 907 0.0
22077 915 0.0
23553 979 0.0
23710 983 0.0
24151 999 0.0
24752 1022 0.0
25549 1057 0.0
25882 1067 0.0
26539 1096 0.0
27311 1125 0.0
27827 1145 0.0
27974 1150 0.0
28007 1152 1.0
28062 1154 0.0
28400 1168 0.0
28449 1169 0.0
29264 1201 0.0
29501 1212 0.0
29542 1213 0.0
29639 1218 0.0
29988 1234 0.0
30860 1275 0.0
31469 1300 0.0
1 0 0.0
350 17 0.0
487 22 0.0
565 26 0.0
1129 50 0.0
1547 62 0.0
1820 73 0.0
2599 102 0.0
2681 106 0.0
2779 111 0.0
3042 122 0.0
3083 124 0.0
3217 131 0.0
3884 155 0.0
3912 157 0.0
4138 165 0.0
4217 169 0.0
4258 170 0.0
4523 180 0.0
4613 183 0.0
4799 190 0.0
4852 192 0.0
5203 206 0.0
5380 214 0.0
5505 220 0.0
5564 224 0.0
5676 228 0.0
6025 244 0.0
6456 263 0.0
6876 282 0.0
7008 285 0.0
7534 306 0.0
8248 336 0.0
8345 340 0.0
8927 362 0.0
9022 366 0.0
9290 377 0.0
9347 380 0.0
9448 384 0.0
9659 393 0.0
10020 408 0.0
10340 423 0.0
10441 426 0.0
10784 441 0.0
11041 451 0.0
11112 453 0.0
11659 476 0.0
11910 486 0.0
12110 495 0.0
12291 503 0.0
13213 543 0.0
13288 547 0.0
13631 560 0.0
13695 562 0.0
13994 576 0.0
14240 585 0.0
14525 597 0.0
14585 599 0.0
14633 601 0.0
15288 630 0.0
15397 635 0.0
15657 648 0.0
16340 677 0.0
16373 678 0.0
17069 705 0.0
17191 709 0.0
17408 720 0.0
17623 730 0.0
17887 742 0.0
18271 759 0.0
18577 770 0.0
19333 799 0.0
19465 805 0.0
19614 811 0.0
21249 878 0.0
21283 880 0.0
21422 887 0.0
21811 904 0.0
21865 906 0.0
23594 981 0.0
23801 985 0.0
24208 1001 0.0
24434 1011 0.0
24721 1021 0.0
24764 1023 0.0
24843 1025 0.0
24944 1031 0.0
25167 1041 0.0
25191 1042 0.0
25385 1050 0.0
26329 1085 0.0
26370 1087 0.0
26426 1091 0.0
26900 1111 0.0
27074 1117 0.0
27100 1118 0.0
27739 1141 0.0
28451 1169 0.0
28823 1183 0.0
29248 1200 0.0
29684 1219 0.0
30056 1237 0.0
30131 1241 0.0
30354 1252 0.0
30570 1261 0.0
30648 1266 0.0
30688 1267 0.0
30808 1273 0.0
31035 1282 0.0
1767 71 0.0
2388 94 0.0
5488 219 0.0
13162 541 0.0
15169 626 0.0
15960 659 0.0
21359 884 0.0
21472 890 0.0
21641 897 0.0
21851 906 0.0
28601 1175 0.0
10254 419 0.0
10962 448 0.0
11644 476 0.0
14167 582 0.0
17819 740 0.0
23064 961 0.0
28038 1153 0.0
30365 1253 0.0
168 7 0.0
4582 182 0.0
4861 193 0.0
10961 448 0.0
11151 455 0.0
13281 546 0.0
14998 617 0.0
15103 623 0.0
15704 649 0.0
18143 754 0.0
18562 770 0.0
18949 784 0.0
19716 817 0.0
24466 1013 0.0
25722 1062 0.0
26778 1107 0.0
27688 1138 0.0
28882 1185 0.0
29631 1217 0.0
29725 1221 0.0
30204 1245 0.0
31326 1294 1.0
31697 1310 0.0
0 0 0.0
55 3 0.0
52 3 0.0
68 4 0.0
148 6 0.0
147 6 0.0
169 7 0.0
193 9 0.0
219 10 0.0
217 10 0.0
224 11 0.0
433 19 0.0
393 19 0.0
513 24 0.0
544 25 0.0
588 28 0.0
708 33 0.0
696 33 0.0
769 35 0.0
765 35 0.0
780 36 0.0
807 37 0.0
840 38 0.0
928 42 0.0
936 43 0.0
1065 47 0.0
1037 47 0.0
1106 49 0.0
1108 49 0.0
1166 51 0.0
1365 57 0.0
1411 58 0.0
1544 62 0.0
1636 65 0.0
1653 66 0.0
1687 67 0.0
1695 67 0.0
1712 68 0.0
1772 71 0.0
1823 73 0.0
1831 73 0.0
1858 75 0.0
1883 76 0.0
1885 76 0.0
1960 78 0.0
2009 81 0.0
2288 90 0.0
2266 90 0.0
2369 93 0.0
2437 97 0.0
2435 97 0.0
2546 101 0.0
2560 101 0.0
2545 101 0.0
2594 102 0.0
2589 102 0.0
2619 104 0.0
2640 105 0.0
2685 106 0.0
2674 106 0.0
2758 110 1.0
2798 112 0.0
2890 116 0.0
2883 116 0.0
2972 119 0.0
3009 120 0.0
3040 122 0.0
3039 122 0.0
3082 124 0.0
3136 127 0.0
3186 129 1.0
3215 131 0.0
3214 131 0.0
3291 134 0.0
3357 135 0.0
3385 136 0.0
3412 137 0.0
3410 137 0.0
3430 138 0.0
3558 142 0.0
3581 143 0.0
3579 143 0.0
3648 145 0.0
3674 146 0.0
3688 147 0.0
3686 147 0.0
3712 147 0.0
3733 148 0.0
3731 148 0.0
3824 152 0.0
3887 155 0.0
3864 155 0.0
3963 159 0.0
4077 162 0.0
4141 165 0.0
4203 168 0.0
4226 169 0.0
4212 169 0.0
4310 172 0.0
4342 173 0.0
4349 174 0.0
4378 175 0.0
4416 176 0.0
4499 179 0.0
4524 180 0.0
4531 180 0.0
4583 182 0.0
4617 183 0.0
4611 183 0.0
4625 184 0.0
4688 186 0.0
4698 186 0.0
4677 186 0.0
4774 189 0.0
4809 190 0.0
4803 190 0.0
4831 191 0.0
4849 192 0.0
4876 194 0.0
4883 194 0.0
4898 195 0.0
4937 197 0.0
4942 197 0.0
5023 202 0.0
5082 202 0.0
5172 205 0.0
5200 206 0.0
5211 206 0.0
5242 207 0.0
5274 209 0.0
5300 211 0.0
5353 213 0.0
5405 215 0.0
5486 219 0.0
5532 221 0.0
5602 225 0.0
5609 226 0.0
5608 226 0.0
5645 227 0.0
5649 227 0.0
5695 229 0.0
5713 230 0.0
5765 232 0.0
5746 232 0.0
5784 233 0.0
5815 235 0.0
5887 239 0.0
5907 240 0.0
5952 242 0.0
5986 243 0.0
6040 244 0.0
6015 244 0.0
6110 249 0.0
6112 249 0.0
6205 253 1.0
6273 256 1.0
6271 256 1.0
6342 259 0.0
6336 259 0.0
6363 260 0.0
6384 261 0.0
6440 262 0.0
6422 262 0.0
6489 264 0.0
6474 264 0.0
6512 265 0.0
6532 266 0.0
6550 267 0.0
6547 267 0.0
6613 270 0.0
6611 270 0.0
6698 273 0.0
6722 274 0.0
6737 275 0.0
6731 275 0.0
6748 276 0.0
6762 276 0.0
6808 278 0.0
6830 280 0.0
6862 281 0.0
6873 282 0.0
6874 282 0.0
7012 285 0.0
7006 285 0.0
7075 288 0.0
7095 289 0.0
7194 292 0.0
7248 295 0.0
7310 298 0.0
7406 301 0.0
7434 302 0.0
7470 303 0.0
7450 303 0.0
7512 305 0.0
7517 305 0.0
7580 308 1.0
7590 309 0.0
7592 309 0.0
7627 310 0.0
7639 311 0.0
7701 314 0.0
7855 319 0.0
7942 322 0.0
7979 325 0.0
8049 327 0.0
8071 328 0.0
8153 332 0.0
8171 333 0.0
8181 334 0.0
8221 335 0.0
8233 336 0.0
8245 336 0.0
8272 337 0.0
8344 340 0.0
8411 342 0.0
8480 344 0.0
8488 345 0.0
8562 349 0.0
8589 350 1.0
8698 354 0.0
8763 356 0.0
8764 356 0.0
8845 359 1.0
8886 361 1.0
8898 361 1.0
8918 362 0.0
8923 362 0.0
9025 366 0.0
9045 367 0.0
9124 370 0.0
9161 372 0.0
9159 372 0.0
9204 374 1.0
9232 375 0.0
9252 376 0.0
9288 377 0.0
9301 378 0.0
9332 379 0.0
9349 380 0.0
9362 381 0.0
9376 382 0.0
9445 384 0.0
9446 384 0.0
9471 385 0.0
9558 389 0.0
9635 392 0.0
9678 394 0.0
9747 398 0.0
9848 402 0.0
9863 402 0.0
9934 404 0.0
9988 406 1.0
10014 407 0.0
10035 408 0.0
10024 408 0.0
10064 409 0.0
10084 410 0.0
10119 412 0.0
10133 413 0.0
10159 414 1.0
10184 416 0.0
10201 417 0.0
10223 418 0.0
10226 418 0.0
10283 421 0.0
10461 427 0.0
10566 431 0.0
10545 431 0.0
10583 432 0.0
10571 432 0.0
10603 433 0.0
10652 435 0.0
10677 436 0.0
10698 437 0.0
10740 439 0.0
10738 439 0.0
10803 442 0.0
10810 443 0.0
10829 443 0.0
10940 447 0.0
10948 447 0.0
10983 449 0.0
11039 451 0.0
11038 451 0.0
11119 454 1.0
11152 455 0.0
11160 456 0.0
11231 459 0.0
11320 463 0.0
11373 465 0.0
11400 466 0.0
11416 467 0.0
11524 471 0.0
11530 471 0.0
11529 471 0.0
11542 472 0.0
11610 475 0.0
11648 476 0.0
11747 479 0.0
11772 480 0.0
11800 481 0.0
11846 483 0.0
11881 484 0.0
11871 484 0.0
11893 485 0.0
11907 486 0.0
11919 486 0.0
11939 487 0.0
11954 488 0.0
12035 491 0.0
12033 491 0.0
12043 492 0.0
12120 495 0.0
12107 495 0.0
12147 496 1.0
12170 497 0.0
12161 497 0.0
12185 498 0.0
12209 499 0.0
12266 501 0.0
12268 501 0.0
12357 506 0.0
12566 513 1.0
12681 518 0.0
12738 520 0.0
12749 521 0.0
12837 524 0.0
12840 525 0.0
12886 527 0.0
12938 528 0.0
12963 528 0.0
13064 533 0.0
13130 538 0.0
13195 542 0.0
13237 543 0.0
13282 546 0.0
13295 547 0.0
13324 548 0.0
13376 550 0.0
13617 559 1.0
13639 560 0.0
13628 560 0.0
13677 561 0.0
13803 567 0.0
13908 573 0.0
14026 578 0.0
14191 583 1.0
14289 587 0.0
14389 591 0.0
14478 594 0.0
14499 596 0.0
14529 597 0.0
14565 598 0.0
14569 598 0.0
14610 600 0.0
14671 602 0.0
14676 602 0.0
14762 605 0.0
14783 606 0.0
14790 607 0.0
14824 608 0.0
14943 615 0.0
14962 616 0.0
14999 617 0.0
15108 623 0.0
15154 625 0.0
15166 625 0.0
15198 627 0.0
15224 628 0.0
15246 629 0.0
15264 630 0.0
15300 631 1.0
15322 632 0.0
15456 637 0.0
15479 639 0.0
15521 642 0.0
15582 644 0.0
15615 646 0.0
15666 648 0.0
15677 648 0.0
15705 649 0.0
15737 651 0.0
15765 652 0.0
15767 652 0.0
15874 655 0.0
15907 657 0.0
15925 658 0.0
16001 661 0.0
16015 662 0.0
16028 662 0.0
16201 672 0.0
16203 672 0.0
16224 673 0.0
16268 674 0.0
16310 676 0.0
16312 676 0.0
16338 677 0.0
16344 677 0.0
16371 678 0.0
16362 678 0.0
16480 683 0.0
16481 683 0.0
16503 684 0.0
16616 688 0.0
16636 689 0.0
16695 692 0.0
16678 692 0.0
16713 694 1.0
16739 695 0.0
16761 696 0.0
16939 699 0.0
16950 700 0.0
16964 701 0.0
17009 702 0.0
17030 703 0.0
17018 703 0.0
17035 704 0.0
17208 710 1.0
17288 714 1.0
17410 720 0.0
17459 723 1.0
17487 724 0.0
17601 729 0.0
17699 733 0.0
17784 738 1.0
17818 740 0.0
17823 740 0.0
17876 742 0.0
17894 743 0.0
17952 746 0.0
17970 747 0.0
17992 748 0.0
18112 752 0.0
18144 754 0.0
18197 756 0.0
18210 757 0.0
18222 757 0.0
18267 759 0.0
18318 762 0.0
18340 763 0.0
18424 764 0.0
18576 770 0.0
18626 772 0.0
18950 784 0.0
18956 785 0.0
19018 787 0.0
19070 790 0.0
19106 792 0.0
19108 792 0.0
19174 795 0.0
19336 799 0.0
19309 799 0.0
19370 801 0.0
19368 801 0.0
19438 804 0.0
19458 805 0.0
19476 805 0.0
19585 810 0.0
19590 810 0.0
19615 811 0.0
19636 813 0.0
19693 816 0.0
19691 816 0.0
19729 817 0.0
19754 819 0.0
19810 822 1.0
19842 824 0.0
19869 825 0.0
19932 827 0.0
19987 830 0.0
20013 831 1.0
20047 832 0.0
20074 833 0.0
20143 836 0.0
20177 837 0.0
20273 842 0.0
20275 842 0.0
20282 843 0.0
20313 844 0.0
20321 844 0.0
20359 847 0.0
20417 849 0.0
20504 854 0.0
20590 858 0.0
20825 862 1.0
20880 864 0.0
20959 866 0.0
21014 868 0.0
21065 871 0.0
21067 871 0.0
21086 872 0.0
21074 872 0.0
21221 877 1.0
21266 879 0.0
21307 882 0.0
21322 882 0.0
21343 883 0.0
21344 883 0.0
21388 885 0.0
21386 885 0.0
21400 886 0.0
21449 888 0.0
21516 891 0.0
21524 892 0.0
21547 893 0.0
21536 893 0.0
21558 894 0.0
21690 899 0.0
21734 901 0.0
21788 903 0.0
21806 904 0.0
21801 904 0.0
21862 906 0.0
21877 907 0.0
21899 907 0.0
21876 907 0.0
21919 908 1.0
21956 910 0.0
21939 910 0.0
21984 911 0.0
21995 912 0.0
22028 913 1.0
22088 916 0.0
22181 921 0.0
22198 922 0.0
22221 923 0.0
22219 923 0.0
22238 924 0.0
22295 926 1.0
22333 928 0.0
22367 930 0.0
22416 932 0.0
22498 935 0.0
22500 935 0.0
22647 942 0.0
22769 947 0.0
22767 947 0.0
22806 949 0.0
22823 950 0.0
22838 951 1.0
22917 954 0.0
22914 954 0.0
23015 958 0.0
23056 960 0.0
23068 961 0.0
23063 961 0.0
23189 963 0.0
23226 965 0.0
23238 966 0.0
23313 969 0.0
23347 970 0.0
23391 972 0.0
23402 973 0.0
23405 973 0.0
23424 974 1.0
23574 980 0.0
23607 981 0.0
23601 981 0.0
23597 981 0.0
23638 982 0.0
23805 985 0.0
23811 985 0.0
23838 986 0.0
23879 988 0.0
23915 990 0.0
23970 992 0.0
24011 993 0.0
24006 993 0.0
24028 994 1.0
24088 996 0.0
24128 998 0.0
24153 999 0.0
24181 1000 0.0
24193 1001 0.0
24200 1001 0.0
24194 1001 0.0
24290 1004 0.0
24264 1004 0.0
24331 1006 0.0
24361 1007 0.0
24359 1007 0.0
24411 1009 0.0
24482 1013 0.0
24497 1014 0.0
24486 1014 0.0
24499 1014 0.0
24493 1014 0.0
24590 1018 1.0
24671 1019 0.0
24705 1020 0.0
24697 1020 0.0
24730 1021 0.0
24718 1021 0.0
24760 1023 0.0
24769 1023 0.0
24786 1024 0.0
24793 1024 0.0
24822 1025 0.0
24846 1025 0.0
24919 1030 1.0
24948 1031 0.0
24936 1031 0.0
24973 1033 0.0
25078 1038 0.0
25106 1039 0.0
25158 1041 0.0
25230 1044 0.0
25238 1044 0.0
25332 1048 0.0
25344 1049 0.0
25392 1051 0.0
25414 1052 0.0
25511 1055 0.0
25625 1058 0.0
25623 1058 0.0
25671 1060 0.0
25683 1061 0.0
25723 1062 0.0
25810 1066 0.0
25971 1068 0.0
26097 1074 0.0
26122 1076 0.0
26160 1078 0.0
26282 1083 0.0
26280 1083 0.0
26294 1084 0.0
26325 1085 0.0
26355 1086 0.0
26361 1087 0.0
26363 1087 0.0
26457 1092 0.0
26478 1094 0.0
26497 1095 0.0
26527 1096 0.0
26564 1097 0.0
26590 1099 0.0
26651 1102 0.0
26751 1106 0.0
26783 1107 0.0
26847 1109 0.0
26886 1110 0.0
26897 1110 0.0
26916 1111 0.0
26993 1114 0.0
26962 1114 0.0
27000 1115 0.0
27083 1117 0.0
27099 1118 0.0
27093 1118 0.0
27170 1120 0.0
27240 1122 0.0
27272 1123 0.0
27271 1123 0.0
27310 1125 0.0
27371 1126 1.0
27446 1129 0.0
27448 1129 0.0
27503 1132 0.0
27492 1132 0.0
27532 1133 1.0
27554 1134 0.0
27555 1134 0.0
27582 1135 0.0
27609 1136 0.0
27594 1136 0.0
27689 1138 0.0
27719 1140 0.0
27770 1142 0.0
27871 1146 0.0
27925 1148 0.0
27931 1149 0.0
28022 1152 1.0
28028 1152 1.0
28055 1153 0.0
28042 1153 0.0
28113 1156 0.0
28215 1159 0.0
28246 1161 0.0
28272 1162 0.0
28282 1163 0.0
28304 1164 0.0
28306 1164 0.0
28351 1166 0.0
28527 1172 0.0
28764 1180 0.0
28887 1185 0.0
28913 1186 0.0
28991 1189 0.0
29096 1194 0.0
29092 1194 0.0
29187 1198 0.0
29237 1200 0.0
29240 1200 0.0
29296 1202 0.0
29300 1202 0.0
29362 1204 0.0
29364 1204 0.0
29437 1209 0.0
29492 1211 0.0
29503 1212 0.0
29526 1213 0.0
29568 1214 0.0
29588 1216 0.0
29632 1217 0.0
29657 1218 0.0
29664 1219 0.0
29676 1219 0.0
29703 1220 0.0
29726 1221 0.0
29814 1224 0.0
29816 1224 0.0
29876 1228 0.0
30014 1235 0.0
30062 1237 0.0
30091 1239 0.0
30168 1242 1.0
30158 1242 1.0
30192 1244 0.0
30209 1245 0.0
30284 1249 0.0
30315 1251 0.0
30369 1253 0.0
30382 1253 0.0
30482 1256 0.0
30516 1258 0.0
30583 1262 0.0
30585 1262 0.0
30595 1263 0.0
30607 1264 0.0
30660 1266 0.0
30685 1267 0.0
30677 1267 0.0
30715 1268 0.0
30730 1269 0.0
30772 1271 0.0
30803 1273 0.0
30818 1273 0.0
30846 1274 0.0
30836 1274 0.0
30961 1280 0.0
30972 1280 0.0
31095 1284 0.0
31113 1285 0.0
31144 1286 0.0
31151 1287 0.0
31172 1288 0.0
31284 1292 0.0
31327 1294 1.0
31384 1297 0.0
31399 1297 0.0
31444 1299 0.0
31443 1299 0.0
31457 1300 0.0
31471 1300 0.0
31604 1306 0.0
31639 1308 0.0
31657 1309 0.0
312 15 1.0
1423 58 0.0
2990 119 0.0
3084 124 0.0
4862 193 0.0
5935 241 0.0
6201 252 0.0
6471 263 0.0
7052 286 0.0
7288 297 0.0
7802 317 0.0
9425 383 0.0
11685 477 0.0
11999 489 0.0
12324 504 0.0
13164 541 0.0
13473 553 0.0
13999 576 0.0
14483 595 0.0
14490 595 0.0
18225 757 0.0
18272 759 0.0
18554 769 0.0
19054 788 0.0
19190 795 0.0
20787 861 0.0
21498 890 0.0
22257 924 0.0
24451 1011 0.0
24751 1022 0.0
28435 1169 0.0
29977 1234 0.0
30170 1243 1.0
 fin motif
# 7 target:1 c+:33 c-:286 score:146.69829463894854 score+:1736.692733775807 score-:1149.8995552200129 nb:5 =l_2c_11 l_2c_19 l_2c_9 l_2c_5 l_2c_15 
4955 198 0.0
7836 318 0.0
11457 468 0.0
16450 681 0.0
21721 900 0.0
22324 927 0.0
22535 937 0.0
25531 1056 0.0
29074 1193 0.0
29416 1207 0.0
13994 576 0.0
24434 1011 0.0
4861 193 0.0
5823 235 0.0
312 15 1.0
3084 124 0.0
4862 193 0.0
5935 241 0.0
6201 252 0.0
9420 383 0.0
11999 489 0.0
12324 504 0.0
12623 516 0.0
13164 541 0.0
13473 553 0.0
13999 576 0.0
14490 595 0.0
18225 757 0.0
18272 759 0.0
20787 861 0.0
21498 890 0.0
24451 1011 0.0
30170 1243 1.0
86 4 0.0
145 6 0.0
255 12 0.0
412 19 0.0
644 31 1.0
795 36 0.0
1495 60 0.0
1508 61 0.0
1605 64 0.0
1666 66 0.0
1726 69 0.0
1728 69 0.0
1900 77 0.0
2271 90 0.0
2359 93 0.0
2632 104 0.0
2762 110 1.0
2851 114 0.0
2863 115 0.0
3174 129 1.0
3341 135 0.0
3700 147 0.0
3720 148 0.0
3853 154 0.0
3982 160 0.0
4118 164 0.0
4340 173 0.0
4368 174 0.0
4553 181 0.0
4989 199 0.0
4997 200 0.0
5312 211 0.0
5347 212 1.0
5439 217 0.0
5736 231 0.0
5773 233 0.0
5876 238 0.0
5980 243 0.0
6196 252 0.0
6213 253 1.0
6331 259 0.0
6410 261 0.0
6724 274 0.0
6822 279 0.0
6846 280 0.0
6943 283 0.0
7180 292 0.0
7250 295 0.0
7315 298 0.0
7519 305 0.0
7659 312 0.0
7929 321 0.0
7956 323 0.0
8088 329 0.0
8499 345 0.0
8598 350 1.0
8631 352 0.0
8708 354 0.0
8851 359 1.0
9327 379 0.0
9467 385 0.0
9492 386 0.0
9549 388 0.0
9690 395 0.0
9778 400 0.0
9976 406 1.0
10086 410 0.0
10195 416 0.0
10369 424 0.0
10561 431 0.0
10599 433 0.0
10824 443 0.0
11093 452 0.0
11166 456 0.0
11250 460 0.0
11325 463 0.0
11375 465 0.0
11497 470 0.0
11711 478 0.0
11944 487 0.0
12008 490 0.0
12095 494 0.0
12250 500 0.0
12444 508 1.0
12550 512 0.0
12562 513 1.0
12689 518 0.0
12755 521 0.0
12867 526 0.0
13010 530 0.0
13040 532 0.0
13159 540 0.0
13395 551 0.0
13536 556 0.0
13605 559 1.0
13702 563 0.0
13740 564 0.0
13766 565 0.0
14179 583 1.0
14293 587 0.0
14510 596 0.0
14571 598 0.0
14542 598 0.0
14755 605 0.0
14830 608 0.0
14954 615 0.0
15937 658 0.0
15997 661 0.0
16025 662 0.0
16306 676 0.0
16428 680 0.0
16490 684 0.0
16489 684 0.0
16630 688 0.0
16646 689 0.0
17204 710 1.0
17299 714 1.0
17326 716 0.0
17471 723 1.0
17576 727 0.0
17787 738 1.0
18118 753 0.0
18201 756 0.0
18417 764 0.0
18641 772 0.0
18831 780 0.0
18910 783 0.0
18973 785 0.0
18997 786 0.0
19142 793 0.0
19229 796 0.0
19356 800 0.0
19633 813 0.0
19659 814 0.0
19671 815 0.0
19806 822 1.0
20138 836 0.0
20198 839 0.0
20286 843 0.0
20490 852 0.0
20561 856 0.0
20581 857 0.0
20606 858 0.0
21180 875 0.0
21223 877 1.0
21530 892 0.0
21604 896 0.0
21961 910 0.0
22016 913 1.0
22015 913 1.0
22164 920 0.0
22165 920 0.0
22354 929 0.0
22639 941 0.0
22658 942 0.0
22673 943 1.0
22764 947 0.0
22812 949 0.0
22936 955 0.0
22959 956 0.0
23084 961 0.0
23441 974 1.0
23718 983 0.0
23754 984 0.0
23911 990 0.0
24000 993 0.0
23998 993 0.0
24327 1006 0.0
24594 1018 1.0
24892 1029 0.0
24914 1030 1.0
24960 1032 0.0
25143 1041 0.0
25450 1053 0.0
25506 1055 0.0
25935 1067 0.0
26142 1077 0.0
26162 1078 0.0
26217 1080 0.0
26261 1082 0.0
26299 1084 0.0
26346 1086 0.0
26392 1088 0.0
26490 1094 0.0
27106 1118 0.0
27364 1126 1.0
27403 1127 0.0
27463 1130 0.0
27484 1131 0.0
27545 1133 1.0
27818 1144 0.0
27858 1146 0.0
27914 1148 0.0
27940 1149 0.0
28102 1155 0.0
28486 1171 0.0
28636 1177 0.0
28895 1186 0.0
29007 1190 0.0
29027 1191 0.0
29211 1199 0.0
29321 1203 0.0
29371 1204 0.0
29515 1212 0.0
29706 1220 0.0
30153 1242 1.0
30703 1268 0.0
30733 1269 0.0
30852 1275 0.0
30980 1280 0.0
30991 1281 0.0
31128 1286 0.0
31366 1296 0.0
31613 1306 0.0
176 8 0.0
1003 45 0.0
1362 57 0.0
1587 63 0.0
1814 72 0.0
2107 84 0.0
2426 96 0.0
3079 123 0.0
3650 145 0.0
3822 152 0.0
4387 175 0.0
4550 181 0.0
4630 184 0.0
4925 196 0.0
5191 205 0.0
5963 242 0.0
5988 243 0.0
6095 248 0.0
6374 260 0.0
6407 261 0.0
6596 269 1.0
6794 277 0.0
7081 288 0.0
7442 302 0.0
7579 308 1.0
8135 331 0.0
8903 361 1.0
9266 376 0.0
9873 402 0.0
10628 434 0.0
10697 437 0.0
10964 448 0.0
11264 461 0.0
11334 463 0.0
11751 479 0.0
11820 482 0.0
11936 487 0.0
12163 497 0.0
12442 508 1.0
12586 514 0.0
12772 521 0.0
12786 522 1.0
13483 554 0.0
13530 555 0.0
13714 563 0.0
13807 567 0.0
13900 572 0.0
14424 592 0.0
15024 619 0.0
15315 632 0.0
15644 647 0.0
15749 651 0.0
16285 675 0.0
16589 686 0.0
17293 714 1.0
17552 726 0.0
17851 741 0.0
18569 770 0.0
18892 782 0.0
18982 785 0.0
19089 791 0.0
19102 792 0.0
19153 794 0.0
19575 809 0.0
20252 841 0.0
20376 848 0.0
20669 859 0.0
20887 864 0.0
22739 946 0.0
22975 957 0.0
23202 964 0.0
23232 966 0.0
23334 970 0.0
23695 983 0.0
24307 1005 0.0
24377 1008 0.0
24580 1018 1.0
25980 1068 0.0
26513 1095 0.0
26598 1099 0.0
27253 1122 0.0
28024 1152 1.0
28541 1173 0.0
28575 1174 0.0
29419 1208 0.0
29457 1209 0.0
29577 1215 0.0
29605 1216 0.0
29897 1229 0.0
29939 1231 0.0
30000 1234 0.0
30534 1259 0.0
30634 1265 0.0
31168 1288 0.0
 fin motif
# 8 target:1 c+:19 c-:101 score:145.90947954312094 score+:1087.9435086228707 score-:504.3055904503869 nb:5 =l_2c_4 l_2c_12 l_2c_11 l_2c_10 l_2c_15 
312 15 1.0
5935 241 0.0
13473 553 0.0
14490 595 0.0
20787 861 0.0
61 3 0.0
87 4 0.0
270 13 0.0
326 16 0.0
1667 66 0.0
1806 72 0.0
1834 73 0.0
2275 90 0.0
2354 93 0.0
3655 145 0.0
5313 211 0.0
5772 233 0.0
7480 304 0.0
8604 351 0.0
8716 354 0.0
8852 359 1.0
9466 385 0.0
9626 392 0.0
9975 406 1.0
10087 410 0.0
10106 412 0.0
10557 431 0.0
10598 433 0.0
10820 443 0.0
11498 470 0.0
12498 510 0.0
12561 513 1.0
12700 518 0.0
12762 521 0.0
13604 559 1.0
14294 587 0.0
14813 608 0.0
14811 608 0.0
15306 631 1.0
15773 652 0.0
15938 658 0.0
16631 688 0.0
16688 692 0.0
16733 694 1.0
17203 710 1.0
17298 714 1.0
17300 714 1.0
17472 723 1.0
17789 738 1.0
18202 756 0.0
18514 768 0.0
18974 785 0.0
19230 796 0.0
19473 805 0.0
19805 822 1.0
20134 836 0.0
20395 848 0.0
20607 858 0.0
21224 877 1.0
21841 905 0.0
21946 910 0.0
22638 941 0.0
22701 944 0.0
22813 949 0.0
23184 963 0.0
23442 974 1.0
23910 990 0.0
24399 1009 0.0
24595 1018 1.0
24773 1023 0.0
24882 1029 0.0
26163 1078 0.0
26340 1086 0.0
26911 1111 0.0
27107 1118 0.0
27910 1148 0.0
28257 1161 0.0
28296 1163 0.0
28487 1171 0.0
28896 1186 0.0
29212 1199 0.0
29707 1220 0.0
29714 1221 0.0
30149 1242 1.0
30657 1266 0.0
30734 1269 0.0
30981 1280 0.0
31614 1306 0.0
31650 1309 0.0
5963 242 0.0
28314 1164 0.0
1012 45 0.0
2007 80 0.0
5962 242 0.0
6597 269 1.0
6669 272 0.0
6668 272 0.0
7090 289 0.0
9388 382 0.0
9771 399 0.0
10281 420 0.0
10643 434 0.0
10960 448 0.0
12136 496 1.0
12137 496 1.0
13750 565 0.0
15219 628 0.0
15352 633 0.0
16234 673 0.0
17716 733 0.0
19216 796 0.0
19836 823 0.0
20534 855 0.0
20886 864 0.0
21210 877 1.0
22007 912 0.0
22777 948 0.0
24019 994 1.0
24018 994 1.0
24817 1025 0.0
27513 1132 0.0
27869 1146 0.0
28926 1187 0.0
28925 1187 0.0
29598 1216 0.0
29957 1232 0.0
30535 1259 0.0
30918 1277 0.0
30979 1280 0.0
31496 1301 0.0
 fin motif
# 9 target:1 c+:35 c-:429 score:127.48377751423425 score+:2341.8179105988293 score-:1678.9022675248114 nb:7 =l_2c_19 l_2c_17 l_2c_16 l_2c_0 l_2c_3 l_2c_5 l_2c_15 
4955 198 0.0
7836 318 0.0
11457 468 0.0
16450 681 0.0
21721 900 0.0
22324 927 0.0
22535 937 0.0
25531 1056 0.0
29074 1193 0.0
29416 1207 0.0
120 5 0.0
676 32 0.0
728 34 0.0
1227 53 0.0
1318 55 0.0
1352 57 0.0
1473 59 0.0
1569 63 0.0
1755 70 0.0
1932 78 0.0
2041 82 0.0
2163 85 0.0
2190 86 0.0
2228 88 0.0
2465 98 0.0
2540 100 0.0
2903 117 0.0
2958 118 0.0
3203 130 0.0
3492 140 0.0
3586 144 0.0
3804 150 0.0
4002 161 0.0
4148 166 0.0
4181 167 0.0
4269 171 0.0
4302 172 0.0
4424 177 0.0
4475 178 0.0
4666 185 0.0
5103 203 0.0
5148 204 0.0
5185 205 0.0
5932 241 0.0
6183 251 0.0
6240 254 0.0
6496 264 0.0
6654 271 0.0
6787 277 0.0
6979 284 0.0
7162 291 0.0
7301 297 0.0
7400 300 0.0
7740 315 0.0
7903 320 0.0
7971 324 0.0
8009 326 0.0
8319 339 0.0
8440 343 0.0
8557 348 0.0
8691 353 0.0
8745 355 0.0
8806 357 0.0
9070 368 0.0
9100 369 0.0
9709 395 0.0
9904 403 0.0
10390 424 0.0
10415 425 0.0
10509 429 0.0
10511 429 0.0
10756 440 0.0
10886 445 0.0
10902 446 0.0
11015 450 0.0
11090 452 0.0
11282 462 0.0
11461 469 0.0
11508 470 0.0
11595 474 0.0
11717 478 0.0
11958 488 0.0
11998 489 0.0
12048 492 0.0
12069 493 0.0
12421 507 0.0
12513 511 0.0
12597 515 0.0
12814 523 0.0
12975 529 0.0
13089 535 0.0
13193 542 0.0
13335 549 0.0
13418 551 0.0
13437 552 0.0
13523 555 0.0
13843 569 0.0
14095 581 0.0
14217 584 0.0
14261 586 0.0
14344 589 0.0
14384 590 0.0
15059 621 0.0
15433 636 0.0
15564 643 0.0
15594 645 0.0
15607 646 0.0
15819 653 0.0
15989 660 0.0
16144 668 0.0
16512 685 0.0
16785 697 0.0
17136 707 0.0
17255 713 0.0
17452 722 0.0
17508 725 0.0
17690 732 0.0
18036 750 0.0
18126 753 0.0
18250 758 0.0
18501 767 0.0
18612 771 0.0
18675 773 0.0
18784 777 0.0
18801 778 0.0
18895 782 0.0
19386 802 0.0
20245 841 0.0
20541 855 0.0
20643 859 0.0
20774 861 0.0
20861 863 0.0
20928 865 0.0
21674 898 0.0
21772 902 0.0
21976 911 0.0
22280 925 0.0
22574 938 0.0
22609 940 0.0
22696 944 0.0
23121 962 0.0
23271 967 0.0
23777 984 0.0
23930 991 0.0
24544 1016 0.0
24877 1028 0.0
24976 1033 0.0
25039 1036 0.0
25267 1046 0.0
25304 1047 0.0
25336 1049 0.0
25426 1052 0.0
25473 1054 0.0
25595 1057 0.0
25697 1061 0.0
25976 1068 0.0
26041 1071 0.0
26228 1081 0.0
26406 1090 0.0
26803 1108 0.0
26852 1109 0.0
27221 1121 0.0
27400 1127 0.0
27632 1137 0.0
27884 1147 0.0
27976 1150 0.0
28193 1158 0.0
28405 1168 0.0
28496 1171 0.0
28568 1174 0.0
28683 1179 0.0
28819 1182 0.0
29123 1196 0.0
29152 1197 0.0
29221 1199 0.0
29340 1203 0.0
29737 1222 0.0
29803 1223 0.0
29832 1225 0.0
29932 1231 0.0
29993 1234 0.0
30398 1254 0.0
30446 1255 0.0
31209 1289 0.0
31406 1297 0.0
31508 1301 0.0
31549 1302 0.0
31696 1310 0.0
1434 59 0.0
1578 63 0.0
5468 218 0.0
5693 229 0.0
7326 298 0.0
8109 330 0.0
8647 353 0.0
9102 369 0.0
9949 404 0.0
10385 424 0.0
12643 517 0.0
13681 562 0.0
14391 591 0.0
15522 642 0.0
15676 648 0.0
16070 665 0.0
16911 698 0.0
17752 735 0.0
17886 742 0.0
18022 749 0.0
19867 825 0.0
20458 851 0.0
21897 907 0.0
27042 1117 0.0
30237 1247 0.0
31676 1310 0.0
1040 47 0.0
8266 337 0.0
8407 342 0.0
10286 421 0.0
15535 642 0.0
18725 775 0.0
19237 796 0.0
19899 825 0.0
19954 828 0.0
21081 872 0.0
23553 979 0.0
23710 983 0.0
25882 1067 0.0
27974 1150 0.0
28007 1152 1.0
29542 1213 0.0
13994 576 0.0
17887 742 0.0
18271 759 0.0
24434 1011 0.0
27357 1126 1.0
9392 382 0.0
19998 830 0.0
21725 901 0.0
25109 1039 0.0
25787 1065 0.0
30293 1249 0.0
2770 111 0.0
4861 193 0.0
6526 266 0.0
10961 448 0.0
11417 467 0.0
12443 508 1.0
13312 548 0.0
19716 817 0.0
31697 1310 0.0
82 4 0.0
351 17 0.0
484 22 0.0
708 33 0.0
695 33 0.0
780 36 0.0
823 37 0.0
870 39 0.0
1008 45 0.0
1122 50 0.0
1239 53 0.0
1487 60 0.0
1635 65 0.0
1714 68 0.0
1926 78 0.0
2004 80 0.0
2014 81 0.0
2184 86 0.0
2282 90 0.0
2364 93 0.0
2389 94 0.0
2526 100 0.0
2583 102 0.0
2619 104 0.0
2757 110 1.0
2822 113 0.0
2918 117 0.0
2969 119 0.0
3185 129 1.0
3225 131 0.0
3367 136 0.0
3434 138 0.0
3487 140 0.0
3651 145 0.0
3673 146 0.0
3707 147 0.0
3827 152 0.0
3936 158 0.0
4158 167 0.0
4469 178 0.0
4628 184 0.0
4743 188 0.0
4810 190 0.0
5212 206 0.0
5272 209 0.0
5307 211 0.0
5388 214 0.0
5587 225 0.0
5658 228 0.0
5888 239 0.0
6061 245 0.0
6089 248 0.0
6204 253 1.0
6466 263 0.0
6490 264 0.0
6594 269 1.0
7138 291 0.0
7433 302 0.0
7524 306 0.0
7573 308 1.0
7654 312 0.0
8069 328 0.0
8112 330 0.0
8129 331 0.0
8153 332 0.0
8374 341 0.0
8405 342 0.0
8515 346 0.0
8590 350 1.0
8865 359 1.0
8845 359 1.0
8886 361 1.0
8894 361 1.0
8971 364 0.0
9044 367 0.0
9205 374 1.0
9260 376 0.0
9405 383 0.0
9433 384 0.0
9472 385 0.0
9530 387 0.0
9640 393 0.0
9683 394 0.0
9767 399 0.0
9981 406 1.0
9988 406 1.0
10033 408 0.0
10097 411 0.0
10114 412 0.0
10143 413 0.0
10172 415 0.0
10217 417 0.0
10461 427 0.0
10546 431 0.0
10809 443 0.0
10993 450 0.0
11262 461 0.0
11277 462 0.0
11336 463 0.0
11335 463 0.0
11623 475 0.0
11610 475 0.0
11771 480 0.0
11920 486 0.0
11935 487 0.0
11954 488 0.0
12146 496 1.0
12139 496 1.0
12165 497 0.0
12471 509 0.0
12567 513 1.0
12649 517 0.0
13070 534 0.0
13610 559 1.0
13617 559 1.0
13743 565 0.0
13909 573 0.0
13952 574 0.0
14157 582 0.0
14190 583 1.0
14241 585 0.0
14288 587 0.0
14431 592 0.0
14552 598 0.0
14578 599 0.0
14649 601 0.0
14665 602 0.0
15199 627 0.0
15375 634 0.0
15489 640 0.0
15501 641 0.0
15520 642 0.0
15521 642 0.0
15932 658 0.0
16021 662 0.0
16068 665 0.0
16136 668 0.0
16286 675 0.0
16402 679 0.0
16658 690 0.0
16666 691 0.0
16713 694 1.0
16726 694 1.0
16779 697 0.0
16865 698 0.0
16950 700 0.0
17003 702 0.0
17060 705 0.0
17158 708 0.0
17209 710 1.0
17294 714 1.0
17459 723 1.0
17466 723 1.0
17544 726 0.0
17546 726 0.0
17682 732 0.0
17755 735 0.0
17775 738 1.0
17921 744 0.0
17947 746 0.0
18025 749 0.0
18196 756 0.0
18277 759 0.0
18326 762 0.0
18450 766 0.0
18699 774 0.0
18962 785 0.0
19075 790 0.0
19099 792 0.0
19217 796 0.0
19439 804 0.0
19569 809 0.0
19568 809 0.0
19817 822 1.0
19869 825 0.0
19931 827 0.0
19953 828 0.0
20014 831 1.0
20362 847 0.0
20386 848 0.0
20437 850 0.0
20457 851 0.0
20540 855 0.0
20590 858 0.0
20738 860 0.0
20807 862 1.0
20825 862 1.0
21037 870 0.0
21189 876 0.0
21242 878 0.0
21247 878 0.0
21322 882 0.0
21559 894 0.0
21800 904 0.0
21910 908 1.0
22021 913 1.0
22278 925 0.0
22294 926 1.0
22732 946 0.0
22839 951 1.0
23056 960 0.0
23437 974 1.0
23424 974 1.0
23888 988 0.0
24022 994 1.0
24087 996 0.0
24152 999 0.0
24412 1009 0.0
24478 1013 0.0
24563 1017 0.0
24589 1018 1.0
24584 1018 1.0
24657 1019 0.0
24854 1026 0.0
24920 1030 1.0
24926 1031 0.0
25106 1039 0.0
25259 1045 0.0
25370 1050 0.0
25400 1051 0.0
25589 1057 0.0
25683 1061 0.0
25837 1067 0.0
26264 1082 0.0
26293 1084 0.0
26412 1091 0.0
26456 1092 0.0
27083 1117 0.0
27115 1119 0.0
27170 1120 0.0
27324 1125 0.0
27582 1135 0.0
27666 1137 0.0
27729 1141 0.0
27891 1147 0.0
27993 1151 0.0
28017 1152 1.0
28028 1152 1.0
28283 1163 0.0
28513 1172 0.0
28913 1186 0.0
28890 1186 0.0
28921 1187 0.0
28982 1189 0.0
29163 1197 0.0
29241 1200 0.0
29438 1209 0.0
29473 1211 0.0
29510 1212 0.0
29638 1218 0.0
29666 1219 0.0
29869 1228 0.0
29987 1234 0.0
30060 1237 0.0
30339 1252 0.0
30468 1255 0.0
30645 1265 0.0
30729 1269 0.0
30791 1272 0.0
30958 1279 0.0
30971 1280 0.0
31025 1282 0.0
31113 1285 0.0
31103 1285 0.0
31400 1297 0.0
31470 1300 0.0
31506 1301 0.0
312 15 1.0
1423 58 0.0
2990 119 0.0
3084 124 0.0
4862 193 0.0
5935 241 0.0
6201 252 0.0
6470 263 0.0
6471 263 0.0
7052 286 0.0
7072 287 0.0
7288 297 0.0
7802 317 0.0
8300 338 0.0
11429 467 0.0
11685 477 0.0
11999 489 0.0
12324 504 0.0
13164 541 0.0
13473 553 0.0
13999 576 0.0
14483 595 0.0
14490 595 0.0
14878 612 0.0
18225 757 0.0
18272 759 0.0
18554 769 0.0
19054 788 0.0
19190 795 0.0
20787 861 0.0
21498 890 0.0
22257 924 0.0
24451 1011 0.0
24751 1022 0.0
28435 1169 0.0
29977 1234 0.0
30170 1243 1.0
 fin motif
