# 0 target:1 c+:37 c-:356 score:559.5775553263045 score+:3146.3792761352765 score-:1243.8155880258412 nb:4 =l_1c_3 l_1c_8 l_1c_9 l_1c_18 
17245 712 0.0
109 5 0.0
221 10 0.0
261 13 0.0
317 16 0.0
698 33 0.0
736 34 0.0
773 35 0.0
856 39 0.0
882 40 1.0
1110 49 0.0
1484 60 0.0
2011 81 0.0
2054 82 0.0
2285 90 0.0
2449 98 0.0
2592 102 0.0
2660 106 0.0
2819 113 0.0
3046 122 0.0
3221 131 0.0
3318 134 0.0
3364 136 0.0
3414 137 0.0
3556 142 0.0
3583 143 0.0
3710 147 0.0
4082 163 0.0
4213 169 0.0
4442 177 0.0
4533 180 0.0
4578 182 0.0
4609 183 0.0
4805 190 0.0
4795 190 0.0
5118 203 0.0
5199 206 0.0
5615 226 0.0
5898 239 0.0
6114 249 0.0
6168 251 0.0
6275 256 1.0
6388 261 0.0
6475 264 0.0
6582 269 1.0
6911 282 0.0
6957 284 0.0
7004 285 0.0
7114 290 0.0
7149 291 0.0
7381 300 0.0
7490 304 0.0
7651 312 0.0
7710 315 0.0
8614 351 0.0
8899 361 1.0
8919 362 0.0
8974 364 0.0
9047 367 0.0
9076 368 0.0
9452 384 0.0
9583 390 0.0
10017 408 0.0
10117 412 0.0
10543 431 0.0
10580 432 0.0
10742 439 0.0
10806 443 0.0
10860 445 0.0
11005 450 0.0
11045 451 0.0
11447 468 0.0
11774 480 0.0
11906 486 0.0
11914 486 0.0
12037 491 0.0
12114 495 0.0
12106 495 0.0
12270 501 0.0
12393 507 0.0
13445 552 0.0
13454 552 0.0
13627 560 0.0
13802 567 0.0
13928 573 0.0
14336 589 0.0
14668 602 0.0
14899 613 0.0
14924 614 0.0
15661 648 0.0
16116 667 0.0
16123 668 0.0
16165 669 0.0
16336 677 0.0
16506 685 0.0
16609 687 0.0
17006 702 0.0
17669 732 0.0
18487 767 0.0
18573 770 0.0
18670 773 0.0
19072 790 0.0
19127 793 0.0
19695 816 0.0
20123 836 0.0
20277 842 0.0
20268 842 0.0
20389 848 0.0
20844 863 0.0
21556 894 0.0
21654 898 0.0
21767 902 0.0
21804 904 0.0
21883 907 0.0
22265 925 0.0
22506 935 0.0
22550 937 0.0
22904 953 0.0
23012 958 0.0
23257 967 0.0
23344 970 0.0
23587 980 0.0
23807 985 0.0
23797 985 0.0
23860 987 0.0
23947 991 0.0
24047 995 0.0
24155 999 0.0
24287 1004 0.0
24527 1016 0.0
24717 1021 0.0
24922 1031 0.0
25276 1046 0.0
25455 1053 0.0
25627 1058 0.0
25767 1064 0.0
26284 1083 0.0
26759 1107 0.0
27078 1117 0.0
27450 1129 0.0
27550 1133 1.0
27927 1148 0.0
28020 1152 1.0
28171 1158 0.0
28302 1164 0.0
28315 1164 0.0
28755 1180 0.0
28795 1182 0.0
28806 1182 0.0
29238 1200 0.0
29285 1201 0.0
29659 1218 0.0
29662 1219 0.0
29778 1223 0.0
30165 1242 1.0
30814 1273 0.0
31385 1297 0.0
31473 1300 0.0
21 1 1.0
25 1 1.0
32 2 0.0
110 5 0.0
222 10 0.0
284 13 0.0
305 14 0.0
311 15 1.0
318 16 0.0
384 18 0.0
472 21 0.0
622 29 0.0
652 31 1.0
712 33 0.0
737 34 0.0
774 35 0.0
785 36 0.0
857 39 0.0
878 40 1.0
1111 49 0.0
1502 60 0.0
1722 69 0.0
2035 81 0.0
2055 82 0.0
2286 90 0.0
2333 92 0.0
2377 93 0.0
2409 95 0.0
2450 98 0.0
2565 101 0.0
2593 102 0.0
2637 104 0.0
2687 106 0.0
2818 113 0.0
2947 118 0.0
3038 122 0.0
3054 122 0.0
3240 131 0.0
3288 133 0.0
3313 134 0.0
3311 134 0.0
3389 136 0.0
3415 137 0.0
3482 139 0.0
3559 142 0.0
3584 143 0.0
3713 147 0.0
3831 153 0.0
3999 160 0.0
4083 163 0.0
4224 169 0.0
4439 177 0.0
4534 180 0.0
4604 183 0.0
4606 183 0.0
4806 190 0.0
4862 193 0.0
4975 198 0.0
5000 200 0.0
5119 203 0.0
5224 206 0.0
5411 215 0.0
5498 220 0.0
5549 222 0.0
5551 223 0.0
5607 226 0.0
5895 239 0.0
5894 239 0.0
5935 241 0.0
6115 249 0.0
6172 251 0.0
6276 256 1.0
6389 261 0.0
6476 264 0.0
6583 269 1.0
6693 272 0.0
6881 282 0.0
6968 284 0.0
6999 285 0.0
7001 285 0.0
7105 289 0.0
7137 290 0.0
7151 291 0.0
7196 292 0.0
7385 300 0.0
7501 304 0.0
7669 312 0.0
7721 315 0.0
8159 332 0.0
8491 345 0.0
8615 351 0.0
8869 359 1.0
8889 361 1.0
8920 362 0.0
8956 363 1.0
8975 364 0.0
9048 367 0.0
9077 368 0.0
9454 384 0.0
9508 386 0.0
9584 390 0.0
9619 392 0.0
9993 406 1.0
10043 408 0.0
10128 412 0.0
10319 422 0.0
10542 431 0.0
10581 432 0.0
10743 439 0.0
10805 443 0.0
10847 444 0.0
10871 445 0.0
10997 450 0.0
11047 451 0.0
11229 459 0.0
11301 462 0.0
11357 464 0.0
11390 465 0.0
11448 468 0.0
11614 475 0.0
11781 480 0.0
11933 486 0.0
12038 491 0.0
12118 495 0.0
12236 500 0.0
12271 501 0.0
12404 507 0.0
12432 508 1.0
12537 512 0.0
12781 522 1.0
13034 531 0.0
13084 534 0.0
13183 541 0.0
13446 552 0.0
13473 553 0.0
13623 559 1.0
13652 560 0.0
13809 567 0.0
13868 570 0.0
13931 573 0.0
14054 579 0.0
14249 586 0.0
14266 586 0.0
14339 589 0.0
14488 595 0.0
14669 602 0.0
14750 605 0.0
14847 609 0.0
14900 613 0.0
14925 614 0.0
15124 624 0.0
15369 634 0.0
15633 646 0.0
15685 648 0.0
16056 664 0.0
16121 667 0.0
16151 668 0.0
16266 674 0.0
16337 677 0.0
16535 685 0.0
16610 687 0.0
16717 694 1.0
16776 696 0.0
17007 702 0.0
17185 709 0.0
17171 709 0.0
17248 712 0.0
17249 712 0.0
17291 714 1.0
17335 716 0.0
17357 717 0.0
17385 718 0.0
17406 719 0.0
17457 723 1.0
17567 727 0.0
17698 732 0.0
17771 737 1.0
17837 740 0.0
18491 767 0.0
18574 770 0.0
18628 772 0.0
18671 773 0.0
19088 790 0.0
19130 793 0.0
19345 800 0.0
19603 810 0.0
19696 816 0.0
19830 823 0.0
20094 834 0.0
20122 836 0.0
20238 841 0.0
20390 848 0.0
20593 858 0.0
20787 861 0.0
20830 862 1.0
20836 863 0.0
21035 869 0.0
21135 874 0.0
21325 882 0.0
21471 889 0.0
21497 890 0.0
21578 894 0.0
21665 898 0.0
21768 902 0.0
21805 904 0.0
21875 907 0.0
22283 925 0.0
22555 937 0.0
22602 939 0.0
22677 943 1.0
22796 948 0.0
22836 950 0.0
22900 953 0.0
23018 958 0.0
23059 960 0.0
23249 967 0.0
23345 970 0.0
23383 971 0.0
23427 974 1.0
23591 980 0.0
23676 983 0.0
23808 985 0.0
23858 987 0.0
23948 991 0.0
24048 995 0.0
24156 999 0.0
24267 1004 0.0
24324 1006 0.0
24554 1016 0.0
24728 1021 0.0
24923 1031 0.0
25088 1038 0.0
25130 1040 0.0
25277 1046 0.0
25364 1050 0.0
25379 1050 0.0
25456 1053 0.0
25628 1058 0.0
25768 1064 0.0
25803 1065 0.0
25929 1067 0.0
25993 1069 0.0
26060 1072 0.0
26067 1073 1.0
26196 1079 0.0
26203 1080 0.0
26285 1083 0.0
26397 1089 1.0
26665 1103 0.0
26687 1103 0.0
26713 1104 0.0
26784 1107 0.0
27080 1117 0.0
27451 1129 0.0
27533 1133 1.0
27586 1135 0.0
27758 1142 0.0
27928 1148 0.0
28005 1151 0.0
28034 1152 1.0
28149 1157 0.0
28182 1158 0.0
28237 1160 0.0
28345 1165 0.0
28380 1167 0.0
28398 1168 0.0
28558 1174 0.0
28591 1175 0.0
28676 1178 0.0
28758 1180 0.0
28782 1181 0.0
28797 1182 0.0
28918 1186 0.0
29082 1193 0.0
29192 1198 0.0
29196 1199 0.0
29244 1200 0.0
29286 1201 0.0
29661 1218 0.0
29663 1219 0.0
29779 1223 0.0
29864 1227 1.0
29861 1227 1.0
30135 1242 1.0
30170 1243 1.0
30266 1248 0.0
30314 1250 1.0
30577 1261 0.0
30594 1262 0.0
30717 1268 0.0
30815 1273 0.0
31118 1285 0.0
31198 1289 0.0
31297 1293 0.0
31386 1297 0.0
31474 1300 0.0
31570 1303 1.0
31577 1304 1.0
31573 1304 1.0
31726 1311 0.0
114 5 0.0
223 10 0.0
358 17 0.0
1115 49 0.0
2096 83 0.0
2261 89 0.0
2749 110 1.0
2984 119 0.0
3034 121 0.0
3360 135 0.0
3392 137 0.0
3422 138 0.0
3562 143 0.0
4345 173 0.0
4346 174 0.0
4510 180 0.0
4566 182 0.0
5267 208 0.0
5730 230 0.0
6280 256 1.0
6303 257 0.0
6502 265 0.0
6578 268 0.0
6766 276 0.0
6847 280 0.0
7567 308 1.0
7863 319 0.0
8096 329 0.0
8140 331 0.0
8457 344 0.0
8596 350 1.0
8984 364 0.0
9480 385 0.0
10722 439 0.0
10992 449 0.0
11255 461 0.0
11484 470 0.0
11606 474 0.0
11708 478 0.0
12017 491 0.0
12275 501 0.0
12575 513 1.0
12728 520 0.0
12786 522 1.0
13048 533 0.0
13269 546 0.0
14039 578 0.0
14229 585 0.0
14280 587 0.0
14355 589 0.0
14836 608 0.0
14985 617 0.0
15112 623 0.0
15173 626 0.0
15710 649 0.0
15778 652 0.0
15957 659 0.0
16010 661 0.0
16655 689 0.0
17217 710 1.0
17905 743 0.0
18131 754 0.0
18320 762 0.0
18583 770 0.0
18782 777 0.0
19122 793 0.0
19498 806 0.0
19554 808 0.0
19580 809 0.0
19700 816 0.0
19786 820 0.0
19965 828 0.0
20068 833 0.0
20257 842 0.0
20296 843 0.0
20568 857 0.0
20983 867 0.0
21356 884 0.0
21439 888 0.0
21958 910 0.0
22251 924 0.0
22646 941 0.0
22859 952 0.0
22926 954 0.0
23033 959 0.0
23410 973 0.0
23469 975 0.0
23564 979 0.0
23925 990 0.0
24076 996 0.0
24167 999 0.0
24389 1009 0.0
24488 1014 0.0
24758 1022 0.0
24898 1029 0.0
24902 1030 1.0
25214 1043 0.0
25482 1054 0.0
25606 1058 0.0
25711 1062 0.0
26289 1083 0.0
26572 1097 0.0
26600 1100 0.0
27037 1116 0.0
27429 1129 0.0
27674 1138 0.0
27920 1148 0.0
28074 1154 0.0
28131 1156 0.0
28323 1164 0.0
28468 1170 0.0
28473 1171 0.0
28871 1185 0.0
29393 1205 0.0
30054 1236 0.0
30213 1245 0.0
30720 1269 0.0
30823 1274 0.0
31007 1281 0.0
31290 1292 0.0
31338 1294 1.0
31421 1298 0.0
31511 1301 0.0
31580 1305 0.0
19 1 1.0
2408 95 0.0
10459 427 0.0
12782 522 1.0
30309 1250 1.0
 fin motif
# 1 target:1 c+:30 c-:271 score:132.0059703247708 score+:1325.2663955967987 score-:797.2425142977155 nb:5 =l_1c_3 l_1c_10 l_1c_11 l_1c_0 l_1c_13 
296 14 0.0
6691 272 0.0
7500 304 0.0
11355 464 0.0
17246 712 0.0
17245 712 0.0
23857 987 0.0
26664 1103 0.0
28590 1175 0.0
4577 182 0.0
7747 316 0.0
20267 842 0.0
25992 1069 0.0
28314 1164 0.0
22780 948 0.0
413 19 0.0
109 5 0.0
221 10 0.0
261 13 0.0
317 16 0.0
698 33 0.0
736 34 0.0
773 35 0.0
856 39 0.0
882 40 1.0
1110 49 0.0
1484 60 0.0
2011 81 0.0
2054 82 0.0
2285 90 0.0
2449 98 0.0
2592 102 0.0
2660 106 0.0
2819 113 0.0
3046 122 0.0
3221 131 0.0
3318 134 0.0
3364 136 0.0
3414 137 0.0
3556 142 0.0
3583 143 0.0
3710 147 0.0
4082 163 0.0
4213 169 0.0
4442 177 0.0
4533 180 0.0
4578 182 0.0
4609 183 0.0
4805 190 0.0
4795 190 0.0
5118 203 0.0
5199 206 0.0
5615 226 0.0
5898 239 0.0
6114 249 0.0
6168 251 0.0
6275 256 1.0
6388 261 0.0
6475 264 0.0
6582 269 1.0
6911 282 0.0
6957 284 0.0
7004 285 0.0
7114 290 0.0
7149 291 0.0
7381 300 0.0
7490 304 0.0
7651 312 0.0
7710 315 0.0
8614 351 0.0
8899 361 1.0
8919 362 0.0
8974 364 0.0
9047 367 0.0
9076 368 0.0
9452 384 0.0
9583 390 0.0
10017 408 0.0
10117 412 0.0
10543 431 0.0
10580 432 0.0
10742 439 0.0
10806 443 0.0
10860 445 0.0
11005 450 0.0
11045 451 0.0
11447 468 0.0
11774 480 0.0
11906 486 0.0
11914 486 0.0
12037 491 0.0
12114 495 0.0
12106 495 0.0
12270 501 0.0
12393 507 0.0
13445 552 0.0
13454 552 0.0
13627 560 0.0
13802 567 0.0
13928 573 0.0
14336 589 0.0
14668 602 0.0
14899 613 0.0
14924 614 0.0
15661 648 0.0
16116 667 0.0
16123 668 0.0
16165 669 0.0
16336 677 0.0
16506 685 0.0
16609 687 0.0
17006 702 0.0
17669 732 0.0
18487 767 0.0
18573 770 0.0
18670 773 0.0
19072 790 0.0
19127 793 0.0
19695 816 0.0
20123 836 0.0
20277 842 0.0
20268 842 0.0
20389 848 0.0
20844 863 0.0
21556 894 0.0
21654 898 0.0
21767 902 0.0
21804 904 0.0
21883 907 0.0
22265 925 0.0
22506 935 0.0
22550 937 0.0
22904 953 0.0
23012 958 0.0
23257 967 0.0
23344 970 0.0
23587 980 0.0
23807 985 0.0
23797 985 0.0
23860 987 0.0
23947 991 0.0
24047 995 0.0
24155 999 0.0
24287 1004 0.0
24527 1016 0.0
24717 1021 0.0
24922 1031 0.0
25276 1046 0.0
25455 1053 0.0
25627 1058 0.0
25767 1064 0.0
26284 1083 0.0
26759 1107 0.0
27078 1117 0.0
27450 1129 0.0
27550 1133 1.0
27927 1148 0.0
28020 1152 1.0
28171 1158 0.0
28302 1164 0.0
28315 1164 0.0
28755 1180 0.0
28795 1182 0.0
28806 1182 0.0
29238 1200 0.0
29285 1201 0.0
29659 1218 0.0
29662 1219 0.0
29778 1223 0.0
30165 1242 1.0
30270 1248 0.0
30814 1273 0.0
31385 1297 0.0
31473 1300 0.0
2700 107 0.0
8176 333 0.0
14785 606 0.0
16397 679 0.0
19824 823 0.0
20341 845 0.0
30499 1257 0.0
31482 1300 0.0
21 1 1.0
25 1 1.0
32 2 0.0
110 5 0.0
222 10 0.0
284 13 0.0
305 14 0.0
311 15 1.0
318 16 0.0
384 18 0.0
472 21 0.0
622 29 0.0
652 31 1.0
712 33 0.0
737 34 0.0
774 35 0.0
785 36 0.0
857 39 0.0
878 40 1.0
1111 49 0.0
1502 60 0.0
1722 69 0.0
2035 81 0.0
2055 82 0.0
2286 90 0.0
2333 92 0.0
2377 93 0.0
2409 95 0.0
2450 98 0.0
2565 101 0.0
2593 102 0.0
2637 104 0.0
2687 106 0.0
2818 113 0.0
2947 118 0.0
3038 122 0.0
3054 122 0.0
3240 131 0.0
3288 133 0.0
3313 134 0.0
3311 134 0.0
3389 136 0.0
3415 137 0.0
3482 139 0.0
3559 142 0.0
3584 143 0.0
3713 147 0.0
3831 153 0.0
3999 160 0.0
4083 163 0.0
4224 169 0.0
4439 177 0.0
4534 180 0.0
4604 183 0.0
4606 183 0.0
4806 190 0.0
4862 193 0.0
4975 198 0.0
5000 200 0.0
5119 203 0.0
5224 206 0.0
5411 215 0.0
5498 220 0.0
5549 222 0.0
5551 223 0.0
5607 226 0.0
5895 239 0.0
5894 239 0.0
5935 241 0.0
6115 249 0.0
6172 251 0.0
6276 256 1.0
6389 261 0.0
6476 264 0.0
6583 269 1.0
6693 272 0.0
6881 282 0.0
6968 284 0.0
6999 285 0.0
7001 285 0.0
7102 289 0.0
7105 289 0.0
7137 290 0.0
7151 291 0.0
7196 292 0.0
7385 300 0.0
7501 304 0.0
7669 312 0.0
7721 315 0.0
7748 316 0.0
8159 332 0.0
8491 345 0.0
8615 351 0.0
8869 359 1.0
8889 361 1.0
8920 362 0.0
8956 363 1.0
8975 364 0.0
9048 367 0.0
9077 368 0.0
9454 384 0.0
9508 386 0.0
9584 390 0.0
9619 392 0.0
9993 406 1.0
10043 408 0.0
10128 412 0.0
10319 422 0.0
10446 427 0.0
10542 431 0.0
10581 432 0.0
10743 439 0.0
10805 443 0.0
10847 444 0.0
10871 445 0.0
10997 450 0.0
11047 451 0.0
11229 459 0.0
11301 462 0.0
11357 464 0.0
11390 465 0.0
11448 468 0.0
11614 475 0.0
11781 480 0.0
11933 486 0.0
12038 491 0.0
12118 495 0.0
12236 500 0.0
12271 501 0.0
12404 507 0.0
12432 508 1.0
12537 512 0.0
12781 522 1.0
13034 531 0.0
13084 534 0.0
13183 541 0.0
13446 552 0.0
13473 553 0.0
13623 559 1.0
13652 560 0.0
13809 567 0.0
13868 570 0.0
13931 573 0.0
14054 579 0.0
14249 586 0.0
14266 586 0.0
14339 589 0.0
14488 595 0.0
14669 602 0.0
14750 605 0.0
14847 609 0.0
14900 613 0.0
14925 614 0.0
15124 624 0.0
15369 634 0.0
15633 646 0.0
15685 648 0.0
16056 664 0.0
16121 667 0.0
16151 668 0.0
16266 674 0.0
16337 677 0.0
16535 685 0.0
16610 687 0.0
16717 694 1.0
16776 696 0.0
17007 702 0.0
17185 709 0.0
17171 709 0.0
17248 712 0.0
17249 712 0.0
17291 714 1.0
17290 714 1.0
17335 716 0.0
17357 717 0.0
17385 718 0.0
17406 719 0.0
17457 723 1.0
17567 727 0.0
17698 732 0.0
17771 737 1.0
17837 740 0.0
18491 767 0.0
18574 770 0.0
18628 772 0.0
18671 773 0.0
19088 790 0.0
19130 793 0.0
19345 800 0.0
19603 810 0.0
19696 816 0.0
19830 823 0.0
20094 834 0.0
20122 836 0.0
20238 841 0.0
20390 848 0.0
20593 858 0.0
20787 861 0.0
20830 862 1.0
20836 863 0.0
21035 869 0.0
21135 874 0.0
21325 882 0.0
21471 889 0.0
21497 890 0.0
21578 894 0.0
21665 898 0.0
21768 902 0.0
21805 904 0.0
21875 907 0.0
22283 925 0.0
22555 937 0.0
22602 939 0.0
22677 943 1.0
22796 948 0.0
22836 950 0.0
22900 953 0.0
23018 958 0.0
23059 960 0.0
23249 967 0.0
23345 970 0.0
23383 971 0.0
23427 974 1.0
23591 980 0.0
23676 983 0.0
23818 985 0.0
23819 985 0.0
23808 985 0.0
23858 987 0.0
23948 991 0.0
24048 995 0.0
24156 999 0.0
24267 1004 0.0
24324 1006 0.0
24554 1016 0.0
24728 1021 0.0
24923 1031 0.0
25088 1038 0.0
25130 1040 0.0
25277 1046 0.0
25364 1050 0.0
25379 1050 0.0
25456 1053 0.0
25628 1058 0.0
25768 1064 0.0
25803 1065 0.0
25929 1067 0.0
25993 1069 0.0
26060 1072 0.0
26067 1073 1.0
26196 1079 0.0
26203 1080 0.0
26285 1083 0.0
26397 1089 1.0
26665 1103 0.0
26687 1103 0.0
26713 1104 0.0
26784 1107 0.0
27080 1117 0.0
27451 1129 0.0
27533 1133 1.0
27586 1135 0.0
27758 1142 0.0
27928 1148 0.0
28003 1151 0.0
28005 1151 0.0
28034 1152 1.0
28149 1157 0.0
28182 1158 0.0
28237 1160 0.0
28345 1165 0.0
28380 1167 0.0
28398 1168 0.0
28558 1174 0.0
28591 1175 0.0
28676 1178 0.0
28758 1180 0.0
28782 1181 0.0
28797 1182 0.0
28918 1186 0.0
29082 1193 0.0
29192 1198 0.0
29196 1199 0.0
29244 1200 0.0
29286 1201 0.0
29661 1218 0.0
29663 1219 0.0
29779 1223 0.0
29864 1227 1.0
29861 1227 1.0
30135 1242 1.0
30170 1243 1.0
30266 1248 0.0
30314 1250 1.0
30577 1261 0.0
30594 1262 0.0
30717 1268 0.0
30815 1273 0.0
31118 1285 0.0
31198 1289 0.0
31297 1293 0.0
31386 1297 0.0
31474 1300 0.0
31570 1303 1.0
31577 1304 1.0
31573 1304 1.0
31726 1311 0.0
 fin motif
# 2 target:1 c+:6 c-:33 score:114.20732544357027 score+:525.4934958646285 score-:137.1885893564895 nb:4 =l_1c_17 l_1c_19 l_1c_18 l_1c_0 
6071 247 0.0
27375 1127 0.0
29857 1226 0.0
307 15 1.0
387 18 0.0
1151 51 0.0
2024 81 0.0
5342 212 1.0
5343 212 1.0
5908 240 0.0
6064 246 0.0
6519 265 0.0
7563 307 0.0
10167 414 1.0
10797 442 0.0
11131 454 1.0
11430 467 0.0
11822 482 0.0
11947 487 0.0
15135 624 0.0
17369 718 0.0
19155 794 0.0
19306 798 0.0
19978 829 0.0
20953 866 0.0
21146 874 0.0
22131 918 0.0
22372 930 0.0
22660 942 0.0
23473 975 0.0
23880 988 0.0
25219 1043 0.0
25817 1066 0.0
26063 1073 1.0
26503 1095 0.0
27699 1139 0.0
29464 1210 0.0
29647 1218 0.0
30184 1244 0.0
31337 1294 1.0
 fin motif
# 3 target:1 c+:17 c-:249 score:93.01820803886207 score+:1385.1395596253187 score-:901.4448778232361 nb:7 =l_1c_6 l_1c_14 l_1c_11 l_1c_10 l_1c_16 l_1c_5 l_1c_13 
29 2 0.0
113 5 0.0
203 10 0.0
301 14 0.0
310 15 1.0
347 17 0.0
617 29 0.0
1114 49 0.0
2260 89 0.0
2332 92 0.0
2562 101 0.0
2750 110 1.0
2936 118 0.0
3033 121 0.0
3037 122 0.0
3284 133 0.0
3306 134 0.0
3359 135 0.0
3391 137 0.0
3421 138 0.0
3481 139 0.0
3561 143 0.0
3830 153 0.0
3996 160 0.0
4344 173 0.0
4347 174 0.0
4509 180 0.0
4565 182 0.0
4605 183 0.0
4974 198 0.0
5250 208 0.0
5397 215 0.0
5606 226 0.0
5710 230 0.0
6279 256 1.0
6302 257 0.0
6501 265 0.0
6577 268 0.0
6765 276 0.0
6828 280 0.0
7000 285 0.0
7192 292 0.0
7566 308 1.0
7862 319 0.0
8080 329 0.0
8139 331 0.0
8456 344 0.0
8490 345 0.0
8594 350 1.0
8983 364 0.0
9479 385 0.0
9487 386 0.0
10316 422 0.0
10721 439 0.0
10846 444 0.0
10978 449 0.0
11254 461 0.0
11299 462 0.0
11391 465 0.0
11483 470 0.0
11605 474 0.0
11703 478 0.0
12016 491 0.0
12233 500 0.0
12274 501 0.0
12429 508 1.0
12535 512 0.0
12574 513 1.0
12727 520 0.0
13031 531 0.0
13049 533 0.0
13085 534 0.0
13178 541 0.0
13268 546 0.0
13867 570 0.0
14038 578 0.0
14067 579 0.0
14228 585 0.0
14248 586 0.0
14281 587 0.0
14321 589 0.0
14747 605 0.0
14817 608 0.0
14845 609 0.0
14986 617 0.0
15111 623 0.0
15120 624 0.0
15171 626 0.0
15632 646 0.0
15688 649 0.0
15759 652 0.0
15955 659 0.0
16008 661 0.0
16653 689 0.0
16773 696 0.0
17170 709 0.0
17216 710 1.0
17316 716 0.0
17337 717 0.0
17382 718 0.0
17388 719 0.0
17563 727 0.0
17891 743 0.0
18130 754 0.0
18319 762 0.0
18581 770 0.0
18624 772 0.0
18780 777 0.0
19120 793 0.0
19343 800 0.0
19497 806 0.0
19553 808 0.0
19579 809 0.0
19601 810 0.0
19699 816 0.0
19785 820 0.0
19963 828 0.0
20067 833 0.0
20091 834 0.0
20237 841 0.0
20256 842 0.0
20280 843 0.0
20567 857 0.0
20982 867 0.0
21132 874 0.0
21353 884 0.0
21438 888 0.0
21470 889 0.0
21496 890 0.0
21874 907 0.0
21954 910 0.0
22601 939 0.0
22627 941 0.0
22858 952 0.0
22910 954 0.0
23017 958 0.0
23021 959 0.0
23382 971 0.0
23409 973 0.0
23467 975 0.0
23563 979 0.0
23924 990 0.0
24075 996 0.0
24140 999 0.0
24487 1014 0.0
24534 1016 0.0
24746 1022 0.0
24897 1029 0.0
24903 1030 1.0
25119 1040 0.0
25215 1043 0.0
25363 1050 0.0
25481 1054 0.0
25605 1058 0.0
25712 1062 0.0
25802 1065 0.0
26057 1072 0.0
26193 1079 0.0
26200 1080 0.0
26288 1083 0.0
26570 1097 0.0
26601 1100 0.0
26714 1104 0.0
27035 1116 0.0
27428 1129 0.0
27673 1138 0.0
27757 1142 0.0
27919 1148 0.0
28073 1154 0.0
28114 1156 0.0
28148 1157 0.0
28236 1160 0.0
28322 1164 0.0
28344 1165 0.0
28368 1167 0.0
28397 1168 0.0
28467 1170 0.0
28472 1171 0.0
28557 1174 0.0
28675 1178 0.0
28870 1185 0.0
29391 1205 0.0
30052 1236 0.0
30212 1245 0.0
30572 1261 0.0
30593 1262 0.0
30713 1268 0.0
30719 1269 0.0
30822 1274 0.0
31187 1289 0.0
31285 1292 0.0
31295 1293 0.0
31317 1294 1.0
31420 1298 0.0
31485 1301 0.0
31579 1305 0.0
31720 1311 0.0
4506 179 0.0
4601 183 0.0
4817 190 0.0
4949 197 0.0
5731 231 0.0
8840 358 0.0
9090 368 0.0
9321 379 0.0
10475 428 0.0
12530 511 0.0
13206 542 0.0
18718 775 0.0
19067 789 0.0
19825 823 0.0
21680 898 0.0
24742 1021 0.0
24935 1031 0.0
29056 1192 0.0
29675 1219 0.0
29792 1223 0.0
29860 1227 1.0
31574 1304 1.0
32 2 0.0
305 14 0.0
311 15 1.0
472 21 0.0
622 29 0.0
2333 92 0.0
2565 101 0.0
2947 118 0.0
3038 122 0.0
3054 122 0.0
3288 133 0.0
3313 134 0.0
3482 139 0.0
3831 153 0.0
3999 160 0.0
4604 183 0.0
4606 183 0.0
4861 193 0.0
4862 193 0.0
4975 198 0.0
5000 200 0.0
5411 215 0.0
5498 220 0.0
5549 222 0.0
5551 223 0.0
5607 226 0.0
5935 241 0.0
6693 272 0.0
6999 285 0.0
7001 285 0.0
7196 292 0.0
7748 316 0.0
8491 345 0.0
8787 357 0.0
9508 386 0.0
9619 392 0.0
10319 422 0.0
10624 434 0.0
10847 444 0.0
11229 459 0.0
11301 462 0.0
11357 464 0.0
11390 465 0.0
12236 500 0.0
12432 508 1.0
12537 512 0.0
13034 531 0.0
13084 534 0.0
13183 541 0.0
13473 553 0.0
13868 570 0.0
14054 579 0.0
14249 586 0.0
14266 586 0.0
14488 595 0.0
14750 605 0.0
14847 609 0.0
15124 624 0.0
15369 634 0.0
15633 646 0.0
16056 664 0.0
16266 674 0.0
16776 696 0.0
17185 709 0.0
17171 709 0.0
17248 712 0.0
17335 716 0.0
17357 717 0.0
17385 718 0.0
17406 719 0.0
17567 727 0.0
17837 740 0.0
18628 772 0.0
18717 775 0.0
19345 800 0.0
19603 810 0.0
19830 823 0.0
20094 834 0.0
20238 841 0.0
20787 861 0.0
21035 869 0.0
21135 874 0.0
21471 889 0.0
21497 890 0.0
21875 907 0.0
21936 909 0.0
22602 939 0.0
22796 948 0.0
22836 950 0.0
23018 958 0.0
23383 971 0.0
23676 983 0.0
24324 1006 0.0
24554 1016 0.0
25088 1038 0.0
25130 1040 0.0
25364 1050 0.0
25379 1050 0.0
25803 1065 0.0
25929 1067 0.0
25993 1069 0.0
26060 1072 0.0
26067 1073 1.0
26196 1079 0.0
26203 1080 0.0
26397 1089 1.0
26665 1103 0.0
26713 1104 0.0
27758 1142 0.0
28005 1151 0.0
28149 1157 0.0
28237 1160 0.0
28345 1165 0.0
28380 1167 0.0
28398 1168 0.0
28558 1174 0.0
28591 1175 0.0
28676 1178 0.0
28782 1181 0.0
29054 1192 0.0
29082 1193 0.0
29192 1198 0.0
30170 1243 1.0
30266 1248 0.0
30577 1261 0.0
30594 1262 0.0
30717 1268 0.0
31198 1289 0.0
31297 1293 0.0
31570 1303 1.0
31726 1311 0.0
114 5 0.0
223 10 0.0
358 17 0.0
1115 49 0.0
2096 83 0.0
2261 89 0.0
2749 110 1.0
2984 119 0.0
3034 121 0.0
3360 135 0.0
3392 137 0.0
3422 138 0.0
3562 143 0.0
4345 173 0.0
4346 174 0.0
4510 180 0.0
4566 182 0.0
5267 208 0.0
5730 230 0.0
6280 256 1.0
6303 257 0.0
6502 265 0.0
6578 268 0.0
6766 276 0.0
6847 280 0.0
7567 308 1.0
7863 319 0.0
8096 329 0.0
8140 331 0.0
8457 344 0.0
8596 350 1.0
8984 364 0.0
9480 385 0.0
10722 439 0.0
10992 449 0.0
11255 461 0.0
11484 470 0.0
11606 474 0.0
11708 478 0.0
12017 491 0.0
12275 501 0.0
12575 513 1.0
12728 520 0.0
12786 522 1.0
13048 533 0.0
13269 546 0.0
14039 578 0.0
14229 585 0.0
14280 587 0.0
14355 589 0.0
14836 608 0.0
14985 617 0.0
15112 623 0.0
15173 626 0.0
15710 649 0.0
15778 652 0.0
15957 659 0.0
16010 661 0.0
16655 689 0.0
17217 710 1.0
17905 743 0.0
18131 754 0.0
18320 762 0.0
18583 770 0.0
18782 777 0.0
19122 793 0.0
19498 806 0.0
19554 808 0.0
19580 809 0.0
19700 816 0.0
19786 820 0.0
19965 828 0.0
20068 833 0.0
20257 842 0.0
20296 843 0.0
20568 857 0.0
20983 867 0.0
21356 884 0.0
21439 888 0.0
21958 910 0.0
22251 924 0.0
22646 941 0.0
22859 952 0.0
22926 954 0.0
23033 959 0.0
23410 973 0.0
23469 975 0.0
23564 979 0.0
23925 990 0.0
24076 996 0.0
24167 999 0.0
24389 1009 0.0
24488 1014 0.0
24758 1022 0.0
24898 1029 0.0
24902 1030 1.0
25214 1043 0.0
25482 1054 0.0
25606 1058 0.0
25711 1062 0.0
26289 1083 0.0
26572 1097 0.0
26600 1100 0.0
27037 1116 0.0
27429 1129 0.0
27674 1138 0.0
27920 1148 0.0
28074 1154 0.0
28131 1156 0.0
28323 1164 0.0
28468 1170 0.0
28473 1171 0.0
28871 1185 0.0
29393 1205 0.0
30054 1236 0.0
30213 1245 0.0
30720 1269 0.0
30823 1274 0.0
31007 1281 0.0
31290 1292 0.0
31338 1294 1.0
31421 1298 0.0
31511 1301 0.0
31580 1305 0.0
 fin motif
# 4 target:1 c+:38 c-:745 score:67.49491283144698 score+:5066.320240012491 score-:4553.3589024934945 nb:11 =l_1c_12 l_1c_9 l_1c_13 l_1c_0 l_1c_4 l_1c_11 l_1c_10 l_1c_2 l_1c_5 l_1c_16 l_1c_18 
10 0 0.0
40 2 0.0
59 3 0.0
86 4 0.0
117 5 0.0
127 6 0.0
128 6 0.0
174 7 0.0
199 9 0.0
206 10 0.0
225 11 0.0
281 13 0.0
270 13 0.0
323 16 0.0
344 17 0.0
427 19 0.0
441 20 0.0
489 22 0.0
515 24 0.0
538 25 0.0
574 27 0.0
595 28 0.0
623 29 0.0
687 33 0.0
760 35 0.0
800 36 0.0
790 36 0.0
838 38 0.0
898 41 0.0
930 42 0.0
937 43 0.0
994 45 0.0
1095 48 0.0
1118 49 0.0
1155 51 0.0
1185 52 0.0
1284 54 0.0
1410 58 0.0
1460 59 0.0
1491 60 0.0
1494 60 0.0
1513 61 0.0
1607 64 0.0
1641 65 0.0
1666 66 0.0
1650 66 0.0
1683 67 0.0
1781 71 0.0
1816 72 0.0
1825 73 0.0
1896 76 0.0
1913 78 0.0
2018 81 0.0
2171 86 0.0
2250 89 0.0
2274 90 0.0
2295 91 0.0
2343 92 0.0
2359 93 0.0
2415 95 0.0
2439 97 0.0
2553 101 0.0
2609 103 0.0
2647 105 0.0
2762 110 1.0
2780 111 0.0
2796 112 0.0
2829 113 0.0
2846 114 0.0
2888 116 0.0
2981 119 0.0
3020 121 0.0
3096 124 0.0
3105 125 0.0
3129 127 0.0
3173 129 1.0
3246 132 0.0
3301 134 0.0
3334 135 0.0
3352 135 0.0
3377 136 0.0
3396 137 0.0
3443 138 0.0
3537 142 0.0
3567 143 0.0
3653 145 0.0
3677 146 0.0
3701 147 0.0
3722 148 0.0
3746 149 0.0
3818 151 0.0
3823 152 0.0
3848 154 0.0
3927 157 0.0
3974 159 0.0
3984 160 0.0
4112 164 0.0
4146 166 0.0
4255 170 0.0
4284 171 0.0
4357 174 0.0
4408 176 0.0
4456 178 0.0
4514 180 0.0
4570 182 0.0
4639 184 0.0
4678 186 0.0
4756 188 0.0
4780 189 0.0
4763 189 0.0
4825 191 0.0
4840 192 0.0
4871 194 0.0
4889 195 0.0
4936 197 0.0
4959 198 0.0
4978 199 0.0
5094 202 0.0
5235 207 0.0
5263 208 0.0
5296 210 0.0
5312 211 0.0
5360 213 0.0
5450 217 0.0
5476 218 0.0
5484 219 0.0
5495 220 0.0
5540 222 0.0
5591 225 0.0
5643 227 0.0
5733 231 0.0
5758 232 0.0
5767 233 0.0
5773 233 0.0
5802 234 0.0
5814 235 0.0
5859 237 0.0
5926 240 0.0
5988 243 0.0
6053 245 0.0
6097 248 0.0
6121 249 0.0
6214 253 1.0
6236 254 0.0
6283 256 1.0
6309 258 0.0
6333 259 0.0
6399 261 0.0
6423 262 0.0
6508 265 0.0
6543 266 0.0
6548 267 0.0
6566 268 0.0
6587 269 1.0
6619 270 0.0
6710 274 0.0
6760 276 0.0
6770 277 0.0
6840 280 0.0
6864 281 0.0
6854 281 0.0
6944 283 0.0
7169 292 0.0
7229 294 0.0
7252 295 0.0
7259 296 0.0
7333 298 0.0
7425 301 0.0
7427 302 0.0
7447 302 0.0
7452 303 0.0
7502 304 0.0
7498 304 0.0
7508 305 0.0
7588 308 1.0
7594 309 0.0
7626 310 0.0
7632 311 0.0
7657 312 0.0
7699 314 0.0
7821 317 0.0
7842 318 0.0
7857 319 0.0
7874 320 0.0
7924 321 0.0
7965 324 0.0
7977 325 0.0
8026 326 0.0
8050 327 0.0
8059 328 0.0
8088 329 0.0
8125 331 0.0
8166 333 0.0
8191 334 0.0
8235 336 0.0
8283 337 0.0
8349 340 0.0
8380 341 0.0
8449 343 0.0
8461 344 0.0
8486 345 0.0
8537 347 0.0
8546 348 0.0
8569 349 0.0
8597 350 1.0
8603 351 0.0
8673 353 0.0
8708 354 0.0
8761 356 0.0
8851 359 1.0
8884 360 0.0
8906 361 1.0
8967 364 0.0
8995 365 0.0
8999 366 0.0
9041 367 0.0
9035 367 0.0
9080 368 0.0
9151 371 0.0
9163 372 0.0
9196 373 0.0
9217 374 1.0
9255 376 0.0
9304 378 0.0
9330 379 0.0
9344 380 0.0
9358 381 0.0
9396 382 0.0
9467 385 0.0
9490 386 0.0
9528 387 0.0
9561 389 0.0
9571 390 0.0
9626 392 0.0
9666 394 0.0
9692 395 0.0
9724 396 0.0
9758 399 0.0
9861 402 0.0
9879 403 0.0
9941 404 0.0
9964 405 0.0
9976 406 1.0
10016 407 0.0
10052 409 0.0
10086 410 0.0
10106 412 0.0
10188 416 0.0
10202 417 0.0
10224 418 0.0
10255 419 0.0
10267 420 0.0
10309 421 0.0
10329 422 0.0
10341 423 0.0
10371 424 0.0
10431 426 0.0
10455 427 0.0
10504 429 0.0
10559 431 0.0
10572 432 0.0
10587 432 0.0
10599 433 0.0
10668 435 0.0
10662 435 0.0
10679 436 0.0
10692 437 0.0
10710 438 0.0
10726 439 0.0
10778 441 0.0
10822 443 0.0
10854 444 0.0
10900 446 0.0
10917 447 0.0
10966 448 0.0
10987 449 0.0
11070 452 0.0
11140 455 0.0
11172 457 0.0
11311 463 0.0
11362 464 0.0
11380 465 0.0
11413 466 0.0
11425 467 0.0
11440 468 0.0
11497 470 0.0
11520 471 0.0
11533 472 0.0
11589 474 0.0
11629 475 0.0
11709 478 0.0
11748 479 0.0
11765 480 0.0
11791 481 0.0
11842 483 0.0
11854 484 0.0
11989 489 0.0
12002 490 0.0
12021 491 0.0
12039 492 0.0
12060 493 0.0
12151 496 1.0
12172 497 0.0
12177 498 0.0
12218 499 0.0
12251 500 0.0
12278 501 0.0
12298 503 0.0
12340 505 0.0
12345 506 0.0
12449 508 1.0
12469 509 0.0
12497 510 0.0
12555 512 0.0
12562 513 1.0
12613 516 0.0
12656 517 0.0
12700 518 0.0
12755 521 0.0
12810 523 0.0
12818 524 0.0
12826 524 0.0
12855 525 0.0
12882 527 0.0
12931 528 0.0
13025 531 0.0
13060 533 0.0
13094 535 0.0
13132 538 0.0
13144 539 0.0
13167 541 0.0
13223 543 0.0
13263 545 0.0
13273 546 0.0
13296 547 0.0
13326 548 0.0
13397 551 0.0
13505 555 0.0
13549 557 0.0
13605 559 1.0
13659 561 0.0
13691 562 0.0
13733 564 0.0
13758 565 0.0
13793 567 0.0
13818 568 0.0
13884 571 0.0
13912 573 0.0
13973 575 0.0
13996 576 0.0
14017 577 0.0
14168 582 0.0
14175 583 1.0
14225 585 0.0
14293 587 0.0
14330 589 0.0
14465 594 0.0
14501 596 0.0
14517 597 0.0
14572 598 0.0
14616 600 0.0
14656 602 0.0
14757 605 0.0
14754 605 0.0
14775 606 0.0
14798 607 0.0
14814 608 0.0
14841 609 0.0
14869 611 0.0
14910 614 0.0
14949 615 0.0
14965 616 0.0
14989 617 0.0
15051 621 0.0
15109 623 0.0
15142 624 0.0
15150 625 0.0
15185 626 0.0
15196 627 0.0
15258 629 0.0
15265 630 0.0
15298 631 1.0
15413 636 0.0
15441 637 0.0
15476 639 0.0
15495 640 0.0
15527 642 0.0
15578 644 0.0
15691 649 0.0
15720 650 0.0
15735 651 0.0
15776 652 0.0
15832 653 0.0
15843 654 0.0
15864 655 0.0
15862 655 0.0
15919 657 0.0
15937 658 0.0
16011 662 0.0
16046 664 0.0
16083 666 0.0
16109 667 0.0
16198 672 0.0
16255 674 0.0
16314 676 0.0
16390 679 0.0
16430 680 0.0
16444 681 0.0
16461 682 0.0
16505 684 0.0
16586 686 0.0
16600 687 0.0
16630 688 0.0
16640 689 0.0
16691 692 0.0
16736 694 1.0
16755 695 0.0
16767 696 0.0
16956 700 0.0
16989 702 0.0
17016 703 0.0
17037 704 0.0
17084 706 0.0
17110 707 0.0
17150 708 0.0
17204 710 1.0
17296 714 1.0
17305 715 0.0
17306 715 0.0
17326 716 0.0
17342 717 0.0
17378 718 0.0
17401 719 0.0
17414 721 0.0
17444 722 0.0
17471 723 1.0
17498 724 0.0
17554 726 0.0
17575 727 0.0
17581 727 0.0
17736 734 0.0
17790 738 1.0
17859 742 0.0
17933 745 0.0
17975 747 0.0
17990 748 0.0
18058 750 0.0
18067 751 0.0
18105 752 0.0
18134 754 0.0
18201 756 0.0
18231 757 0.0
18254 758 0.0
18261 759 0.0
18297 760 0.0
18300 761 0.0
18323 762 0.0
18420 764 0.0
18443 765 0.0
18514 768 0.0
18566 770 0.0
18622 772 0.0
18756 777 0.0
18799 778 0.0
18809 779 0.0
18870 781 0.0
18883 782 0.0
18920 783 0.0
18940 784 0.0
18973 785 0.0
19002 787 0.0
19079 790 0.0
19098 791 0.0
19104 792 0.0
19117 793 0.0
19159 794 0.0
19197 795 0.0
19229 796 0.0
19265 797 0.0
19292 798 0.0
19310 799 0.0
19350 800 0.0
19366 800 0.0
19375 801 0.0
19402 803 0.0
19447 804 0.0
19452 804 0.0
19475 805 0.0
19460 805 0.0
19485 806 0.0
19543 808 0.0
19566 809 0.0
19592 810 0.0
19663 814 0.0
19673 815 0.0
19703 816 0.0
19708 817 0.0
19746 818 0.0
19806 822 1.0
19827 823 0.0
19850 824 0.0
19893 825 0.0
19916 826 0.0
19946 827 0.0
20006 830 0.0
20027 831 1.0
20039 832 0.0
20076 833 0.0
20113 834 0.0
20136 836 0.0
20167 837 0.0
20220 840 0.0
20225 841 0.0
20260 842 0.0
20284 843 0.0
20355 847 0.0
20393 848 0.0
20410 849 0.0
20435 850 0.0
20520 854 0.0
20571 857 0.0
20606 858 0.0
20658 859 0.0
20732 860 0.0
20818 862 1.0
20970 867 0.0
21044 870 0.0
21055 871 0.0
21154 874 0.0
21182 875 0.0
21223 877 1.0
21237 878 0.0
21259 879 0.0
21274 880 0.0
21292 881 0.0
21311 882 0.0
21331 883 0.0
21364 884 0.0
21395 885 0.0
21410 886 0.0
21429 887 0.0
21445 888 0.0
21476 890 0.0
21514 891 0.0
21500 891 0.0
21541 893 0.0
21575 894 0.0
21588 895 0.0
21633 897 0.0
21685 899 0.0
21713 900 0.0
21729 901 0.0
21755 902 0.0
21842 905 0.0
21852 906 0.0
21927 908 1.0
21945 910 0.0
21999 912 0.0
22016 913 1.0
22045 914 0.0
22065 915 0.0
22098 916 0.0
22187 921 0.0
22223 923 0.0
22248 924 0.0
22271 925 0.0
22299 926 1.0
22328 928 0.0
22376 930 0.0
22405 931 0.0
22439 932 0.0
22494 935 0.0
22539 937 0.0
22616 940 0.0
22639 941 0.0
22687 944 0.0
22710 945 0.0
22745 946 0.0
22764 947 0.0
22793 948 0.0
22812 949 0.0
22821 950 0.0
22864 952 0.0
22888 953 0.0
22915 954 0.0
22959 956 0.0
23048 960 0.0
23184 963 0.0
23206 964 0.0
23223 965 0.0
23236 966 0.0
23302 969 0.0
23351 970 0.0
23358 971 0.0
23400 972 0.0
23415 973 0.0
23441 974 1.0
23491 976 0.0
23504 977 0.0
23570 980 0.0
23602 981 0.0
23627 982 0.0
23737 983 0.0
23756 984 0.0
23824 986 0.0
23856 987 0.0
23868 988 0.0
23895 989 0.0
23911 990 0.0
23986 992 0.0
23987 992 0.0
24009 993 0.0
24032 994 1.0
24070 995 0.0
24073 995 0.0
24083 996 0.0
24132 998 0.0
24145 999 0.0
24203 1001 0.0
24240 1003 0.0
24271 1004 0.0
24292 1005 0.0
24327 1006 0.0
24347 1007 0.0
24379 1008 0.0
24400 1009 0.0
24438 1011 0.0
24468 1013 0.0
24502 1014 0.0
24523 1015 0.0
24561 1017 0.0
24594 1018 1.0
24675 1019 0.0
24701 1020 0.0
24774 1023 0.0
24789 1024 0.0
24839 1025 0.0
24858 1027 0.0
24901 1029 0.0
24889 1029 0.0
24913 1030 1.0
24964 1033 0.0
24982 1034 0.0
25001 1035 0.0
25009 1036 0.0
25092 1038 0.0
25125 1040 0.0
25154 1041 0.0
25239 1044 0.0
25317 1048 0.0
25460 1053 0.0
25468 1054 0.0
25494 1055 0.0
25522 1056 0.0
25576 1057 0.0
25609 1058 0.0
25658 1059 0.0
25663 1060 0.0
25728 1062 0.0
25739 1063 0.0
25780 1064 0.0
25791 1065 0.0
25814 1066 0.0
26077 1074 0.0
26104 1075 0.0
26162 1078 0.0
26219 1080 0.0
26262 1082 0.0
26286 1083 0.0
26304 1084 0.0
26339 1086 0.0
26357 1087 0.0
26420 1091 0.0
26431 1092 0.0
26498 1095 0.0
26518 1096 0.0
26559 1097 0.0
26586 1098 0.0
26672 1103 0.0
26752 1106 0.0
26762 1107 0.0
26806 1108 0.0
26846 1109 0.0
26884 1110 0.0
26909 1111 0.0
26937 1112 0.0
26984 1114 0.0
27024 1116 0.0
27068 1117 0.0
27106 1118 0.0
27154 1120 0.0
27274 1123 0.0
27356 1126 1.0
27388 1127 0.0
27433 1129 0.0
27475 1131 0.0
27491 1132 0.0
27536 1133 1.0
27608 1136 0.0
27623 1137 0.0
27678 1138 0.0
27694 1139 0.0
27772 1142 0.0
27779 1143 0.0
27792 1143 0.0
27911 1148 0.0
27990 1151 0.0
28014 1152 1.0
28118 1156 0.0
28208 1159 0.0
28221 1160 0.0
28244 1161 0.0
28295 1163 0.0
28325 1164 0.0
28346 1165 0.0
28350 1166 0.0
28385 1168 0.0
28486 1171 0.0
28529 1172 0.0
28542 1173 0.0
28550 1174 0.0
28581 1175 0.0
28626 1176 0.0
28664 1178 0.0
28721 1179 0.0
28759 1180 0.0
28779 1181 0.0
28831 1183 0.0
28846 1184 0.0
28875 1185 0.0
28895 1186 0.0
28940 1187 0.0
28952 1188 0.0
28987 1189 0.0
29036 1191 0.0
29066 1192 0.0
29086 1193 0.0
29106 1195 0.0
29211 1199 0.0
29270 1201 0.0
29298 1202 0.0
29360 1204 0.0
29435 1209 0.0
29434 1209 0.0
29467 1210 0.0
29498 1211 0.0
29516 1212 0.0
29523 1213 0.0
29524 1213 0.0
29557 1214 0.0
29578 1215 0.0
29622 1217 0.0
29641 1218 0.0
29706 1220 0.0
29714 1221 0.0
29751 1222 0.0
29808 1224 0.0
29829 1225 0.0
29874 1228 0.0
29915 1231 0.0
29951 1232 0.0
29943 1232 0.0
29959 1233 0.0
29958 1233 0.0
29973 1234 0.0
30009 1235 0.0
30031 1236 0.0
30068 1237 0.0
30075 1238 0.0
30106 1240 0.0
30128 1241 0.0
30151 1242 1.0
30191 1244 0.0
30216 1245 0.0
30220 1246 0.0
30240 1247 0.0
30279 1249 0.0
30412 1254 0.0
30472 1256 0.0
30521 1258 0.0
30543 1259 0.0
30553 1261 0.0
30581 1262 0.0
30597 1263 0.0
30611 1264 0.0
30656 1266 0.0
30676 1267 0.0
30692 1268 0.0
30733 1269 0.0
30782 1271 0.0
30827 1274 0.0
30940 1278 0.0
30980 1280 0.0
31000 1281 0.0
31039 1283 0.0
31075 1284 0.0
31120 1285 0.0
31136 1286 0.0
31149 1287 0.0
31171 1288 0.0
31263 1291 0.0
31278 1292 0.0
31314 1293 0.0
31320 1294 1.0
31352 1295 0.0
31368 1296 0.0
31424 1298 0.0
31446 1299 0.0
31462 1300 0.0
31491 1301 0.0
31555 1302 0.0
31586 1305 0.0
31613 1306 0.0
31653 1309 0.0
 fin motif
# 5 target:1 c+:3 c-:39 score:41.16408271053155 score+:313.07788247517226 score-:173.12000125936495 nb:4 =l_1c_3 l_1c_17 l_1c_18 l_1c_0 
1997 80 0.0
5737 231 0.0
5741 231 0.0
7180 292 0.0
8499 345 0.0
9324 379 0.0
9325 379 0.0
18641 772 0.0
19022 787 0.0
19516 807 0.0
19669 815 0.0
23996 993 0.0
23994 993 0.0
25506 1055 0.0
26142 1077 0.0
27420 1128 0.0
30703 1268 0.0
31128 1286 0.0
11122 454 1.0
29857 1226 0.0
156 7 0.0
2222 87 0.0
3842 153 0.0
4992 199 0.0
5008 201 1.0
6122 249 0.0
10192 416 0.0
10476 428 0.0
11131 454 1.0
11135 455 0.0
12466 509 0.0
13370 550 0.0
16972 701 0.0
17960 746 0.0
18935 784 0.0
19023 787 0.0
20493 852 0.0
20558 856 0.0
21740 901 0.0
21791 903 0.0
23174 963 0.0
27367 1126 1.0
28327 1165 0.0
29025 1191 0.0
29617 1217 0.0
30020 1235 0.0
30290 1249 0.0
 fin motif
# 6 target:1 c+:3 c-:3 score:39.724082807248024 score+:302.3699900698748 score-:24.30141041913868 nb:10 =l_1c_17 l_1c_1 l_1c_0 l_1c_4 l_1c_10 l_1c_18 l_1c_16 l_1c_5 l_1c_8 l_1c_19 
307 15 1.0
5343 212 1.0
6064 246 0.0
11430 467 0.0
11822 482 0.0
31337 1294 1.0
 fin motif
# 7 target:1 c+:42 c-:988 score:36.639521894998325 score+:5019.645464070747 score-:4719.2013845317615 nb:12 =l_1c_15 l_1c_10 l_1c_8 l_1c_11 l_1c_9 l_1c_2 l_1c_5 l_1c_13 l_1c_0 l_1c_4 l_1c_16 l_1c_18 
6 0 0.0
26 2 0.0
53 3 0.0
71 4 0.0
108 5 0.0
148 6 0.0
168 7 0.0
188 9 0.0
220 10 0.0
246 12 0.0
262 13 0.0
286 14 0.0
332 16 0.0
345 17 0.0
376 18 0.0
393 19 0.0
446 20 0.0
477 22 0.0
543 25 0.0
588 28 0.0
615 29 0.0
631 30 0.0
655 32 0.0
700 33 0.0
715 34 0.0
770 35 0.0
777 36 0.0
805 37 0.0
842 38 0.0
858 39 0.0
922 42 0.0
936 43 0.0
996 45 0.0
1030 46 0.0
1051 47 0.0
1093 48 0.0
1109 49 0.0
1122 50 0.0
1163 51 0.0
1193 52 0.0
1239 53 0.0
1280 54 0.0
1289 55 0.0
1329 56 0.0
1411 58 0.0
1469 59 0.0
1485 60 0.0
1520 61 0.0
1544 62 0.0
1564 63 0.0
1622 64 0.0
1637 65 0.0
1659 66 0.0
1698 67 0.0
1714 68 0.0
1732 70 0.0
1792 72 0.0
1838 73 0.0
1841 74 0.0
1858 75 0.0
1872 76 0.0
1949 78 0.0
2012 81 0.0
2056 82 0.0
2068 82 0.0
2102 84 0.0
2154 85 0.0
2172 86 0.0
2226 88 0.0
2257 89 0.0
2284 90 0.0
2331 92 0.0
2372 93 0.0
2398 94 0.0
2414 95 0.0
2431 96 0.0
2438 97 0.0
2474 98 0.0
2526 100 0.0
2545 101 0.0
2574 102 0.0
2610 103 0.0
2622 104 0.0
2641 105 0.0
2663 106 0.0
2691 107 0.0
2736 109 0.0
2767 110 1.0
2774 111 0.0
2797 112 0.0
2824 113 0.0
2856 115 0.0
2878 116 0.0
2918 117 0.0
2933 118 0.0
2969 119 0.0
3000 120 0.0
3022 121 0.0
3051 122 0.0
3117 126 0.0
3135 127 0.0
3162 128 0.0
3177 129 1.0
3207 130 0.0
3225 131 0.0
3256 133 0.0
3293 134 0.0
3328 135 0.0
3365 136 0.0
3413 137 0.0
3430 138 0.0
3484 139 0.0
3487 140 0.0
3553 142 0.0
3582 143 0.0
3639 144 0.0
3645 145 0.0
3684 146 0.0
3691 147 0.0
3711 147 0.0
3718 148 0.0
3748 149 0.0
3791 150 0.0
3810 151 0.0
3827 152 0.0
3829 153 0.0
3881 155 0.0
3899 156 0.0
3919 157 0.0
3936 158 0.0
3960 159 0.0
3992 160 0.0
4059 161 0.0
4068 162 0.0
4084 163 0.0
4135 165 0.0
4158 167 0.0
4203 168 0.0
4210 169 0.0
4261 170 0.0
4264 171 0.0
4317 172 0.0
4328 173 0.0
4352 174 0.0
4407 176 0.0
4421 177 0.0
4457 178 0.0
4500 179 0.0
4532 180 0.0
4546 181 0.0
4582 182 0.0
4589 183 0.0
4668 185 0.0
4677 186 0.0
4743 188 0.0
4774 189 0.0
4810 190 0.0
4819 191 0.0
4850 192 0.0
4876 194 0.0
4890 195 0.0
4910 196 0.0
4937 197 0.0
4969 198 0.0
4977 199 0.0
5023 202 0.0
5100 203 0.0
5212 206 0.0
5242 207 0.0
5265 208 0.0
5272 209 0.0
5294 210 0.0
5325 211 0.0
5333 212 1.0
5354 213 0.0
5388 214 0.0
5398 215 0.0
5427 216 0.0
5458 217 0.0
5477 218 0.0
5485 219 0.0
5503 220 0.0
5530 221 0.0
5547 222 0.0
5555 224 0.0
5583 225 0.0
5622 226 0.0
5650 227 0.0
5658 228 0.0
5713 230 0.0
5757 232 0.0
5780 233 0.0
5815 235 0.0
5844 236 0.0
5860 237 0.0
5884 238 0.0
5888 239 0.0
5917 240 0.0
6033 244 0.0
6061 245 0.0
6088 248 0.0
6113 249 0.0
6131 250 0.0
6157 251 0.0
6215 253 1.0
6235 254 0.0
6274 256 1.0
6317 258 0.0
6342 259 0.0
6384 261 0.0
6422 262 0.0
6466 263 0.0
6490 264 0.0
6500 265 0.0
6536 266 0.0
6547 267 0.0
6565 268 0.0
6584 269 1.0
6612 270 0.0
6657 271 0.0
6699 273 0.0
6711 274 0.0
6731 275 0.0
6749 276 0.0
6775 277 0.0
6799 278 0.0
6827 280 0.0
6862 281 0.0
6897 282 0.0
6946 283 0.0
6954 284 0.0
6996 285 0.0
7074 288 0.0
7115 290 0.0
7138 291 0.0
7195 292 0.0
7210 294 0.0
7248 295 0.0
7271 296 0.0
7324 298 0.0
7345 299 0.0
7370 300 0.0
7404 301 0.0
7434 302 0.0
7459 303 0.0
7489 304 0.0
7512 305 0.0
7524 306 0.0
7572 308 1.0
7590 309 0.0
7627 310 0.0
7647 311 0.0
7650 312 0.0
7680 313 0.0
7700 314 0.0
7707 315 0.0
7831 318 0.0
7856 319 0.0
7864 319 0.0
7868 320 0.0
7911 321 0.0
7942 322 0.0
7966 324 0.0
7979 325 0.0
7985 326 0.0
8046 327 0.0
8072 328 0.0
8112 330 0.0
8128 331 0.0
8171 333 0.0
8196 334 0.0
8246 336 0.0
8262 337 0.0
8351 340 0.0
8371 341 0.0
8405 342 0.0
8436 343 0.0
8475 344 0.0
8487 345 0.0
8526 347 0.0
8567 349 0.0
8595 350 1.0
8613 351 0.0
8639 352 0.0
8683 353 0.0
8704 354 0.0
8722 355 0.0
8765 356 0.0
8844 359 1.0
8895 361 1.0
8936 362 0.0
8976 364 0.0
9009 366 0.0
9049 367 0.0
9036 367 0.0
9057 368 0.0
9150 371 0.0
9162 372 0.0
9186 373 0.0
9204 374 1.0
9231 375 0.0
9252 376 0.0
9277 377 0.0
9301 378 0.0
9331 379 0.0
9350 380 0.0
9354 381 0.0
9405 383 0.0
9433 384 0.0
9481 385 0.0
9502 386 0.0
9530 387 0.0
9540 388 0.0
9558 389 0.0
9585 390 0.0
9630 392 0.0
9640 393 0.0
9682 394 0.0
9698 395 0.0
9728 397 0.0
9773 400 0.0
9848 402 0.0
9892 403 0.0
9943 404 0.0
9989 406 1.0
10011 407 0.0
10033 408 0.0
10050 409 0.0
10075 410 0.0
10097 411 0.0
10118 412 0.0
10132 413 0.0
10165 414 1.0
10187 416 0.0
10201 417 0.0
10226 418 0.0
10250 419 0.0
10268 420 0.0
10297 421 0.0
10312 422 0.0
10353 423 0.0
10383 424 0.0
10417 425 0.0
10456 427 0.0
10488 429 0.0
10523 430 0.0
10548 431 0.0
10582 432 0.0
10609 433 0.0
10652 435 0.0
10682 436 0.0
10687 437 0.0
10704 438 0.0
10741 439 0.0
10751 440 0.0
10769 441 0.0
10803 442 0.0
10811 443 0.0
10841 444 0.0
10857 445 0.0
10906 446 0.0
10940 447 0.0
10962 448 0.0
10961 448 0.0
10981 449 0.0
10993 450 0.0
11034 451 0.0
11088 452 0.0
11099 453 0.0
11127 454 1.0
11151 455 0.0
11160 456 0.0
11186 457 0.0
11198 458 0.0
11230 459 0.0
11277 462 0.0
11319 463 0.0
11342 464 0.0
11386 465 0.0
11400 466 0.0
11415 467 0.0
11449 468 0.0
11476 469 0.0
11482 470 0.0
11514 471 0.0
11531 472 0.0
11555 473 0.0
11593 474 0.0
11609 475 0.0
11642 476 0.0
11644 476 0.0
11733 478 0.0
11747 479 0.0
11773 480 0.0
11800 481 0.0
11833 483 0.0
11864 484 0.0
11888 485 0.0
11920 486 0.0
11940 487 0.0
11954 488 0.0
12001 490 0.0
12036 491 0.0
12043 492 0.0
12082 494 0.0
12103 495 0.0
12134 496 1.0
12171 497 0.0
12181 498 0.0
12221 499 0.0
12229 500 0.0
12269 501 0.0
12331 505 0.0
12390 507 0.0
12437 508 1.0
12425 508 1.0
12471 509 0.0
12495 510 0.0
12518 511 0.0
12531 512 0.0
12576 513 1.0
12614 516 0.0
12646 517 0.0
12679 518 0.0
12741 520 0.0
12774 521 0.0
12800 523 0.0
12817 524 0.0
12846 525 0.0
12886 527 0.0
12938 528 0.0
12966 529 0.0
12994 530 0.0
13015 531 0.0
13067 533 0.0
13070 534 0.0
13130 538 0.0
13154 540 0.0
13177 541 0.0
13189 542 0.0
13230 543 0.0
13264 545 0.0
13281 546 0.0
13294 547 0.0
13295 547 0.0
13320 548 0.0
13386 550 0.0
13378 550 0.0
13422 551 0.0
13441 552 0.0
13512 555 0.0
13547 557 0.0
13585 558 0.0
13618 559 1.0
13640 560 0.0
13667 561 0.0
13679 562 0.0
13709 563 0.0
13803 567 0.0
13816 568 0.0
13853 570 0.0
13870 571 0.0
13929 573 0.0
13952 574 0.0
13960 575 0.0
14007 577 0.0
14025 578 0.0
14112 581 0.0
14182 583 1.0
14194 584 0.0
14226 585 0.0
14252 586 0.0
14308 587 0.0
14351 589 0.0
14362 590 0.0
14415 591 0.0
14431 592 0.0
14440 593 0.0
14468 594 0.0
14496 596 0.0
14522 597 0.0
14552 598 0.0
14578 599 0.0
14618 600 0.0
14649 601 0.0
14667 602 0.0
14685 603 0.0
14762 605 0.0
14771 606 0.0
14790 607 0.0
14822 608 0.0
14846 609 0.0
14893 613 0.0
14923 614 0.0
14943 615 0.0
14967 616 0.0
14998 617 0.0
15013 619 0.0
15030 620 0.0
15049 621 0.0
15072 622 0.0
15103 623 0.0
15117 624 0.0
15163 625 0.0
15175 626 0.0
15197 627 0.0
15247 629 0.0
15263 630 0.0
15300 631 1.0
15387 635 0.0
15414 636 0.0
15451 637 0.0
15482 639 0.0
15489 640 0.0
15501 641 0.0
15528 642 0.0
15541 643 0.0
15577 644 0.0
15627 646 0.0
15670 648 0.0
15704 649 0.0
15727 650 0.0
15740 651 0.0
15763 652 0.0
15822 653 0.0
15860 655 0.0
15906 657 0.0
15950 658 0.0
15974 660 0.0
15993 661 0.0
16021 662 0.0
16054 664 0.0
16095 667 0.0
16136 668 0.0
16200 672 0.0
16256 674 0.0
16275 675 0.0
16310 676 0.0
16321 677 0.0
16370 678 0.0
16431 680 0.0
16446 681 0.0
16467 682 0.0
16479 683 0.0
16500 684 0.0
16509 685 0.0
16541 686 0.0
16563 686 0.0
16611 687 0.0
16619 688 0.0
16641 689 0.0
16666 691 0.0
16685 692 0.0
16712 694 1.0
16742 695 0.0
16760 696 0.0
16779 697 0.0
16865 698 0.0
17008 702 0.0
17020 703 0.0
17032 704 0.0
17060 705 0.0
17080 706 0.0
17100 707 0.0
17152 708 0.0
17174 709 0.0
17218 710 1.0
17223 711 0.0
17261 713 0.0
17287 714 1.0
17315 716 0.0
17351 717 0.0
17358 718 0.0
17442 722 0.0
17482 723 1.0
17485 724 0.0
17516 725 0.0
17560 727 0.0
17592 728 0.0
17601 729 0.0
17614 730 0.0
17682 732 0.0
17711 733 0.0
17755 735 0.0
17762 736 0.0
17773 738 1.0
17819 740 0.0
17861 742 0.0
17894 743 0.0
17926 744 0.0
17932 745 0.0
17944 746 0.0
17968 747 0.0
17989 748 0.0
18025 749 0.0
18043 750 0.0
18075 751 0.0
18098 752 0.0
18143 754 0.0
18198 756 0.0
18232 757 0.0
18244 758 0.0
18274 759 0.0
18312 761 0.0
18324 762 0.0
18401 763 0.0
18427 764 0.0
18437 765 0.0
18450 766 0.0
18476 767 0.0
18512 768 0.0
18575 770 0.0
18597 771 0.0
18627 772 0.0
18654 773 0.0
18704 774 0.0
18755 777 0.0
18810 779 0.0
18864 781 0.0
18908 782 0.0
18949 784 0.0
18955 785 0.0
18990 786 0.0
19001 787 0.0
19083 790 0.0
19109 792 0.0
19131 793 0.0
19150 794 0.0
19235 796 0.0
19242 797 0.0
19304 798 0.0
19308 799 0.0
19339 800 0.0
19373 801 0.0
19400 802 0.0
19404 803 0.0
19439 804 0.0
19468 805 0.0
19501 806 0.0
19550 808 0.0
19568 809 0.0
19585 810 0.0
19626 813 0.0
19662 814 0.0
19694 816 0.0
19706 817 0.0
19716 817 0.0
19748 818 0.0
19754 819 0.0
19819 822 1.0
19828 823 0.0
19841 824 0.0
19903 825 0.0
19929 827 0.0
19969 829 0.0
19991 830 0.0
20012 831 1.0
20047 832 0.0
20064 833 0.0
20087 834 0.0
20124 836 0.0
20158 837 0.0
20226 841 0.0
20276 842 0.0
20283 843 0.0
20279 843 0.0
20298 844 0.0
20359 847 0.0
20388 848 0.0
20417 849 0.0
20428 850 0.0
20457 851 0.0
20495 853 0.0
20503 854 0.0
20583 857 0.0
20589 858 0.0
20619 859 0.0
20718 860 0.0
20824 862 1.0
20832 863 0.0
20916 865 0.0
20958 866 0.0
20986 867 0.0
20999 868 0.0
21042 870 0.0
21068 871 0.0
21074 872 0.0
21128 874 0.0
21166 875 0.0
21189 876 0.0
21216 877 1.0
21250 878 0.0
21262 879 0.0
21297 881 0.0
21306 882 0.0
21343 883 0.0
21357 884 0.0
21374 885 0.0
21437 888 0.0
21464 889 0.0
21491 890 0.0
21499 891 0.0
21524 892 0.0
21536 893 0.0
21555 894 0.0
21635 897 0.0
21651 898 0.0
21689 899 0.0
21712 900 0.0
21734 901 0.0
21764 902 0.0
21789 903 0.0
21800 904 0.0
21846 905 0.0
21863 906 0.0
21890 907 0.0
21920 908 1.0
21953 910 0.0
21998 912 0.0
22019 913 1.0
22031 914 0.0
22069 915 0.0
22092 916 0.0
22112 917 0.0
22154 919 0.0
22177 921 0.0
22230 923 0.0
22237 924 0.0
22264 925 0.0
22272 925 0.0
22284 926 1.0
22332 928 0.0
22359 929 0.0
22366 930 0.0
22398 931 0.0
22417 932 0.0
22442 933 0.0
22479 934 0.0
22497 935 0.0
22518 936 0.0
22551 937 0.0
22570 938 0.0
22590 939 0.0
22614 940 0.0
22640 941 0.0
22689 944 0.0
22731 946 0.0
22767 947 0.0
22803 949 0.0
22822 950 0.0
22837 951 1.0
22870 952 0.0
22906 953 0.0
22917 954 0.0
22928 955 0.0
22953 956 0.0
22979 957 0.0
23001 958 0.0
23024 959 0.0
23034 960 0.0
23064 961 0.0
23075 961 0.0
23099 962 0.0
23188 963 0.0
23226 965 0.0
23243 966 0.0
23262 967 0.0
23318 969 0.0
23343 970 0.0
23370 971 0.0
23391 972 0.0
23407 973 0.0
23423 974 1.0
23458 975 0.0
23479 976 0.0
23505 977 0.0
23542 978 0.0
23574 980 0.0
23596 981 0.0
23610 982 0.0
23650 983 0.0
23770 984 0.0
23792 985 0.0
23837 986 0.0
23863 987 0.0
23862 987 0.0
23888 988 0.0
23926 990 0.0
23936 991 0.0
23972 992 0.0
24011 993 0.0
24042 994 1.0
24049 995 0.0
24089 996 0.0
24101 997 0.0
24120 998 0.0
24143 999 0.0
24169 1000 0.0
24193 1001 0.0
24248 1003 0.0
24284 1004 0.0
24303 1005 0.0
24330 1006 0.0
24344 1007 0.0
24369 1008 0.0
24410 1009 0.0
24466 1013 0.0
24493 1014 0.0
24512 1015 0.0
24533 1016 0.0
24573 1017 0.0
24605 1018 1.0
24671 1019 0.0
24712 1020 0.0
24714 1021 0.0
24761 1023 0.0
24797 1024 0.0
24840 1025 0.0
24853 1026 0.0
24869 1027 0.0
24873 1028 0.0
24896 1029 0.0
24908 1030 1.0
24926 1031 0.0
24973 1033 0.0
25027 1036 0.0
25104 1039 0.0
25120 1040 0.0
25133 1041 0.0
25188 1042 0.0
25224 1043 0.0
25243 1044 0.0
25249 1045 0.0
25272 1046 0.0
25297 1047 0.0
25316 1048 0.0
25326 1048 0.0
25352 1049 0.0
25370 1050 0.0
25392 1051 0.0
25457 1053 0.0
25471 1054 0.0
25495 1055 0.0
25514 1056 0.0
25536 1057 0.0
25626 1058 0.0
25673 1060 0.0
25683 1061 0.0
25722 1062 0.0
25731 1063 0.0
25769 1064 0.0
25813 1066 0.0
25865 1067 0.0
25971 1068 0.0
26002 1070 0.0
26046 1072 0.0
26081 1074 0.0
26107 1075 0.0
26112 1076 0.0
26134 1077 0.0
26151 1078 0.0
26197 1080 0.0
26250 1081 0.0
26264 1082 0.0
26283 1083 0.0
26317 1084 0.0
26350 1086 0.0
26364 1087 0.0
26385 1088 0.0
26412 1091 0.0
26448 1092 0.0
26465 1093 0.0
26479 1094 0.0
26497 1095 0.0
26516 1096 0.0
26564 1097 0.0
26593 1099 0.0
26624 1101 0.0
26640 1102 0.0
26699 1104 0.0
26726 1105 0.0
26736 1106 0.0
26778 1107 0.0
26758 1107 0.0
26813 1108 0.0
26847 1109 0.0
26892 1110 0.0
26916 1111 0.0
26926 1112 0.0
26955 1113 0.0
26994 1114 0.0
27005 1115 0.0
27098 1118 0.0
27117 1119 0.0
27144 1120 0.0
27201 1121 0.0
27232 1122 0.0
27270 1123 0.0
27281 1124 0.0
27310 1125 0.0
27349 1126 1.0
27357 1126 1.0
27398 1127 0.0
27415 1128 0.0
27449 1129 0.0
27453 1130 0.0
27472 1131 0.0
27496 1132 0.0
27525 1133 1.0
27556 1134 0.0
27577 1135 0.0
27609 1136 0.0
27666 1137 0.0
27688 1138 0.0
27706 1140 0.0
27729 1141 0.0
27762 1142 0.0
27778 1143 0.0
27808 1144 0.0
27845 1145 0.0
27848 1146 0.0
27924 1148 0.0
27934 1149 0.0
27951 1150 0.0
27993 1151 0.0
28016 1152 1.0
28038 1153 0.0
28064 1154 0.0
28125 1156 0.0
28157 1157 0.0
28168 1158 0.0
28203 1159 0.0
28231 1160 0.0
28254 1161 0.0
28272 1162 0.0
28281 1163 0.0
28303 1164 0.0
28339 1165 0.0
28351 1166 0.0
28386 1168 0.0
28452 1169 0.0
28471 1171 0.0
28513 1172 0.0
28551 1174 0.0
28604 1175 0.0
28609 1176 0.0
28649 1177 0.0
28674 1178 0.0
28727 1179 0.0
28756 1180 0.0
28770 1181 0.0
28811 1182 0.0
28847 1184 0.0
28851 1184 0.0
28882 1185 0.0
28914 1186 0.0
28919 1187 0.0
28976 1188 0.0
28979 1189 0.0
29002 1190 0.0
29037 1191 0.0
29079 1193 0.0
29092 1194 0.0
29155 1197 0.0
29174 1198 0.0
29225 1199 0.0
29241 1200 0.0
29291 1201 0.0
29302 1202 0.0
29356 1204 0.0
29404 1207 0.0
29438 1209 0.0
29473 1211 0.0
29522 1212 0.0
29526 1213 0.0
29565 1214 0.0
29574 1215 0.0
29631 1217 0.0
29660 1218 0.0
29666 1219 0.0
29703 1220 0.0
29725 1221 0.0
29742 1222 0.0
29774 1223 0.0
29817 1224 0.0
29875 1228 0.0
29902 1229 0.0
29905 1230 0.0
29916 1231 0.0
30014 1235 0.0
30029 1236 0.0
30062 1237 0.0
30073 1238 0.0
30091 1239 0.0
30129 1241 0.0
30142 1242 1.0
30176 1244 0.0
30204 1245 0.0
30246 1247 0.0
30284 1249 0.0
30323 1251 0.0
30339 1252 0.0
30365 1253 0.0
30421 1254 0.0
30468 1255 0.0
30482 1256 0.0
30490 1257 0.0
30510 1258 0.0
30546 1260 0.0
30554 1261 0.0
30588 1262 0.0
30596 1263 0.0
30607 1264 0.0
30645 1265 0.0
30660 1266 0.0
30691 1267 0.0
30716 1268 0.0
30718 1269 0.0
30781 1271 0.0
30791 1272 0.0
30799 1273 0.0
30841 1274 0.0
30858 1275 0.0
30926 1278 0.0
30958 1279 0.0
30973 1280 0.0
31025 1282 0.0
31091 1284 0.0
31101 1285 0.0
31145 1286 0.0
31159 1287 0.0
31172 1288 0.0
31184 1289 0.0
31256 1291 0.0
31274 1292 0.0
31291 1293 0.0
31326 1294 1.0
31344 1295 0.0
31400 1297 0.0
31412 1298 0.0
31442 1299 0.0
31475 1300 0.0
31488 1301 0.0
31537 1302 0.0
31583 1305 0.0
31607 1306 0.0
31639 1308 0.0
31667 1309 0.0
31678 1310 0.0
 fin motif
# 8 target:1 c+:2 c-:13 score:28.516321476872527 score+:356.26272665662503 score-:105.31909766014684 nb:13 =l_1c_7 l_1c_13 l_1c_0 l_1c_14 l_1c_11 l_1c_10 l_1c_16 l_1c_5 l_1c_1 l_1c_9 l_1c_8 l_1c_19 l_1c_15 
2989 119 0.0
3529 141 0.0
5963 242 0.0
10281 420 0.0
10624 434 0.0
12137 496 1.0
13464 552 0.0
20602 858 0.0
21936 909 0.0
22256 924 0.0
22777 948 0.0
24018 994 1.0
28926 1187 0.0
29957 1232 0.0
30793 1273 0.0
 fin motif
# 9 target:1 c+:2 c-:1 score:17.855661667446615 score+:108.76962429562901 score-:5.206786624438678 nb:8 =l_1c_3 l_1c_14 l_1c_8 l_1c_9 l_1c_11 l_1c_10 l_1c_4 l_1c_0 
882 40 1.0
19824 823 0.0
19 1 1.0
 fin motif
