# 0 target:1 c+:34 c-:258 score:786.3554819727925 score+:1938.540175159993 score-:680.371404003525 nb:1 =l_3c_3 
85 4 0.0
238 11 0.0
455 21 0.0
513 24 0.0
810 37 0.0
867 39 0.0
1003 45 0.0
1050 47 0.0
1078 48 0.0
1365 57 0.0
1586 63 0.0
1632 65 0.0
1948 78 0.0
2006 80 0.0
2367 93 0.0
2417 95 0.0
2700 107 0.0
2709 108 0.0
2726 109 0.0
2754 110 1.0
2807 112 0.0
2988 119 0.0
3161 128 0.0
3182 129 1.0
3436 138 0.0
3529 141 0.0
3649 145 0.0
3676 146 0.0
3864 155 0.0
3892 156 0.0
4090 163 0.0
4310 172 0.0
4386 175 0.0
4522 180 0.0
4637 184 0.0
4924 196 0.0
4983 199 0.0
5152 204 0.0
5172 205 0.0
5304 211 0.0
5426 216 0.0
5534 222 0.0
5825 235 0.0
5963 242 0.0
5986 243 0.0
6048 245 0.0
6071 247 0.0
6095 248 0.0
6209 253 1.0
6357 260 0.0
6597 269 1.0
6645 271 0.0
6669 272 0.0
6931 283 0.0
7102 289 0.0
7365 299 0.0
7442 302 0.0
7579 308 1.0
7606 309 0.0
7643 311 0.0
7673 313 0.0
8067 328 0.0
8135 331 0.0
8176 333 0.0
8229 335 0.0
8276 337 0.0
8302 338 0.0
8409 342 0.0
8585 350 1.0
8769 356 0.0
8787 357 0.0
8863 359 1.0
8903 361 1.0
9008 366 0.0
9118 370 0.0
9208 374 1.0
9266 376 0.0
9279 377 0.0
9387 382 0.0
9423 383 0.0
9475 385 0.0
9736 398 0.0
9769 399 0.0
9882 403 0.0
9984 406 1.0
10142 413 0.0
10208 417 0.0
10280 420 0.0
10296 421 0.0
10463 427 0.0
10624 434 0.0
10768 441 0.0
10965 448 0.0
11219 459 0.0
11243 460 0.0
11264 461 0.0
11333 463 0.0
11496 470 0.0
11557 473 0.0
11626 475 0.0
11648 476 0.0
11832 483 0.0
11937 487 0.0
12136 496 1.0
12163 497 0.0
12376 506 0.0
12441 508 1.0
12460 509 0.0
12570 513 1.0
12636 516 0.0
12712 519 0.0
13165 541 0.0
13208 543 0.0
13251 545 0.0
13376 550 0.0
13463 552 0.0
13482 554 0.0
13569 558 0.0
13613 559 1.0
13749 565 0.0
13855 570 0.0
13915 573 0.0
13962 575 0.0
13991 576 0.0
14083 580 0.0
14163 582 0.0
14187 583 1.0
14285 587 0.0
14406 591 0.0
14785 606 0.0
15202 627 0.0
15224 628 0.0
15334 633 0.0
15615 646 0.0
15748 651 0.0
15929 658 0.0
16037 664 0.0
16224 673 0.0
16284 675 0.0
16356 678 0.0
16397 679 0.0
16416 680 0.0
16469 682 0.0
16473 683 0.0
16729 694 1.0
16964 701 0.0
17212 710 1.0
17292 714 1.0
17308 715 0.0
17463 723 1.0
17552 726 0.0
17705 733 0.0
17786 738 1.0
17823 740 0.0
17896 743 0.0
18122 753 0.0
18140 754 0.0
18193 756 0.0
18280 759 0.0
18332 762 0.0
18717 775 0.0
18819 779 0.0
18849 780 0.0
18972 785 0.0
19101 792 0.0
19228 796 0.0
19244 797 0.0
19415 803 0.0
19519 807 0.0
19575 809 0.0
19613 811 0.0
19647 814 0.0
19718 817 0.0
19814 822 1.0
19837 823 0.0
19942 827 0.0
20025 831 1.0
20114 835 0.0
20330 844 0.0
20345 845 0.0
20479 852 0.0
20532 855 0.0
20552 856 0.0
20602 858 0.0
20628 859 0.0
20741 860 0.0
20813 862 1.0
20887 864 0.0
21001 868 0.0
21211 877 1.0
21245 878 0.0
21474 890 0.0
21579 895 0.0
21829 905 0.0
21921 908 1.0
21936 909 0.0
21984 911 0.0
22008 912 0.0
22024 913 1.0
22198 922 0.0
22255 924 0.0
22297 926 1.0
22397 931 0.0
22444 933 0.0
22589 939 0.0
22738 946 0.0
22778 948 0.0
22850 951 1.0
22974 957 0.0
23000 958 0.0
23068 961 0.0
23293 968 0.0
23333 970 0.0
23366 971 0.0
23440 974 1.0
23529 978 0.0
23612 982 0.0
23818 985 0.0
23832 986 0.0
23970 992 0.0
24019 994 1.0
24085 996 0.0
24171 1000 0.0
24378 1008 0.0
24394 1009 0.0
24440 1011 0.0
24471 1013 0.0
24586 1018 1.0
24822 1025 0.0
24909 1030 1.0
25072 1038 0.0
25160 1041 0.0
25207 1042 0.0
25344 1049 0.0
25414 1052 0.0
25440 1053 0.0
25778 1064 0.0
26016 1070 0.0
26318 1084 0.0
26322 1085 0.0
26453 1092 0.0
26579 1098 0.0
26642 1102 0.0
26698 1104 0.0
26748 1106 0.0
27240 1122 0.0
27264 1123 0.0
27298 1124 0.0
27322 1125 0.0
27358 1126 1.0
27503 1132 0.0
27562 1134 0.0
27708 1140 0.0
27866 1146 0.0
27953 1150 0.0
28024 1152 1.0
28042 1153 0.0
28156 1157 0.0
28290 1163 0.0
28312 1164 0.0
28485 1171 0.0
28910 1186 0.0
28925 1187 0.0
28971 1188 0.0
28993 1189 0.0
29034 1191 0.0
29054 1192 0.0
29118 1196 0.0
29188 1198 0.0
29210 1199 0.0
29507 1212 0.0
29588 1216 0.0
29849 1226 0.0
29880 1228 0.0
29956 1232 0.0
29962 1233 0.0
30112 1240 0.0
30259 1248 0.0
30369 1253 0.0
30499 1257 0.0
30535 1259 0.0
30605 1263 0.0
30732 1269 0.0
30754 1270 0.0
30794 1273 0.0
30903 1277 0.0
30949 1278 0.0
30969 1280 0.0
31179 1288 0.0
31436 1299 0.0
31482 1300 0.0
31494 1301 0.0
 fin motif
# 1 target:1 c+:26 c-:161 score:779.2488816267378 score+:1747.2109025398856 score-:500.41269193710514 nb:1 =l_3c_7 
25 1 1.0
110 5 0.0
222 10 0.0
284 13 0.0
318 16 0.0
384 18 0.0
652 31 1.0
712 33 0.0
737 34 0.0
774 35 0.0
785 36 0.0
857 39 0.0
878 40 1.0
1111 49 0.0
1502 60 0.0
1722 69 0.0
2035 81 0.0
2055 82 0.0
2286 90 0.0
2377 93 0.0
2410 95 0.0
2450 98 0.0
2593 102 0.0
2637 104 0.0
2687 106 0.0
2818 113 0.0
3047 122 0.0
3240 131 0.0
3311 134 0.0
3389 136 0.0
3415 137 0.0
3559 142 0.0
3584 143 0.0
3713 147 0.0
4083 163 0.0
4224 169 0.0
4439 177 0.0
4534 180 0.0
4581 182 0.0
4610 183 0.0
4806 190 0.0
5119 203 0.0
5224 206 0.0
5616 226 0.0
5895 239 0.0
6115 249 0.0
6172 251 0.0
6276 256 1.0
6389 261 0.0
6476 264 0.0
6583 269 1.0
6881 282 0.0
6968 284 0.0
7020 285 0.0
7105 289 0.0
7137 290 0.0
7151 291 0.0
7385 300 0.0
7501 304 0.0
7669 312 0.0
7721 315 0.0
8159 332 0.0
8615 351 0.0
8869 359 1.0
8889 361 1.0
8920 362 0.0
8956 363 1.0
8975 364 0.0
9048 367 0.0
9077 368 0.0
9454 384 0.0
9584 390 0.0
9993 406 1.0
10043 408 0.0
10128 412 0.0
10542 431 0.0
10581 432 0.0
10743 439 0.0
10805 443 0.0
10871 445 0.0
10997 450 0.0
11047 451 0.0
11448 468 0.0
11614 475 0.0
11781 480 0.0
11933 486 0.0
12038 491 0.0
12118 495 0.0
12271 501 0.0
12404 507 0.0
12781 522 1.0
13446 552 0.0
13623 559 1.0
13652 560 0.0
13809 567 0.0
13931 573 0.0
14339 589 0.0
14669 602 0.0
14900 613 0.0
14925 614 0.0
15685 648 0.0
16121 667 0.0
16151 668 0.0
16158 669 0.0
16337 677 0.0
16535 685 0.0
16610 687 0.0
16717 694 1.0
17007 702 0.0
17252 712 0.0
17291 714 1.0
17457 723 1.0
17698 732 0.0
17771 737 1.0
18491 767 0.0
18574 770 0.0
18671 773 0.0
19088 790 0.0
19130 793 0.0
19696 816 0.0
20122 836 0.0
20271 842 0.0
20390 848 0.0
20593 858 0.0
20830 862 1.0
20836 863 0.0
21325 882 0.0
21578 894 0.0
21665 898 0.0
21768 902 0.0
21805 904 0.0
21884 907 0.0
22283 925 0.0
22504 935 0.0
22555 937 0.0
22677 943 1.0
22900 953 0.0
23013 958 0.0
23059 960 0.0
23249 967 0.0
23345 970 0.0
23427 974 1.0
23591 980 0.0
23808 985 0.0
23858 987 0.0
23948 991 0.0
24048 995 0.0
24156 999 0.0
24267 1004 0.0
24557 1016 0.0
24728 1021 0.0
24923 1031 0.0
25277 1046 0.0
25456 1053 0.0
25628 1058 0.0
25768 1064 0.0
26285 1083 0.0
26401 1089 1.0
26687 1103 0.0
26784 1107 0.0
27080 1117 0.0
27451 1129 0.0
27533 1133 1.0
27586 1135 0.0
27928 1148 0.0
28034 1152 1.0
28182 1158 0.0
28318 1164 0.0
28758 1180 0.0
28797 1182 0.0
28918 1186 0.0
29196 1199 0.0
29244 1200 0.0
29286 1201 0.0
29661 1218 0.0
29663 1219 0.0
29779 1223 0.0
29864 1227 1.0
30135 1242 1.0
30271 1248 0.0
30314 1250 1.0
30815 1273 0.0
31118 1285 0.0
31386 1297 0.0
31474 1300 0.0
31569 1303 1.0
31577 1304 1.0
 fin motif
# 2 target:1 c+:3 c-:4 score:244.7972577245788 score+:417.41746563619967 score-:25.741853276873556 nb:1 =l_3c_4 
307 15 1.0
5343 212 1.0
6064 246 0.0
6072 247 0.0
11430 467 0.0
11810 482 0.0
31334 1294 1.0
 fin motif
# 3 target:1 c+:18 c-:265 score:207.25996488404581 score+:1039.3272818356475 score-:707.7113380211741 nb:1 =l_3c_8 
21 1 1.0
32 2 0.0
114 5 0.0
223 10 0.0
305 14 0.0
312 15 1.0
358 17 0.0
473 21 0.0
475 22 0.0
622 29 0.0
1115 49 0.0
1167 52 0.0
1786 71 0.0
2096 83 0.0
2261 89 0.0
2333 92 0.0
2347 93 0.0
2421 95 0.0
2565 101 0.0
2749 110 1.0
2947 118 0.0
2984 119 0.0
3034 121 0.0
3038 122 0.0
3288 133 0.0
3313 134 0.0
3361 135 0.0
3392 137 0.0
3422 138 0.0
3482 139 0.0
3562 143 0.0
3831 153 0.0
3999 160 0.0
4345 173 0.0
4346 174 0.0
4506 179 0.0
4510 180 0.0
4566 182 0.0
4606 183 0.0
4760 188 0.0
4817 190 0.0
4865 193 0.0
4949 197 0.0
4975 198 0.0
5002 200 0.0
5267 208 0.0
5411 215 0.0
5464 217 0.0
5500 220 0.0
5549 222 0.0
5553 223 0.0
5605 225 0.0
5607 226 0.0
5730 230 0.0
5731 231 0.0
5935 241 0.0
6280 256 1.0
6303 257 0.0
6417 261 0.0
6472 263 0.0
6502 265 0.0
6578 268 0.0
6693 272 0.0
6766 276 0.0
6847 280 0.0
7001 285 0.0
7196 292 0.0
7567 308 1.0
7748 316 0.0
7863 319 0.0
8096 329 0.0
8140 331 0.0
8457 344 0.0
8491 345 0.0
8596 350 1.0
8840 358 0.0
8984 364 0.0
9090 368 0.0
9321 379 0.0
9480 385 0.0
9508 386 0.0
9619 392 0.0
10319 422 0.0
10475 428 0.0
10722 439 0.0
10847 444 0.0
10992 449 0.0
11229 459 0.0
11255 461 0.0
11301 462 0.0
11357 464 0.0
11390 465 0.0
11484 470 0.0
11606 474 0.0
11708 478 0.0
11741 479 0.0
12017 491 0.0
12236 500 0.0
12275 501 0.0
12432 508 1.0
12530 511 0.0
12537 512 0.0
12575 513 1.0
12728 520 0.0
12786 522 1.0
13034 531 0.0
13048 533 0.0
13084 534 0.0
13183 541 0.0
13206 542 0.0
13269 546 0.0
13473 553 0.0
13771 565 0.0
13868 570 0.0
14039 578 0.0
14054 579 0.0
14229 585 0.0
14249 586 0.0
14279 587 0.0
14355 589 0.0
14490 595 0.0
14750 605 0.0
14836 608 0.0
14847 609 0.0
14958 615 0.0
14985 617 0.0
15068 621 0.0
15112 623 0.0
15124 624 0.0
15173 626 0.0
15371 634 0.0
15633 646 0.0
15710 649 0.0
15778 652 0.0
15957 659 0.0
16010 661 0.0
16056 664 0.0
16266 674 0.0
16655 689 0.0
16776 696 0.0
17171 709 0.0
17217 710 1.0
17248 712 0.0
17335 716 0.0
17357 717 0.0
17385 718 0.0
17406 719 0.0
17567 727 0.0
17837 740 0.0
17905 743 0.0
18131 754 0.0
18298 761 0.0
18320 762 0.0
18583 770 0.0
18628 772 0.0
18782 777 0.0
19067 789 0.0
19122 793 0.0
19160 795 0.0
19345 800 0.0
19498 806 0.0
19554 808 0.0
19580 809 0.0
19605 810 0.0
19700 816 0.0
19786 820 0.0
19830 823 0.0
19965 828 0.0
20068 833 0.0
20094 834 0.0
20185 838 0.0
20238 841 0.0
20257 842 0.0
20296 843 0.0
20568 857 0.0
20787 861 0.0
20983 867 0.0
21035 869 0.0
21135 874 0.0
21273 879 0.0
21356 884 0.0
21439 888 0.0
21471 889 0.0
21497 890 0.0
21680 898 0.0
21875 907 0.0
21958 910 0.0
22251 924 0.0
22602 939 0.0
22646 941 0.0
22750 946 0.0
22796 948 0.0
22836 950 0.0
22859 952 0.0
22926 954 0.0
23018 958 0.0
23033 959 0.0
23383 971 0.0
23410 973 0.0
23469 975 0.0
23564 979 0.0
23676 983 0.0
23925 990 0.0
24076 996 0.0
24167 999 0.0
24324 1006 0.0
24389 1009 0.0
24488 1014 0.0
24554 1016 0.0
24742 1021 0.0
24758 1022 0.0
24898 1029 0.0
24902 1030 1.0
24935 1031 0.0
25088 1038 0.0
25130 1040 0.0
25214 1043 0.0
25364 1050 0.0
25482 1054 0.0
25606 1058 0.0
25711 1062 0.0
25803 1065 0.0
25929 1067 0.0
25993 1069 0.0
26061 1072 0.0
26068 1073 1.0
26196 1079 0.0
26203 1080 0.0
26289 1083 0.0
26397 1089 1.0
26572 1097 0.0
26600 1100 0.0
26665 1103 0.0
26713 1104 0.0
27037 1116 0.0
27429 1129 0.0
27674 1138 0.0
27758 1142 0.0
27920 1148 0.0
28005 1151 0.0
28074 1154 0.0
28131 1156 0.0
28149 1157 0.0
28237 1160 0.0
28323 1164 0.0
28345 1165 0.0
28380 1167 0.0
28398 1168 0.0
28417 1169 0.0
28468 1170 0.0
28473 1171 0.0
28558 1174 0.0
28591 1175 0.0
28676 1178 0.0
28782 1181 0.0
28871 1185 0.0
29082 1193 0.0
29192 1198 0.0
29393 1205 0.0
29675 1219 0.0
29792 1223 0.0
29860 1227 1.0
30054 1236 0.0
30169 1243 1.0
30213 1245 0.0
30233 1247 0.0
30268 1248 0.0
30577 1261 0.0
30594 1262 0.0
30717 1268 0.0
30720 1269 0.0
30823 1274 0.0
31007 1281 0.0
31198 1289 0.0
31290 1292 0.0
31297 1293 0.0
31338 1294 1.0
31432 1298 0.0
31511 1301 0.0
31570 1303 1.0
31574 1304 1.0
31580 1305 0.0
31726 1311 0.0
 fin motif
# 4 target:1 c+:1 c-:0 score:113.27548337239868 score+:181.2407733958379 score-:0 nb:1 =l_3c_6 
11122 454 1.0
 fin motif
# 5 target:1 c+:2 c-:26 score:54.35718051119147 score+:218.1244939553091 score-:131.15300513740272 nb:1 =l_3c_5 
146 6 0.0
412 19 0.0
3084 124 0.0
4955 198 0.0
6201 252 0.0
7836 318 0.0
11457 468 0.0
11999 489 0.0
12324 504 0.0
12787 522 1.0
13164 541 0.0
13999 576 0.0
15009 618 0.0
16450 681 0.0
18006 749 0.0
18225 757 0.0
18272 759 0.0
21498 890 0.0
21721 900 0.0
22324 927 0.0
22535 937 0.0
24451 1011 0.0
25531 1056 0.0
29074 1193 0.0
29416 1207 0.0
29458 1210 0.0
30310 1250 1.0
31624 1307 0.0
 fin motif
