# 0 target:1 c+:45 c-:245 score:902.63466292163 score+:2562.6801984087124 score-:576.8839399811262 nb:2 =l_0c_6 l_0c_14 
455 21 0.0
1043 47 0.0
1594 63 0.0
3547 142 0.0
6009 243 0.0
6347 259 0.0
8074 328 0.0
10289 421 0.0
10761 441 0.0
11825 483 0.0
12051 492 0.0
12343 505 0.0
12643 517 0.0
13468 553 0.0
14046 578 0.0
17598 728 0.0
17869 742 0.0
18837 780 0.0
18957 785 0.0
19288 798 0.0
19388 802 0.0
20741 860 0.0
21252 878 0.0
23288 968 0.0
24280 1004 0.0
25981 1068 0.0
26474 1094 0.0
30259 1248 0.0
30949 1278 0.0
475 22 0.0
1167 52 0.0
1786 71 0.0
2347 93 0.0
2421 95 0.0
3361 135 0.0
4760 188 0.0
5464 217 0.0
5605 225 0.0
6417 261 0.0
11741 479 0.0
13771 565 0.0
14279 587 0.0
14958 615 0.0
15068 621 0.0
18298 761 0.0
19160 795 0.0
19605 810 0.0
21273 879 0.0
22750 946 0.0
26061 1072 0.0
28417 1169 0.0
30233 1247 0.0
31432 1298 0.0
315 15 1.0
5346 212 1.0
6064 246 0.0
11433 467 0.0
11822 482 0.0
31337 1294 1.0
25 1 1.0
17 1 1.0
238 11 0.0
384 18 0.0
652 31 1.0
712 33 0.0
737 34 0.0
785 36 0.0
878 40 1.0
2377 93 0.0
2409 95 0.0
2450 98 0.0
2593 102 0.0
2637 104 0.0
2687 106 0.0
2987 119 0.0
3311 134 0.0
3533 141 0.0
4224 169 0.0
4439 177 0.0
4522 180 0.0
4578 182 0.0
4806 190 0.0
5119 203 0.0
5152 204 0.0
5224 206 0.0
6172 251 0.0
6476 264 0.0
6968 284 0.0
7105 289 0.0
7385 300 0.0
7721 315 0.0
8159 332 0.0
8300 338 0.0
8410 342 0.0
8869 359 1.0
8889 361 1.0
8920 362 0.0
8958 363 1.0
8956 363 1.0
9077 368 0.0
9424 383 0.0
9993 406 1.0
10043 408 0.0
10871 445 0.0
10997 450 0.0
11614 475 0.0
11933 486 0.0
12118 495 0.0
12404 507 0.0
12782 522 1.0
13446 552 0.0
13462 552 0.0
13623 559 1.0
13652 560 0.0
13855 570 0.0
15685 648 0.0
16151 668 0.0
16165 669 0.0
16535 685 0.0
16717 694 1.0
17249 712 0.0
17457 723 1.0
17698 732 0.0
17771 737 1.0
17896 743 0.0
18491 767 0.0
19613 811 0.0
19942 827 0.0
20268 842 0.0
20330 844 0.0
20593 858 0.0
20830 862 1.0
20836 863 0.0
21325 882 0.0
21665 898 0.0
21805 904 0.0
22254 924 0.0
22506 935 0.0
22677 943 1.0
23059 960 0.0
23249 967 0.0
23366 971 0.0
23427 974 1.0
23816 985 0.0
23808 985 0.0
23819 985 0.0
24728 1021 0.0
24923 1031 0.0
25277 1046 0.0
26322 1085 0.0
26399 1089 1.0
26687 1103 0.0
27080 1117 0.0
27586 1135 0.0
28034 1152 1.0
28182 1158 0.0
28315 1164 0.0
28797 1182 0.0
28918 1186 0.0
29117 1196 0.0
29196 1199 0.0
29244 1200 0.0
29663 1219 0.0
29779 1223 0.0
29864 1227 1.0
30314 1250 1.0
30754 1270 0.0
30795 1273 0.0
30815 1273 0.0
31118 1285 0.0
31386 1297 0.0
31569 1303 1.0
31577 1304 1.0
85 4 0.0
810 37 0.0
867 39 0.0
1003 45 0.0
1632 65 0.0
1948 78 0.0
2367 93 0.0
2417 95 0.0
2700 107 0.0
2709 108 0.0
2726 109 0.0
2754 110 1.0
2807 112 0.0
2989 119 0.0
3161 128 0.0
3182 129 1.0
3529 141 0.0
3521 141 0.0
3676 146 0.0
3892 156 0.0
4912 196 0.0
5304 211 0.0
5426 216 0.0
5964 242 0.0
6071 247 0.0
6095 248 0.0
6209 253 1.0
6355 260 0.0
6645 271 0.0
7442 302 0.0
7579 308 1.0
7644 311 0.0
7673 313 0.0
8067 328 0.0
8135 331 0.0
8176 333 0.0
8585 350 1.0
8787 357 0.0
8863 359 1.0
8903 361 1.0
9008 366 0.0
9116 370 0.0
9208 374 1.0
9266 376 0.0
9279 377 0.0
9389 382 0.0
9475 385 0.0
9882 403 0.0
9984 406 1.0
10142 413 0.0
10281 420 0.0
10463 427 0.0
10623 434 0.0
10624 434 0.0
11264 461 0.0
11496 470 0.0
11557 473 0.0
11626 475 0.0
12137 496 1.0
12163 497 0.0
12378 506 0.0
12570 513 1.0
13165 541 0.0
13207 543 0.0
13464 552 0.0
13569 558 0.0
13613 559 1.0
13915 573 0.0
13962 575 0.0
14163 582 0.0
14187 583 1.0
14285 587 0.0
14406 591 0.0
14785 606 0.0
15202 627 0.0
15929 658 0.0
16277 675 0.0
16354 678 0.0
16729 694 1.0
17212 710 1.0
17463 723 1.0
17552 726 0.0
17786 738 1.0
18140 754 0.0
18193 756 0.0
18332 762 0.0
18717 775 0.0
18972 785 0.0
19228 796 0.0
19244 797 0.0
19575 809 0.0
19814 822 1.0
20025 831 1.0
20341 845 0.0
20605 858 0.0
20743 860 0.0
20813 862 1.0
21001 868 0.0
21245 878 0.0
21253 878 0.0
21474 890 0.0
21921 908 1.0
21935 909 0.0
21936 909 0.0
22024 913 1.0
22256 924 0.0
22297 926 1.0
22397 931 0.0
22444 933 0.0
22589 939 0.0
22777 948 0.0
22850 951 1.0
22978 957 0.0
23000 958 0.0
23440 974 1.0
23612 982 0.0
23832 986 0.0
24018 994 1.0
24085 996 0.0
24171 1000 0.0
24394 1009 0.0
24471 1013 0.0
24586 1018 1.0
24909 1030 1.0
25070 1038 0.0
25135 1041 0.0
26318 1084 0.0
26453 1092 0.0
26642 1102 0.0
26698 1104 0.0
27298 1124 0.0
27358 1126 1.0
27708 1140 0.0
27850 1146 0.0
27953 1150 0.0
28024 1152 1.0
28156 1157 0.0
28290 1163 0.0
28485 1171 0.0
28910 1186 0.0
28926 1187 0.0
28972 1188 0.0
28993 1189 0.0
29054 1192 0.0
29118 1196 0.0
29210 1199 0.0
29507 1212 0.0
29880 1228 0.0
29957 1232 0.0
30499 1257 0.0
30605 1263 0.0
30732 1269 0.0
30793 1273 0.0
30969 1280 0.0
31482 1300 0.0
13163 541 0.0
21473 890 0.0
30309 1250 1.0
 fin motif
# 1 target:1 c+:26 c-:181 score:559.1323415714958 score+:3371.531935572723 score-:1135.00256928674 nb:5 =l_0c_12 l_0c_5 l_0c_4 l_0c_8 l_0c_2 
475 22 0.0
1167 52 0.0
1786 71 0.0
2347 93 0.0
2421 95 0.0
3361 135 0.0
4760 188 0.0
5464 217 0.0
5605 225 0.0
6417 261 0.0
11741 479 0.0
13771 565 0.0
14279 587 0.0
14958 615 0.0
15068 621 0.0
18298 761 0.0
19160 795 0.0
19605 810 0.0
21273 879 0.0
22750 946 0.0
26061 1072 0.0
28417 1169 0.0
30233 1247 0.0
31432 1298 0.0
25 1 1.0
110 5 0.0
222 10 0.0
284 13 0.0
318 16 0.0
384 18 0.0
652 31 1.0
712 33 0.0
737 34 0.0
774 35 0.0
785 36 0.0
857 39 0.0
878 40 1.0
1111 49 0.0
1502 60 0.0
1722 69 0.0
2035 81 0.0
2055 82 0.0
2286 90 0.0
2377 93 0.0
2409 95 0.0
2450 98 0.0
2593 102 0.0
2637 104 0.0
2687 106 0.0
2818 113 0.0
3047 122 0.0
3240 131 0.0
3311 134 0.0
3389 136 0.0
3415 137 0.0
3559 142 0.0
3584 143 0.0
3713 147 0.0
4083 163 0.0
4224 169 0.0
4439 177 0.0
4534 180 0.0
4578 182 0.0
4610 183 0.0
4806 190 0.0
5119 203 0.0
5224 206 0.0
5616 226 0.0
5900 239 0.0
6115 249 0.0
6172 251 0.0
6276 256 1.0
6389 261 0.0
6476 264 0.0
6583 269 1.0
6881 282 0.0
6968 284 0.0
7005 285 0.0
7105 289 0.0
7137 290 0.0
7151 291 0.0
7385 300 0.0
7501 304 0.0
7669 312 0.0
7721 315 0.0
8159 332 0.0
8615 351 0.0
8869 359 1.0
8889 361 1.0
8920 362 0.0
8956 363 1.0
8975 364 0.0
9048 367 0.0
9077 368 0.0
9454 384 0.0
9584 390 0.0
9993 406 1.0
10043 408 0.0
10128 412 0.0
10542 431 0.0
10581 432 0.0
10743 439 0.0
10805 443 0.0
10871 445 0.0
10997 450 0.0
11047 451 0.0
11448 468 0.0
11614 475 0.0
11781 480 0.0
11933 486 0.0
12038 491 0.0
12118 495 0.0
12271 501 0.0
12404 507 0.0
12782 522 1.0
13446 552 0.0
13623 559 1.0
13652 560 0.0
13809 567 0.0
13931 573 0.0
14339 589 0.0
14669 602 0.0
14900 613 0.0
14925 614 0.0
15685 648 0.0
16121 667 0.0
16151 668 0.0
16165 669 0.0
16337 677 0.0
16535 685 0.0
16610 687 0.0
16717 694 1.0
17007 702 0.0
17249 712 0.0
17291 714 1.0
17457 723 1.0
17698 732 0.0
17771 737 1.0
18491 767 0.0
18574 770 0.0
18671 773 0.0
19088 790 0.0
19130 793 0.0
19696 816 0.0
20122 836 0.0
20268 842 0.0
20390 848 0.0
20593 858 0.0
20830 862 1.0
20836 863 0.0
21325 882 0.0
21578 894 0.0
21665 898 0.0
21768 902 0.0
21805 904 0.0
21884 907 0.0
22283 925 0.0
22506 935 0.0
22555 937 0.0
22677 943 1.0
22900 953 0.0
23013 958 0.0
23059 960 0.0
23249 967 0.0
23345 970 0.0
23427 974 1.0
23591 980 0.0
23808 985 0.0
23819 985 0.0
23858 987 0.0
23948 991 0.0
24048 995 0.0
24156 999 0.0
24267 1004 0.0
24557 1016 0.0
24728 1021 0.0
24923 1031 0.0
25277 1046 0.0
25456 1053 0.0
25628 1058 0.0
25768 1064 0.0
26285 1083 0.0
26399 1089 1.0
26687 1103 0.0
26784 1107 0.0
27080 1117 0.0
27451 1129 0.0
27533 1133 1.0
27586 1135 0.0
27928 1148 0.0
28034 1152 1.0
28182 1158 0.0
28315 1164 0.0
28758 1180 0.0
28797 1182 0.0
28918 1186 0.0
29196 1199 0.0
29244 1200 0.0
29286 1201 0.0
29661 1218 0.0
29663 1219 0.0
29779 1223 0.0
29864 1227 1.0
30135 1242 1.0
30314 1250 1.0
30815 1273 0.0
31118 1285 0.0
31386 1297 0.0
31474 1300 0.0
31569 1303 1.0
31577 1304 1.0
1785 71 0.0
2346 93 0.0
2405 95 0.0
3327 135 0.0
4739 188 0.0
5437 217 0.0
5576 225 0.0
6382 261 0.0
13742 565 0.0
14278 587 0.0
14932 615 0.0
15047 621 0.0
19208 795 0.0
19604 810 0.0
21272 879 0.0
22728 946 0.0
26044 1072 0.0
28453 1169 0.0
30232 1247 0.0
31410 1298 0.0
 fin motif
# 2 target:1 c+:26 c-:162 score:272.81893575382173 score+:2113.317744369584 score-:694.6592784497111 nb:7 =l_0c_13 l_0c_0 l_0c_15 l_0c_9 l_0c_3 l_0c_14 l_0c_16 
25 1 1.0
17 1 1.0
110 5 0.0
222 10 0.0
284 13 0.0
318 16 0.0
384 18 0.0
652 31 1.0
712 33 0.0
737 34 0.0
774 35 0.0
785 36 0.0
857 39 0.0
878 40 1.0
1111 49 0.0
1502 60 0.0
1722 69 0.0
2035 81 0.0
2055 82 0.0
2286 90 0.0
2377 93 0.0
2409 95 0.0
2450 98 0.0
2593 102 0.0
2637 104 0.0
2687 106 0.0
2818 113 0.0
3047 122 0.0
3240 131 0.0
3311 134 0.0
3389 136 0.0
3415 137 0.0
3559 142 0.0
3584 143 0.0
3713 147 0.0
4083 163 0.0
4224 169 0.0
4439 177 0.0
4534 180 0.0
4578 182 0.0
4610 183 0.0
4806 190 0.0
5119 203 0.0
5224 206 0.0
5616 226 0.0
5900 239 0.0
6115 249 0.0
6172 251 0.0
6276 256 1.0
6389 261 0.0
6476 264 0.0
6583 269 1.0
6881 282 0.0
6968 284 0.0
7005 285 0.0
7105 289 0.0
7137 290 0.0
7151 291 0.0
7385 300 0.0
7501 304 0.0
7669 312 0.0
7721 315 0.0
8159 332 0.0
8615 351 0.0
8869 359 1.0
8889 361 1.0
8920 362 0.0
8958 363 1.0
8956 363 1.0
8975 364 0.0
9048 367 0.0
9077 368 0.0
9454 384 0.0
9584 390 0.0
9993 406 1.0
10043 408 0.0
10128 412 0.0
10444 427 0.0
10542 431 0.0
10581 432 0.0
10743 439 0.0
10805 443 0.0
10871 445 0.0
10997 450 0.0
11047 451 0.0
11448 468 0.0
11614 475 0.0
11781 480 0.0
11933 486 0.0
12038 491 0.0
12118 495 0.0
12271 501 0.0
12404 507 0.0
12782 522 1.0
13446 552 0.0
13623 559 1.0
13652 560 0.0
13809 567 0.0
13931 573 0.0
14339 589 0.0
14669 602 0.0
14900 613 0.0
14925 614 0.0
15685 648 0.0
16121 667 0.0
16151 668 0.0
16165 669 0.0
16337 677 0.0
16535 685 0.0
16610 687 0.0
16717 694 1.0
17007 702 0.0
17249 712 0.0
17291 714 1.0
17457 723 1.0
17698 732 0.0
17771 737 1.0
18491 767 0.0
18574 770 0.0
18671 773 0.0
19088 790 0.0
19130 793 0.0
19696 816 0.0
20122 836 0.0
20268 842 0.0
20390 848 0.0
20593 858 0.0
20830 862 1.0
20836 863 0.0
21325 882 0.0
21578 894 0.0
21665 898 0.0
21768 902 0.0
21805 904 0.0
21884 907 0.0
22283 925 0.0
22506 935 0.0
22555 937 0.0
22677 943 1.0
22900 953 0.0
23013 958 0.0
23059 960 0.0
23249 967 0.0
23345 970 0.0
23427 974 1.0
23591 980 0.0
23808 985 0.0
23858 987 0.0
23948 991 0.0
24048 995 0.0
24156 999 0.0
24230 1002 0.0
24267 1004 0.0
24557 1016 0.0
24728 1021 0.0
24923 1031 0.0
25277 1046 0.0
25456 1053 0.0
25628 1058 0.0
25768 1064 0.0
26285 1083 0.0
26399 1089 1.0
26687 1103 0.0
26784 1107 0.0
27080 1117 0.0
27451 1129 0.0
27533 1133 1.0
27586 1135 0.0
27928 1148 0.0
28034 1152 1.0
28182 1158 0.0
28315 1164 0.0
28758 1180 0.0
28797 1182 0.0
28918 1186 0.0
29196 1199 0.0
29244 1200 0.0
29286 1201 0.0
29661 1218 0.0
29663 1219 0.0
29779 1223 0.0
29864 1227 1.0
30135 1242 1.0
30314 1250 1.0
30815 1273 0.0
31118 1285 0.0
31386 1297 0.0
31474 1300 0.0
31569 1303 1.0
31577 1304 1.0
 fin motif
# 3 target:1 c+:32 c-:188 score:252.21412043932713 score+:1289.5377100375013 score-:583.3381728073853 nb:3 =l_0c_6 l_0c_7 l_0c_0 
455 21 0.0
1043 47 0.0
1594 63 0.0
3547 142 0.0
6009 243 0.0
6347 259 0.0
8074 328 0.0
10289 421 0.0
10761 441 0.0
11825 483 0.0
12051 492 0.0
12343 505 0.0
12643 517 0.0
13468 553 0.0
14046 578 0.0
17598 728 0.0
17869 742 0.0
18837 780 0.0
18957 785 0.0
19288 798 0.0
19388 802 0.0
20741 860 0.0
21252 878 0.0
23288 968 0.0
24280 1004 0.0
25981 1068 0.0
26474 1094 0.0
30259 1248 0.0
30949 1278 0.0
156 7 0.0
307 15 1.0
1761 70 0.0
2222 87 0.0
3842 153 0.0
4992 199 0.0
5343 212 1.0
6122 249 0.0
6444 263 0.0
10192 416 0.0
10476 428 0.0
11022 450 0.0
11135 455 0.0
11430 467 0.0
12372 506 0.0
12466 509 0.0
17960 746 0.0
18935 784 0.0
20558 856 0.0
21740 901 0.0
21791 903 0.0
22386 931 0.0
23174 963 0.0
27367 1126 1.0
28327 1165 0.0
29025 1191 0.0
29617 1217 0.0
30020 1235 0.0
30290 1249 0.0
6064 246 0.0
238 11 0.0
2791 112 0.0
2987 119 0.0
3533 141 0.0
4522 180 0.0
5152 204 0.0
6928 282 0.0
7365 299 0.0
8300 338 0.0
8410 342 0.0
8950 362 0.0
9274 377 0.0
9424 383 0.0
11640 476 0.0
12636 516 0.0
13013 530 0.0
13208 543 0.0
13462 552 0.0
13855 570 0.0
16248 674 0.0
17896 743 0.0
18280 759 0.0
18804 779 0.0
18876 782 0.0
19613 811 0.0
19942 827 0.0
20330 844 0.0
21931 909 0.0
21966 911 0.0
22254 924 0.0
23366 971 0.0
23816 985 0.0
25333 1049 0.0
26322 1085 0.0
29117 1196 0.0
29969 1234 0.0
30754 1270 0.0
30795 1273 0.0
31179 1288 0.0
85 4 0.0
810 37 0.0
867 39 0.0
1003 45 0.0
1632 65 0.0
1948 78 0.0
2367 93 0.0
2417 95 0.0
2709 108 0.0
2726 109 0.0
2754 110 1.0
2807 112 0.0
2989 119 0.0
3161 128 0.0
3182 129 1.0
3529 141 0.0
3676 146 0.0
3892 156 0.0
4912 196 0.0
5304 211 0.0
5426 216 0.0
6095 248 0.0
6209 253 1.0
6355 260 0.0
6645 271 0.0
7442 302 0.0
7579 308 1.0
7644 311 0.0
7673 313 0.0
8067 328 0.0
8135 331 0.0
8585 350 1.0
8863 359 1.0
8903 361 1.0
9008 366 0.0
9116 370 0.0
9208 374 1.0
9266 376 0.0
9279 377 0.0
9389 382 0.0
9475 385 0.0
9882 403 0.0
9984 406 1.0
10142 413 0.0
10281 420 0.0
10463 427 0.0
10624 434 0.0
11264 461 0.0
11496 470 0.0
11557 473 0.0
11626 475 0.0
12137 496 1.0
12163 497 0.0
12378 506 0.0
12570 513 1.0
13165 541 0.0
13207 543 0.0
13464 552 0.0
13569 558 0.0
13613 559 1.0
13915 573 0.0
13962 575 0.0
14163 582 0.0
14187 583 1.0
14285 587 0.0
14406 591 0.0
15202 627 0.0
15929 658 0.0
16277 675 0.0
16354 678 0.0
16729 694 1.0
17212 710 1.0
17463 723 1.0
17552 726 0.0
17786 738 1.0
18193 756 0.0
18332 762 0.0
18972 785 0.0
19228 796 0.0
19244 797 0.0
19575 809 0.0
19814 822 1.0
20025 831 1.0
20341 845 0.0
20605 858 0.0
20743 860 0.0
20813 862 1.0
21001 868 0.0
21245 878 0.0
21253 878 0.0
21474 890 0.0
21921 908 1.0
21935 909 0.0
22024 913 1.0
22256 924 0.0
22297 926 1.0
22397 931 0.0
22444 933 0.0
22589 939 0.0
22777 948 0.0
22850 951 1.0
22978 957 0.0
23000 958 0.0
23440 974 1.0
23612 982 0.0
23832 986 0.0
24018 994 1.0
24085 996 0.0
24171 1000 0.0
24394 1009 0.0
24471 1013 0.0
24586 1018 1.0
24909 1030 1.0
25070 1038 0.0
25135 1041 0.0
26318 1084 0.0
26453 1092 0.0
26642 1102 0.0
26698 1104 0.0
27298 1124 0.0
27358 1126 1.0
27708 1140 0.0
27850 1146 0.0
27953 1150 0.0
28024 1152 1.0
28156 1157 0.0
28290 1163 0.0
28485 1171 0.0
28910 1186 0.0
28926 1187 0.0
28972 1188 0.0
28993 1189 0.0
29118 1196 0.0
29210 1199 0.0
29507 1212 0.0
29880 1228 0.0
29957 1232 0.0
30732 1269 0.0
30793 1273 0.0
30969 1280 0.0
 fin motif
# 4 target:1 c+:18 c-:249 score:212.87783208839699 score+:2379.5806686701467 score-:1528.0693403165587 nb:5 =l_0c_18 l_0c_4 l_0c_1 l_0c_2 l_0c_7 
311 15 1.0
472 21 0.0
4862 193 0.0
5000 200 0.0
5498 220 0.0
5933 241 0.0
13470 553 0.0
14488 595 0.0
15369 634 0.0
20757 861 0.0
26067 1073 1.0
30266 1248 0.0
21 1 1.0
32 2 0.0
114 5 0.0
223 10 0.0
305 14 0.0
358 17 0.0
622 29 0.0
1115 49 0.0
2096 83 0.0
2261 89 0.0
2333 92 0.0
2565 101 0.0
2749 110 1.0
2947 118 0.0
2984 119 0.0
3034 121 0.0
3038 122 0.0
3288 133 0.0
3313 134 0.0
3360 135 0.0
3392 137 0.0
3422 138 0.0
3482 139 0.0
3562 143 0.0
3831 153 0.0
3999 160 0.0
4345 173 0.0
4346 174 0.0
4506 179 0.0
4510 180 0.0
4566 182 0.0
4606 183 0.0
4817 190 0.0
4949 197 0.0
4975 198 0.0
5267 208 0.0
5411 215 0.0
5549 222 0.0
5553 223 0.0
5607 226 0.0
5730 230 0.0
5731 231 0.0
5935 241 0.0
6280 256 1.0
6303 257 0.0
6472 263 0.0
6502 265 0.0
6578 268 0.0
6693 272 0.0
6766 276 0.0
6847 280 0.0
7001 285 0.0
7196 292 0.0
7567 308 1.0
7748 316 0.0
7863 319 0.0
8096 329 0.0
8140 331 0.0
8457 344 0.0
8491 345 0.0
8596 350 1.0
8840 358 0.0
8984 364 0.0
9090 368 0.0
9321 379 0.0
9480 385 0.0
9508 386 0.0
9619 392 0.0
10319 422 0.0
10475 428 0.0
10722 439 0.0
10847 444 0.0
10992 449 0.0
11229 459 0.0
11255 461 0.0
11301 462 0.0
11357 464 0.0
11390 465 0.0
11484 470 0.0
11606 474 0.0
11708 478 0.0
12017 491 0.0
12236 500 0.0
12275 501 0.0
12432 508 1.0
12530 511 0.0
12537 512 0.0
12575 513 1.0
12728 520 0.0
12786 522 1.0
13034 531 0.0
13048 533 0.0
13084 534 0.0
13183 541 0.0
13206 542 0.0
13269 546 0.0
13473 553 0.0
13868 570 0.0
14039 578 0.0
14054 579 0.0
14229 585 0.0
14249 586 0.0
14280 587 0.0
14355 589 0.0
14750 605 0.0
14836 608 0.0
14847 609 0.0
14985 617 0.0
15112 623 0.0
15124 624 0.0
15173 626 0.0
15633 646 0.0
15710 649 0.0
15778 652 0.0
15957 659 0.0
16010 661 0.0
16056 664 0.0
16266 674 0.0
16655 689 0.0
16776 696 0.0
17171 709 0.0
17217 710 1.0
17248 712 0.0
17335 716 0.0
17357 717 0.0
17385 718 0.0
17406 719 0.0
17567 727 0.0
17837 740 0.0
17905 743 0.0
18131 754 0.0
18320 762 0.0
18583 770 0.0
18628 772 0.0
18782 777 0.0
19067 789 0.0
19122 793 0.0
19345 800 0.0
19498 806 0.0
19554 808 0.0
19580 809 0.0
19603 810 0.0
19700 816 0.0
19786 820 0.0
19830 823 0.0
19965 828 0.0
20068 833 0.0
20094 834 0.0
20185 838 0.0
20238 841 0.0
20257 842 0.0
20296 843 0.0
20568 857 0.0
20787 861 0.0
20983 867 0.0
21035 869 0.0
21135 874 0.0
21356 884 0.0
21439 888 0.0
21471 889 0.0
21497 890 0.0
21680 898 0.0
21875 907 0.0
21958 910 0.0
22251 924 0.0
22602 939 0.0
22646 941 0.0
22796 948 0.0
22836 950 0.0
22859 952 0.0
22926 954 0.0
23018 958 0.0
23033 959 0.0
23383 971 0.0
23410 973 0.0
23469 975 0.0
23564 979 0.0
23676 983 0.0
23925 990 0.0
24076 996 0.0
24167 999 0.0
24324 1006 0.0
24389 1009 0.0
24488 1014 0.0
24554 1016 0.0
24742 1021 0.0
24758 1022 0.0
24898 1029 0.0
24902 1030 1.0
24935 1031 0.0
25088 1038 0.0
25130 1040 0.0
25214 1043 0.0
25364 1050 0.0
25482 1054 0.0
25606 1058 0.0
25711 1062 0.0
25803 1065 0.0
25929 1067 0.0
25993 1069 0.0
26060 1072 0.0
26196 1079 0.0
26203 1080 0.0
26289 1083 0.0
26397 1089 1.0
26572 1097 0.0
26600 1100 0.0
26665 1103 0.0
26713 1104 0.0
27037 1116 0.0
27429 1129 0.0
27674 1138 0.0
27758 1142 0.0
27920 1148 0.0
28005 1151 0.0
28074 1154 0.0
28131 1156 0.0
28149 1157 0.0
28237 1160 0.0
28323 1164 0.0
28345 1165 0.0
28380 1167 0.0
28398 1168 0.0
28468 1170 0.0
28473 1171 0.0
28558 1174 0.0
28591 1175 0.0
28676 1178 0.0
28782 1181 0.0
28871 1185 0.0
29082 1193 0.0
29192 1198 0.0
29393 1205 0.0
29675 1219 0.0
29792 1223 0.0
29860 1227 1.0
30054 1236 0.0
30169 1243 1.0
30213 1245 0.0
30577 1261 0.0
30594 1262 0.0
30717 1268 0.0
30720 1269 0.0
30823 1274 0.0
31007 1281 0.0
31198 1289 0.0
31290 1292 0.0
31297 1293 0.0
31338 1294 1.0
31421 1298 0.0
31511 1301 0.0
31570 1303 1.0
31574 1304 1.0
31580 1305 0.0
31726 1311 0.0
12785 522 1.0
15006 618 0.0
18006 749 0.0
29458 1210 0.0
 fin motif
# 5 target:1 c+:29 c-:201 score:88.46052313925972 score+:1057.4278919358644 score-:756.6621132623812 nb:4 =l_0c_4 l_0c_2 l_0c_14 l_0c_9 
311 15 1.0
472 21 0.0
4862 193 0.0
5000 200 0.0
5498 220 0.0
5933 241 0.0
13470 553 0.0
14488 595 0.0
15369 634 0.0
20757 861 0.0
26067 1073 1.0
30266 1248 0.0
109 5 0.0
221 10 0.0
261 13 0.0
296 14 0.0
317 16 0.0
475 22 0.0
698 33 0.0
773 35 0.0
856 39 0.0
1110 49 0.0
1167 52 0.0
1484 60 0.0
1723 69 0.0
1786 71 0.0
2011 81 0.0
2054 82 0.0
2285 90 0.0
2347 93 0.0
2421 95 0.0
2819 113 0.0
3046 122 0.0
3221 131 0.0
3318 134 0.0
3361 135 0.0
3364 136 0.0
3414 137 0.0
3556 142 0.0
3583 143 0.0
3710 147 0.0
4082 163 0.0
4442 177 0.0
4533 180 0.0
4609 183 0.0
4760 188 0.0
4795 190 0.0
5464 217 0.0
5551 223 0.0
5605 225 0.0
5615 226 0.0
5898 239 0.0
6114 249 0.0
6168 251 0.0
6275 256 1.0
6388 261 0.0
6417 261 0.0
6582 269 1.0
6691 272 0.0
6911 282 0.0
7004 285 0.0
7114 290 0.0
7149 291 0.0
7381 300 0.0
7500 304 0.0
7651 312 0.0
8614 351 0.0
8899 361 1.0
8974 364 0.0
9047 367 0.0
9452 384 0.0
9583 390 0.0
10017 408 0.0
10117 412 0.0
10543 431 0.0
10580 432 0.0
10742 439 0.0
10806 443 0.0
11005 450 0.0
11045 451 0.0
11355 464 0.0
11447 468 0.0
11741 479 0.0
11774 480 0.0
11914 486 0.0
12037 491 0.0
12114 495 0.0
12270 501 0.0
13454 552 0.0
13771 565 0.0
13802 567 0.0
13928 573 0.0
14279 587 0.0
14336 589 0.0
14668 602 0.0
14899 613 0.0
14924 614 0.0
14958 615 0.0
15068 621 0.0
15661 648 0.0
16116 667 0.0
16336 677 0.0
16609 687 0.0
17006 702 0.0
17246 712 0.0
17290 714 1.0
18298 761 0.0
18487 767 0.0
18573 770 0.0
18670 773 0.0
19072 790 0.0
19127 793 0.0
19160 795 0.0
19605 810 0.0
19695 816 0.0
20123 836 0.0
20277 842 0.0
20389 848 0.0
20844 863 0.0
21273 879 0.0
21556 894 0.0
21767 902 0.0
21883 907 0.0
22265 925 0.0
22550 937 0.0
22750 946 0.0
22780 948 0.0
22904 953 0.0
23012 958 0.0
23257 967 0.0
23344 970 0.0
23587 980 0.0
23797 985 0.0
23860 987 0.0
23947 991 0.0
24047 995 0.0
24155 999 0.0
24287 1004 0.0
24527 1016 0.0
25455 1053 0.0
25627 1058 0.0
25767 1064 0.0
25992 1069 0.0
26061 1072 0.0
26284 1083 0.0
26664 1103 0.0
26759 1107 0.0
27450 1129 0.0
27550 1133 1.0
27927 1148 0.0
28003 1151 0.0
28020 1152 1.0
28302 1164 0.0
28417 1169 0.0
28590 1175 0.0
28755 1180 0.0
29285 1201 0.0
29659 1218 0.0
30165 1242 1.0
30170 1243 1.0
30233 1247 0.0
31432 1298 0.0
31473 1300 0.0
31568 1303 1.0
25 1 1.0
17 1 1.0
110 5 0.0
222 10 0.0
284 13 0.0
318 16 0.0
384 18 0.0
652 31 1.0
712 33 0.0
737 34 0.0
774 35 0.0
785 36 0.0
857 39 0.0
878 40 1.0
1111 49 0.0
1502 60 0.0
1722 69 0.0
2035 81 0.0
2055 82 0.0
2286 90 0.0
2377 93 0.0
2409 95 0.0
2450 98 0.0
2593 102 0.0
2637 104 0.0
2687 106 0.0
2818 113 0.0
3047 122 0.0
3240 131 0.0
3311 134 0.0
3389 136 0.0
3415 137 0.0
3559 142 0.0
3584 143 0.0
3713 147 0.0
4083 163 0.0
4224 169 0.0
4439 177 0.0
4534 180 0.0
4578 182 0.0
4610 183 0.0
4806 190 0.0
5119 203 0.0
5224 206 0.0
5616 226 0.0
5895 239 0.0
5900 239 0.0
6115 249 0.0
6172 251 0.0
6276 256 1.0
6389 261 0.0
6476 264 0.0
6583 269 1.0
6881 282 0.0
6968 284 0.0
7020 285 0.0
7005 285 0.0
7105 289 0.0
7137 290 0.0
7151 291 0.0
7385 300 0.0
7501 304 0.0
7669 312 0.0
7721 315 0.0
8159 332 0.0
8615 351 0.0
8869 359 1.0
8889 361 1.0
8920 362 0.0
8958 363 1.0
8956 363 1.0
8975 364 0.0
9048 367 0.0
9077 368 0.0
9454 384 0.0
9584 390 0.0
9993 406 1.0
10043 408 0.0
10128 412 0.0
10542 431 0.0
10581 432 0.0
10743 439 0.0
10805 443 0.0
10871 445 0.0
10997 450 0.0
11047 451 0.0
11448 468 0.0
11614 475 0.0
11781 480 0.0
11933 486 0.0
12038 491 0.0
12118 495 0.0
12271 501 0.0
12404 507 0.0
12782 522 1.0
13446 552 0.0
13623 559 1.0
13652 560 0.0
13809 567 0.0
13931 573 0.0
14339 589 0.0
14669 602 0.0
14900 613 0.0
14925 614 0.0
15685 648 0.0
16121 667 0.0
16151 668 0.0
16165 669 0.0
16337 677 0.0
16535 685 0.0
16610 687 0.0
16717 694 1.0
17007 702 0.0
17249 712 0.0
17291 714 1.0
17457 723 1.0
17698 732 0.0
17771 737 1.0
18491 767 0.0
18574 770 0.0
18671 773 0.0
19088 790 0.0
19130 793 0.0
19696 816 0.0
20122 836 0.0
20268 842 0.0
20390 848 0.0
20593 858 0.0
20830 862 1.0
20836 863 0.0
21325 882 0.0
21578 894 0.0
21665 898 0.0
21768 902 0.0
21805 904 0.0
21884 907 0.0
22283 925 0.0
22506 935 0.0
22555 937 0.0
22677 943 1.0
22900 953 0.0
23013 958 0.0
23059 960 0.0
23249 967 0.0
23345 970 0.0
23427 974 1.0
23591 980 0.0
23808 985 0.0
23819 985 0.0
23858 987 0.0
23948 991 0.0
24048 995 0.0
24156 999 0.0
24267 1004 0.0
24557 1016 0.0
24728 1021 0.0
24923 1031 0.0
25277 1046 0.0
25456 1053 0.0
25628 1058 0.0
25768 1064 0.0
26285 1083 0.0
26399 1089 1.0
26687 1103 0.0
26784 1107 0.0
27080 1117 0.0
27451 1129 0.0
27533 1133 1.0
27586 1135 0.0
27928 1148 0.0
28034 1152 1.0
28182 1158 0.0
28315 1164 0.0
28758 1180 0.0
28797 1182 0.0
28918 1186 0.0
29196 1199 0.0
29244 1200 0.0
29286 1201 0.0
29661 1218 0.0
29663 1219 0.0
29779 1223 0.0
29864 1227 1.0
30135 1242 1.0
30271 1248 0.0
30314 1250 1.0
30815 1273 0.0
31118 1285 0.0
31386 1297 0.0
31474 1300 0.0
31569 1303 1.0
31577 1304 1.0
12785 522 1.0
13163 541 0.0
21473 890 0.0
30309 1250 1.0
 fin motif
# 6 target:1 c+:31 c-:671 score:80.32960081602835 score+:3863.9502435473382 score-:3446.236319303991 nb:7 =l_0c_5 l_0c_15 l_0c_0 l_0c_9 l_0c_3 l_0c_19 l_0c_16 
365 17 0.0
2483 99 0.0
2764 110 1.0
6726 274 0.0
7964 324 0.0
8146 332 0.0
8365 340 0.0
8999 366 0.0
9969 405 0.0
10778 441 0.0
10967 448 0.0
11842 483 0.0
13002 530 0.0
15998 661 0.0
16026 662 0.0
17934 745 0.0
18150 755 0.0
20120 835 0.0
20709 859 0.0
21616 896 0.0
25128 1040 0.0
25619 1058 0.0
29113 1195 0.0
30905 1277 0.0
31598 1305 0.0
15 0 0.0
65 3 0.0
93 4 0.0
97 5 0.0
176 8 0.0
177 8 0.0
211 10 0.0
227 11 0.0
254 12 0.0
367 17 0.0
407 19 0.0
497 23 0.0
534 24 0.0
557 26 0.0
568 27 0.0
599 28 0.0
625 29 0.0
643 31 1.0
641 31 1.0
755 35 0.0
814 37 0.0
828 38 0.0
863 39 0.0
914 42 0.0
952 43 0.0
1015 45 0.0
1026 46 0.0
1059 47 0.0
1070 48 0.0
1097 49 0.0
1158 51 0.0
1265 53 0.0
1287 54 0.0
1362 57 0.0
1409 58 0.0
1465 59 0.0
1552 62 0.0
1604 64 0.0
1646 65 0.0
1652 66 0.0
1700 67 0.0
1716 68 0.0
1726 69 0.0
1784 71 0.0
1813 72 0.0
1868 75 0.0
1880 76 0.0
1903 77 0.0
1912 78 0.0
1981 79 0.0
1992 80 0.0
2075 83 0.0
2106 84 0.0
2198 86 0.0
2217 87 0.0
2271 90 0.0
2306 91 0.0
2327 92 0.0
2399 94 0.0
2420 95 0.0
2425 96 0.0
2448 97 0.0
2492 99 0.0
2534 100 0.0
2606 103 0.0
2632 104 0.0
2631 104 0.0
2650 105 0.0
2765 110 1.0
2817 112 0.0
2836 113 0.0
2850 114 0.0
2862 115 0.0
2929 117 0.0
3008 120 0.0
3015 121 0.0
3079 123 0.0
3101 124 0.0
3191 129 1.0
3279 133 0.0
3337 135 0.0
3440 138 0.0
3473 139 0.0
3659 145 0.0
3685 146 0.0
3736 148 0.0
3741 149 0.0
3815 151 0.0
3846 154 0.0
3857 155 0.0
3932 157 0.0
3972 159 0.0
4000 160 0.0
4094 163 0.0
4117 164 0.0
4128 165 0.0
4195 168 0.0
4287 171 0.0
4337 173 0.0
4360 174 0.0
4410 176 0.0
4483 178 0.0
4552 181 0.0
4550 181 0.0
4680 186 0.0
4737 187 0.0
4759 188 0.0
4761 189 0.0
4827 191 0.0
4886 195 0.0
4934 197 0.0
4965 198 0.0
4987 199 0.0
4997 200 0.0
4995 200 0.0
5006 201 1.0
5073 202 0.0
5161 204 0.0
5191 205 0.0
5229 207 0.0
5255 208 0.0
5288 210 0.0
5347 212 1.0
5364 213 0.0
5410 215 0.0
5474 218 0.0
5520 221 0.0
5641 227 0.0
5683 229 0.0
5741 231 0.0
5737 231 0.0
5803 234 0.0
5875 238 0.0
5893 239 0.0
5922 240 0.0
5973 242 0.0
6007 243 0.0
6042 244 0.0
6057 245 0.0
6101 248 0.0
6102 249 0.0
6195 252 0.0
6196 252 0.0
6238 254 0.0
6260 255 0.0
6262 256 1.0
6289 257 0.0
6326 258 0.0
6371 260 0.0
6405 261 0.0
6544 266 0.0
6571 268 0.0
6600 269 1.0
6633 270 0.0
6686 272 0.0
6661 272 0.0
6707 273 0.0
6727 274 0.0
6728 275 0.0
6755 276 0.0
6793 277 0.0
6803 278 0.0
6821 279 0.0
6817 279 0.0
6858 281 0.0
7042 286 0.0
7084 289 0.0
7176 292 0.0
7198 293 0.0
7197 293 0.0
7235 295 0.0
7341 299 0.0
7423 301 0.0
7429 302 0.0
7522 305 0.0
7614 309 0.0
7747 316 0.0
7744 316 0.0
7752 316 0.0
7828 317 0.0
7851 319 0.0
7915 321 0.0
7913 321 0.0
7956 323 0.0
7952 323 0.0
7954 323 0.0
7963 324 0.0
7974 325 0.0
8027 326 0.0
8043 327 0.0
8051 328 0.0
8097 330 0.0
8145 332 0.0
8192 334 0.0
8231 335 0.0
8280 337 0.0
8288 338 0.0
8305 338 0.0
8313 339 0.0
8366 340 0.0
8468 344 0.0
8493 345 0.0
8498 345 0.0
8508 346 0.0
8581 349 0.0
8601 350 1.0
8623 351 0.0
8630 352 0.0
8678 353 0.0
8775 356 0.0
8759 356 0.0
8828 357 0.0
8778 357 0.0
8860 359 1.0
8876 360 0.0
9093 368 0.0
9169 372 0.0
9166 372 0.0
9199 373 0.0
9222 374 1.0
9227 375 0.0
9286 377 0.0
9324 379 0.0
9325 379 0.0
9336 380 0.0
9366 381 0.0
9402 382 0.0
9492 386 0.0
9536 387 0.0
9548 388 0.0
9566 389 0.0
9580 390 0.0
9604 391 0.0
9620 392 0.0
9671 394 0.0
9703 395 0.0
9715 396 0.0
9721 396 0.0
9755 399 0.0
9777 400 0.0
9817 401 0.0
9872 402 0.0
9958 404 0.0
9970 405 0.0
9962 405 0.0
9973 406 1.0
10006 407 0.0
10091 410 0.0
10154 413 0.0
10190 416 0.0
10205 417 0.0
10235 418 0.0
10258 419 0.0
10302 421 0.0
10331 422 0.0
10466 428 0.0
10539 430 0.0
10561 431 0.0
10593 432 0.0
10594 433 0.0
10627 434 0.0
10672 436 0.0
10696 437 0.0
10824 443 0.0
10837 444 0.0
10834 444 0.0
10955 448 0.0
10988 449 0.0
11076 452 0.0
11084 452 0.0
11165 456 0.0
11166 456 0.0
11184 457 0.0
11212 459 0.0
11236 460 0.0
11274 461 0.0
11324 463 0.0
11347 464 0.0
11349 464 0.0
11382 465 0.0
11414 466 0.0
11428 467 0.0
11655 476 0.0
11762 480 0.0
11783 481 0.0
11884 485 0.0
12041 492 0.0
12054 493 0.0
12094 494 0.0
12155 496 1.0
12174 497 0.0
12258 501 0.0
12283 502 0.0
12315 504 0.0
12347 506 0.0
12464 509 0.0
12559 513 1.0
12587 514 0.0
12630 516 0.0
12689 518 0.0
12721 519 0.0
12725 519 0.0
12733 520 0.0
12771 521 0.0
12822 524 0.0
12833 524 0.0
12858 525 0.0
12862 526 0.0
12867 526 0.0
12878 527 0.0
12946 528 0.0
12984 529 0.0
13010 530 0.0
13000 530 0.0
13019 531 0.0
13039 532 0.0
13113 536 0.0
13158 540 0.0
13159 540 0.0
13171 541 0.0
13265 545 0.0
13280 546 0.0
13330 548 0.0
13362 550 0.0
13500 554 0.0
13529 555 0.0
13534 556 0.0
13598 559 1.0
13689 562 0.0
13714 563 0.0
13701 563 0.0
13716 564 0.0
13779 566 0.0
13808 567 0.0
13822 568 0.0
13849 569 0.0
13860 570 0.0
13902 572 0.0
13935 573 0.0
13966 575 0.0
13987 576 0.0
14020 577 0.0
14060 579 0.0
14146 581 0.0
14171 582 0.0
14172 583 1.0
14239 585 0.0
14314 588 0.0
14424 592 0.0
14509 596 0.0
14519 597 0.0
14604 599 0.0
14624 600 0.0
14701 603 0.0
14742 604 0.0
14797 607 0.0
14859 609 0.0
14892 613 0.0
14903 614 0.0
14933 615 0.0
14991 617 0.0
15024 619 0.0
15039 620 0.0
15054 621 0.0
15099 623 0.0
15157 625 0.0
15186 626 0.0
15187 627 0.0
15235 628 0.0
15255 629 0.0
15309 631 1.0
15317 632 0.0
15337 633 0.0
15410 636 0.0
15463 639 0.0
15644 647 0.0
15696 649 0.0
15813 653 0.0
15840 654 0.0
15891 656 0.0
15920 657 0.0
15999 661 0.0
16029 662 0.0
16173 669 0.0
16207 672 0.0
16246 673 0.0
16249 674 0.0
16300 676 0.0
16309 676 0.0
16369 678 0.0
16395 679 0.0
16442 681 0.0
16466 682 0.0
16485 683 0.0
16486 684 0.0
16588 686 0.0
16635 688 0.0
16643 689 0.0
16697 692 0.0
16757 695 0.0
16946 700 0.0
16977 701 0.0
16991 702 0.0
17014 703 0.0
17089 706 0.0
17197 710 1.0
17242 712 0.0
17314 715 0.0
17349 717 0.0
17429 722 0.0
17494 724 0.0
17558 726 0.0
17611 729 0.0
17646 731 0.0
17717 733 0.0
17739 734 0.0
17740 735 0.0
17795 739 0.0
17830 740 0.0
17851 741 0.0
17874 742 0.0
17901 743 0.0
17935 745 0.0
18003 748 0.0
18062 750 0.0
18064 751 0.0
18085 752 0.0
18118 753 0.0
18142 754 0.0
18171 755 0.0
18206 756 0.0
18218 757 0.0
18257 758 0.0
18447 765 0.0
18468 766 0.0
18517 768 0.0
18544 769 0.0
18570 770 0.0
18634 772 0.0
18708 775 0.0
18730 775 0.0
18824 779 0.0
18844 780 0.0
18891 782 0.0
18910 783 0.0
18948 784 0.0
18981 785 0.0
18996 786 0.0
19020 787 0.0
19021 787 0.0
19030 788 0.0
19138 793 0.0
19183 795 0.0
19213 796 0.0
19263 797 0.0
19356 800 0.0
19382 801 0.0
19425 803 0.0
19479 806 0.0
19526 807 0.0
19594 810 0.0
19631 813 0.0
19630 813 0.0
19652 814 0.0
19670 815 0.0
19667 815 0.0
19683 816 0.0
19727 817 0.0
19760 819 0.0
19803 822 1.0
19823 823 0.0
19821 823 0.0
19852 824 0.0
19898 825 0.0
19950 827 0.0
20009 830 0.0
20030 831 1.0
20079 833 0.0
20121 835 0.0
20138 836 0.0
20197 839 0.0
20251 841 0.0
20294 843 0.0
20286 843 0.0
20307 844 0.0
20374 848 0.0
20414 849 0.0
20465 851 0.0
20475 852 0.0
20513 854 0.0
20556 856 0.0
20581 857 0.0
20580 857 0.0
20668 859 0.0
20823 862 1.0
20874 864 0.0
20936 865 0.0
20966 867 0.0
21008 868 0.0
21030 869 0.0
21098 873 0.0
21173 875 0.0
21199 876 0.0
21228 877 1.0
21229 878 0.0
21276 880 0.0
21298 881 0.0
21300 882 0.0
21303 882 0.0
21398 885 0.0
21462 889 0.0
21480 890 0.0
21483 890 0.0
21506 891 0.0
21530 892 0.0
21543 893 0.0
21570 894 0.0
21587 895 0.0
21595 896 0.0
21640 897 0.0
21961 910 0.0
21967 911 0.0
22012 913 1.0
22101 916 0.0
22133 918 0.0
22136 919 0.0
22164 920 0.0
22170 920 0.0
22212 922 0.0
22243 924 0.0
22303 926 1.0
22313 927 0.0
22343 928 0.0
22353 929 0.0
22381 930 0.0
22403 931 0.0
22423 932 0.0
22478 934 0.0
22532 936 0.0
22636 941 0.0
22657 942 0.0
22673 943 1.0
22672 943 1.0
22749 946 0.0
22766 947 0.0
22784 948 0.0
22817 949 0.0
22819 950 0.0
22855 951 1.0
22878 952 0.0
22879 953 0.0
22921 954 0.0
22932 955 0.0
22937 955 0.0
23081 961 0.0
23177 963 0.0
23197 964 0.0
23234 966 0.0
23305 969 0.0
23324 970 0.0
23401 972 0.0
23416 973 0.0
23477 975 0.0
23527 978 0.0
23605 981 0.0
23694 983 0.0
23821 986 0.0
23848 987 0.0
23871 988 0.0
23892 989 0.0
23908 990 0.0
23992 992 0.0
23995 993 0.0
24040 994 1.0
24062 995 0.0
24081 996 0.0
24117 997 0.0
24165 999 0.0
24179 1000 0.0
24237 1003 0.0
24306 1005 0.0
24321 1006 0.0
24382 1008 0.0
24392 1009 0.0
24421 1010 0.0
24447 1011 0.0
24506 1014 0.0
24558 1017 0.0
24601 1018 1.0
24681 1019 0.0
24691 1020 0.0
24811 1025 0.0
24860 1027 0.0
24875 1028 0.0
24917 1030 1.0
24959 1032 0.0
24961 1033 0.0
24994 1034 0.0
24998 1035 0.0
25114 1039 0.0
25123 1040 0.0
25143 1041 0.0
25212 1042 0.0
25242 1044 0.0
25245 1045 0.0
25310 1047 0.0
25331 1048 0.0
25351 1049 0.0
25488 1055 0.0
25526 1056 0.0
25562 1057 0.0
25620 1058 0.0
25640 1059 0.0
25665 1060 0.0
25759 1064 0.0
25872 1067 0.0
25998 1069 0.0
26026 1070 0.0
26031 1071 0.0
26051 1072 0.0
26092 1074 0.0
26141 1077 0.0
26189 1079 0.0
26260 1082 0.0
26392 1088 0.0
26469 1093 0.0
26513 1095 0.0
26554 1097 0.0
26589 1098 0.0
26597 1099 0.0
26634 1101 0.0
26649 1102 0.0
26667 1103 0.0
26768 1107 0.0
26812 1108 0.0
26844 1109 0.0
26941 1113 0.0
27016 1115 0.0
27073 1117 0.0
27110 1118 0.0
27152 1120 0.0
27253 1122 0.0
27269 1123 0.0
27362 1126 1.0
27376 1127 0.0
27419 1128 0.0
27462 1130 0.0
27483 1131 0.0
27489 1132 0.0
27541 1133 1.0
27559 1134 0.0
27648 1137 0.0
27715 1140 0.0
27784 1143 0.0
27817 1144 0.0
27858 1146 0.0
27914 1148 0.0
27960 1150 0.0
27985 1151 0.0
28049 1153 0.0
28101 1155 0.0
28205 1159 0.0
28226 1160 0.0
28288 1163 0.0
28361 1166 0.0
28378 1167 0.0
28382 1168 0.0
28422 1169 0.0
28456 1170 0.0
28520 1172 0.0
28574 1174 0.0
28583 1175 0.0
28587 1175 0.0
28624 1176 0.0
28726 1179 0.0
28743 1180 0.0
28783 1181 0.0
28844 1184 0.0
28955 1188 0.0
28985 1189 0.0
29030 1191 0.0
29090 1193 0.0
29098 1194 0.0
29114 1195 0.0
29108 1195 0.0
29141 1196 0.0
29272 1201 0.0
29327 1203 0.0
29346 1204 0.0
29417 1208 0.0
29422 1208 0.0
29456 1209 0.0
29461 1210 0.0
29520 1212 0.0
29613 1216 0.0
29629 1217 0.0
29711 1220 0.0
29717 1221 0.0
29806 1224 0.0
29827 1225 0.0
29853 1226 0.0
29872 1228 0.0
29896 1229 0.0
29938 1231 0.0
29967 1233 0.0
29999 1234 0.0
30033 1236 0.0
30069 1237 0.0
30099 1239 0.0
30119 1240 0.0
30153 1242 1.0
30196 1244 0.0
30197 1245 0.0
30217 1246 0.0
30228 1246 0.0
30243 1247 0.0
30299 1249 0.0
30335 1251 0.0
30376 1253 0.0
30420 1254 0.0
30520 1258 0.0
30528 1259 0.0
30569 1261 0.0
30579 1262 0.0
30604 1263 0.0
30619 1264 0.0
30634 1265 0.0
30673 1267 0.0
30702 1268 0.0
30699 1268 0.0
30757 1270 0.0
30785 1271 0.0
30851 1275 0.0
30874 1276 0.0
30906 1277 0.0
30977 1280 0.0
31009 1281 0.0
31054 1283 0.0
31124 1285 0.0
31127 1286 0.0
31148 1287 0.0
31306 1293 0.0
31356 1296 0.0
31354 1296 0.0
31415 1298 0.0
31441 1299 0.0
31493 1301 0.0
31599 1305 0.0
31617 1306 0.0
31666 1309 0.0
31716 1311 0.0
 fin motif
# 7 target:1 c+:4 c-:34 score:60.28783580538187 score+:297.3435145831106 score-:128.5375743280414 nb:3 =l_0c_4 l_0c_8 l_0c_7 
2989 119 0.0
10281 420 0.0
12137 496 1.0
13464 552 0.0
22256 924 0.0
22777 948 0.0
24018 994 1.0
28926 1187 0.0
29957 1232 0.0
30793 1273 0.0
146 6 0.0
412 19 0.0
3084 124 0.0
4955 198 0.0
6201 252 0.0
7836 318 0.0
11457 468 0.0
11999 489 0.0
12324 504 0.0
12787 522 1.0
12785 522 1.0
13164 541 0.0
13163 541 0.0
13999 576 0.0
15006 618 0.0
16450 681 0.0
18006 749 0.0
18225 757 0.0
18272 759 0.0
21498 890 0.0
21473 890 0.0
21721 900 0.0
22324 927 0.0
22535 937 0.0
24451 1011 0.0
25531 1056 0.0
29074 1193 0.0
29416 1207 0.0
29458 1210 0.0
30310 1250 1.0
30309 1250 1.0
31624 1307 0.0
 fin motif
# 8 target:1 c+:9 c-:170 score:37.91253560414154 score+:896.9626030338152 score-:768.059981979734 nb:4 =l_0c_12 l_0c_15 l_0c_2 l_0c_10 
1043 47 0.0
1594 63 0.0
3547 142 0.0
6347 259 0.0
10289 421 0.0
10761 441 0.0
11825 483 0.0
12343 505 0.0
14046 578 0.0
17598 728 0.0
17869 742 0.0
19288 798 0.0
19388 802 0.0
24280 1004 0.0
26474 1094 0.0
156 7 0.0
307 15 1.0
386 18 0.0
1149 51 0.0
1361 57 0.0
1761 70 0.0
2023 81 0.0
2087 83 0.0
2222 87 0.0
3078 123 0.0
3620 144 0.0
3842 153 0.0
4549 181 0.0
4992 199 0.0
5006 201 1.0
5190 205 0.0
5343 212 1.0
5741 231 0.0
5909 240 0.0
6122 249 0.0
6444 263 0.0
6518 265 0.0
6673 272 0.0
7562 307 0.0
8466 344 0.0
9325 379 0.0
10166 414 1.0
10192 416 0.0
10476 428 0.0
10798 442 0.0
11022 450 0.0
11135 455 0.0
11430 467 0.0
11945 487 0.0
12372 506 0.0
12466 509 0.0
13499 554 0.0
13713 563 0.0
14425 592 0.0
15018 619 0.0
15133 624 0.0
15643 647 0.0
17367 718 0.0
17850 741 0.0
17960 746 0.0
18935 784 0.0
19154 794 0.0
19305 798 0.0
19977 829 0.0
20491 852 0.0
20558 856 0.0
20954 866 0.0
21144 874 0.0
21715 900 0.0
21740 901 0.0
21791 903 0.0
22130 918 0.0
22373 930 0.0
22386 931 0.0
22659 942 0.0
23174 963 0.0
23472 975 0.0
23881 988 0.0
23995 993 0.0
25112 1039 0.0
25220 1043 0.0
25816 1066 0.0
26064 1073 1.0
26512 1095 0.0
27252 1122 0.0
27367 1126 1.0
27700 1139 0.0
28327 1165 0.0
29025 1191 0.0
29398 1206 0.0
29462 1210 0.0
29617 1217 0.0
29648 1218 0.0
30020 1235 0.0
30185 1244 0.0
30290 1249 0.0
30633 1265 0.0
1010 45 0.0
2006 80 0.0
2791 112 0.0
3436 138 0.0
5008 201 1.0
5534 222 0.0
5742 231 0.0
6928 282 0.0
6931 283 0.0
7365 299 0.0
7606 309 0.0
7643 311 0.0
8276 337 0.0
8950 362 0.0
9274 377 0.0
9326 379 0.0
9736 398 0.0
9769 399 0.0
10208 417 0.0
11122 454 1.0
11243 460 0.0
11640 476 0.0
12636 516 0.0
12635 516 0.0
13012 530 0.0
13013 530 0.0
13251 545 0.0
13370 550 0.0
13749 565 0.0
14083 580 0.0
16037 664 0.0
16248 674 0.0
16416 680 0.0
16972 701 0.0
17705 733 0.0
18804 779 0.0
18849 780 0.0
18876 782 0.0
19023 787 0.0
19211 796 0.0
19519 807 0.0
19647 814 0.0
19837 823 0.0
20345 845 0.0
20493 852 0.0
20532 855 0.0
21829 905 0.0
21966 911 0.0
22008 912 0.0
25160 1041 0.0
25333 1049 0.0
25440 1053 0.0
27774 1142 0.0
27866 1146 0.0
28280 1162 0.0
28971 1188 0.0
29188 1198 0.0
29855 1226 0.0
29969 1234 0.0
30112 1240 0.0
30974 1280 0.0
31179 1288 0.0
31494 1301 0.0
146 6 0.0
412 19 0.0
3084 124 0.0
4955 198 0.0
6201 252 0.0
7836 318 0.0
11457 468 0.0
11999 489 0.0
12324 504 0.0
12787 522 1.0
13164 541 0.0
13999 576 0.0
15006 618 0.0
16450 681 0.0
18006 749 0.0
18225 757 0.0
18272 759 0.0
21498 890 0.0
21721 900 0.0
22324 927 0.0
22535 937 0.0
24451 1011 0.0
25531 1056 0.0
29074 1193 0.0
29416 1207 0.0
29458 1210 0.0
30310 1250 1.0
31624 1307 0.0
31626 1307 0.0
 fin motif
# 9 target:1 c+:1 c-:0 score:32.77315462202942 score+:170.42040403455297 score-:0 nb:7 =l_0c_12 l_0c_18 l_0c_1 l_0c_3 l_0c_0 l_0c_19 l_0c_14 
31333 1294 1.0
 fin motif
