# 0 target:0 c+:24 c-:1085 score:381.8326395008812 score+:559.9870923271716 score-:1170.9193155285816 nb:1 =l_3c_2 
14 0 0.0
19 1 1.0
51 2 0.0
73 4 0.0
125 5 0.0
152 6 0.0
164 7 0.0
179 8 0.0
196 9 0.0
237 11 0.0
255 12 0.0
280 13 0.0
291 14 0.0
315 15 1.0
360 17 0.0
377 18 0.0
431 19 0.0
437 20 0.0
471 21 0.0
480 22 0.0
500 23 0.0
509 24 0.0
549 25 0.0
566 26 0.0
584 27 0.0
603 28 0.0
627 29 0.0
637 31 1.0
675 32 0.0
694 33 0.0
719 34 0.0
801 36 0.0
837 38 0.0
883 40 1.0
905 41 0.0
932 43 0.0
978 44 0.0
1012 45 0.0
1027 46 0.0
1041 47 0.0
1073 48 0.0
1102 49 0.0
1146 50 0.0
1151 51 0.0
1199 52 0.0
1211 53 0.0
1317 55 0.0
1333 56 0.0
1376 57 0.0
1384 58 0.0
1444 59 0.0
1501 60 0.0
1528 61 0.0
1531 62 0.0
1554 63 0.0
1611 64 0.0
1627 65 0.0
1679 67 0.0
1717 68 0.0
1727 69 0.0
1765 70 0.0
1779 71 0.0
1814 72 0.0
1819 73 0.0
1852 74 0.0
1867 75 0.0
1875 76 0.0
1909 77 0.0
1933 78 0.0
1971 79 0.0
1990 80 0.0
2024 81 0.0
2046 82 0.0
2081 83 0.0
2112 84 0.0
2132 85 0.0
2191 86 0.0
2224 87 0.0
2230 88 0.0
2238 89 0.0
2272 90 0.0
2311 91 0.0
2342 92 0.0
2349 93 0.0
2400 94 0.0
2408 95 0.0
2426 96 0.0
2464 98 0.0
2496 99 0.0
2529 100 0.0
2549 101 0.0
2576 102 0.0
2633 104 0.0
2657 105 0.0
2667 106 0.0
2697 107 0.0
2722 108 0.0
2735 109 0.0
2772 111 0.0
2791 112 0.0
2826 113 0.0
2851 114 0.0
2863 115 0.0
2897 116 0.0
2909 117 0.0
2963 118 0.0
2986 119 0.0
3029 121 0.0
3062 122 0.0
3080 123 0.0
3099 124 0.0
3110 125 0.0
3125 126 0.0
3141 127 0.0
3153 128 0.0
3205 130 0.0
3232 131 0.0
3250 132 0.0
3280 133 0.0
3314 134 0.0
3345 135 0.0
3388 136 0.0
3401 137 0.0
3417 138 0.0
3462 139 0.0
3491 140 0.0
3528 141 0.0
3539 142 0.0
3574 143 0.0
3591 144 0.0
3663 146 0.0
3714 147 0.0
3737 148 0.0
3756 150 0.0
3841 153 0.0
3855 154 0.0
3873 155 0.0
3911 156 0.0
3925 157 0.0
3946 158 0.0
3990 160 0.0
4014 161 0.0
4073 162 0.0
4101 163 0.0
4118 164 0.0
4123 165 0.0
4150 166 0.0
4180 167 0.0
4244 169 0.0
4259 170 0.0
4268 171 0.0
4304 172 0.0
4340 173 0.0
4369 174 0.0
4374 175 0.0
4417 176 0.0
4425 177 0.0
4476 178 0.0
4507 179 0.0
4527 180 0.0
4543 181 0.0
4575 182 0.0
4593 183 0.0
4644 184 0.0
4654 185 0.0
4685 186 0.0
4721 187 0.0
4753 188 0.0
4767 189 0.0
4800 190 0.0
4836 191 0.0
4853 192 0.0
4892 195 0.0
4920 196 0.0
4951 197 0.0
4967 198 0.0
4994 199 0.0
5005 200 0.0
5008 201 1.0
5026 202 0.0
5102 203 0.0
5147 204 0.0
5194 205 0.0
5220 206 0.0
5239 207 0.0
5266 208 0.0
5282 209 0.0
5284 210 0.0
5299 211 0.0
5349 212 1.0
5395 214 0.0
5402 215 0.0
5414 216 0.0
5461 217 0.0
5469 218 0.0
5493 219 0.0
5507 220 0.0
5529 221 0.0
5546 222 0.0
5565 224 0.0
5603 225 0.0
5628 226 0.0
5677 228 0.0
5700 229 0.0
5726 230 0.0
5736 231 0.0
5793 234 0.0
5849 236 0.0
5854 237 0.0
5876 238 0.0
5908 240 0.0
5931 241 0.0
5961 242 0.0
6011 243 0.0
6026 244 0.0
6045 245 0.0
6065 246 0.0
6105 249 0.0
6126 250 0.0
6187 251 0.0
6197 252 0.0
6239 254 0.0
6259 255 0.0
6267 256 1.0
6290 257 0.0
6348 259 0.0
6379 260 0.0
6410 261 0.0
6431 262 0.0
6445 263 0.0
6497 264 0.0
6523 265 0.0
6538 266 0.0
6574 268 0.0
6618 270 0.0
6639 271 0.0
6671 272 0.0
6708 273 0.0
6741 275 0.0
6788 277 0.0
6807 278 0.0
6822 279 0.0
6846 280 0.0
6865 281 0.0
6917 282 0.0
6951 283 0.0
6984 284 0.0
6992 285 0.0
7056 286 0.0
7072 287 0.0
7108 289 0.0
7126 290 0.0
7161 291 0.0
7181 292 0.0
7201 293 0.0
7234 294 0.0
7257 295 0.0
7266 296 0.0
7285 297 0.0
7339 298 0.0
7350 299 0.0
7391 300 0.0
7414 301 0.0
7464 303 0.0
7485 304 0.0
7546 306 0.0
7557 307 0.0
7613 309 0.0
7630 310 0.0
7646 311 0.0
7668 312 0.0
7692 313 0.0
7705 314 0.0
7735 315 0.0
7758 316 0.0
7778 317 0.0
7843 318 0.0
7876 320 0.0
7933 321 0.0
7957 323 0.0
7972 324 0.0
7995 326 0.0
8040 327 0.0
8077 328 0.0
8092 329 0.0
8108 330 0.0
8118 331 0.0
8149 332 0.0
8177 333 0.0
8184 334 0.0
8220 335 0.0
8249 336 0.0
8260 337 0.0
8301 338 0.0
8316 339 0.0
8360 340 0.0
8378 341 0.0
8415 342 0.0
8439 343 0.0
8474 344 0.0
8500 345 0.0
8513 346 0.0
8543 347 0.0
8558 348 0.0
8609 351 0.0
8631 352 0.0
8657 353 0.0
8720 354 0.0
8749 355 0.0
8818 357 0.0
8843 358 0.0
8913 361 1.0
8950 362 0.0
8951 363 1.0
8970 364 0.0
8993 365 0.0
9015 366 0.0
9054 367 0.0
9061 368 0.0
9113 369 0.0
9139 370 0.0
9147 371 0.0
9194 373 0.0
9243 375 0.0
9274 377 0.0
9314 378 0.0
9328 379 0.0
9348 380 0.0
9365 381 0.0
9393 382 0.0
9426 383 0.0
9438 384 0.0
9458 385 0.0
9495 386 0.0
9523 387 0.0
9549 388 0.0
9568 389 0.0
9595 390 0.0
9596 391 0.0
9621 392 0.0
9645 393 0.0
9711 395 0.0
9738 398 0.0
9753 399 0.0
9778 400 0.0
9799 401 0.0
9874 402 0.0
9914 403 0.0
9953 404 0.0
10009 407 0.0
10038 408 0.0
10058 409 0.0
10121 412 0.0
10149 413 0.0
10167 414 1.0
10175 415 0.0
10199 416 0.0
10210 417 0.0
10236 418 0.0
10263 420 0.0
10287 421 0.0
10338 422 0.0
10339 423 0.0
10401 424 0.0
10411 425 0.0
10442 426 0.0
10459 427 0.0
10478 428 0.0
10507 429 0.0
10534 430 0.0
10562 431 0.0
10584 432 0.0
10631 434 0.0
10697 437 0.0
10719 438 0.0
10736 439 0.0
10757 440 0.0
10789 441 0.0
10796 442 0.0
10825 443 0.0
10877 445 0.0
10904 446 0.0
10951 447 0.0
10984 449 0.0
11026 450 0.0
11054 451 0.0
11091 452 0.0
11113 453 0.0
11131 454 1.0
11150 455 0.0
11167 456 0.0
11193 457 0.0
11204 458 0.0
11225 459 0.0
11245 460 0.0
11269 461 0.0
11281 462 0.0
11325 463 0.0
11365 464 0.0
11384 465 0.0
11408 466 0.0
11433 467 0.0
11443 468 0.0
11462 469 0.0
11506 470 0.0
11528 471 0.0
11553 472 0.0
11564 473 0.0
11585 474 0.0
11639 475 0.0
11640 476 0.0
11669 477 0.0
11739 478 0.0
11763 480 0.0
11793 481 0.0
11822 482 0.0
11852 483 0.0
11870 484 0.0
11900 485 0.0
11929 486 0.0
11947 487 0.0
11981 488 0.0
11990 489 0.0
12010 490 0.0
12031 491 0.0
12049 492 0.0
12063 493 0.0
12095 494 0.0
12124 495 0.0
12189 498 0.0
12224 499 0.0
12255 500 0.0
12256 501 0.0
12286 502 0.0
12290 503 0.0
12320 504 0.0
12344 505 0.0
12373 506 0.0
12410 507 0.0
12450 508 1.0
12479 509 0.0
12487 510 0.0
12514 511 0.0
12547 512 0.0
12586 514 0.0
12598 515 0.0
12635 516 0.0
12645 517 0.0
12699 518 0.0
12737 520 0.0
12772 521 0.0
12813 523 0.0
12832 524 0.0
12852 525 0.0
12868 526 0.0
12899 527 0.0
12957 528 0.0
12974 529 0.0
12992 530 0.0
13024 531 0.0
13040 532 0.0
13058 533 0.0
13078 534 0.0
13099 535 0.0
13111 536 0.0
13137 538 0.0
13142 539 0.0
13160 540 0.0
13194 542 0.0
13211 543 0.0
13244 544 0.0
13255 545 0.0
13278 546 0.0
13289 547 0.0
13318 548 0.0
13334 549 0.0
13384 550 0.0
13404 551 0.0
13436 552 0.0
13469 553 0.0
13496 554 0.0
13524 555 0.0
13536 556 0.0
13561 557 0.0
13578 558 0.0
13648 560 0.0
13657 561 0.0
13682 562 0.0
13702 563 0.0
13740 564 0.0
13754 565 0.0
13785 566 0.0
13800 567 0.0
13814 568 0.0
13842 569 0.0
13863 570 0.0
13893 571 0.0
13924 573 0.0
13938 574 0.0
13979 575 0.0
14034 578 0.0
14056 579 0.0
14091 580 0.0
14097 581 0.0
14216 584 0.0
14238 585 0.0
14260 586 0.0
14304 587 0.0
14309 588 0.0
14343 589 0.0
14383 590 0.0
14392 591 0.0
14427 592 0.0
14459 593 0.0
14471 594 0.0
14484 595 0.0
14505 596 0.0
14512 597 0.0
14539 598 0.0
14586 599 0.0
14612 600 0.0
14648 601 0.0
14679 602 0.0
14702 603 0.0
14718 604 0.0
14767 605 0.0
14852 609 0.0
14864 610 0.0
14867 611 0.0
14878 612 0.0
14879 613 0.0
14931 614 0.0
14954 615 0.0
14973 616 0.0
15020 619 0.0
15027 620 0.0
15063 621 0.0
15087 622 0.0
15135 624 0.0
15148 625 0.0
15182 626 0.0
15240 628 0.0
15243 629 0.0
15281 630 0.0
15303 631 1.0
15339 633 0.0
15378 634 0.0
15383 635 0.0
15416 636 0.0
15458 637 0.0
15478 639 0.0
15499 640 0.0
15511 641 0.0
15523 642 0.0
15563 643 0.0
15586 644 0.0
15596 645 0.0
15609 646 0.0
15642 647 0.0
15682 648 0.0
15724 650 0.0
15755 651 0.0
15810 653 0.0
15845 654 0.0
15854 655 0.0
15883 656 0.0
15915 657 0.0
15924 658 0.0
15966 659 0.0
15991 660 0.0
16004 661 0.0
16024 662 0.0
16050 664 0.0
16063 665 0.0
16093 666 0.0
16114 667 0.0
16143 668 0.0
16180 670 0.0
16194 671 0.0
16233 673 0.0
16265 674 0.0
16294 675 0.0
16306 676 0.0
16324 677 0.0
16380 678 0.0
16412 679 0.0
16438 680 0.0
16511 685 0.0
16567 686 0.0
16593 687 0.0
16656 689 0.0
16664 690 0.0
16671 691 0.0
16696 692 0.0
16707 693 0.0
16738 694 1.0
16745 695 0.0
16778 696 0.0
16791 697 0.0
16818 698 0.0
16942 699 0.0
16953 700 0.0
16958 701 0.0
16992 702 0.0
17046 704 0.0
17070 705 0.0
17091 707 0.0
17154 708 0.0
17182 709 0.0
17254 713 0.0
17332 716 0.0
17346 717 0.0
17369 718 0.0
17404 719 0.0
17411 720 0.0
17423 721 0.0
17432 722 0.0
17500 724 0.0
17509 725 0.0
17539 726 0.0
17582 727 0.0
17597 728 0.0
17624 730 0.0
17650 731 0.0
17689 732 0.0
17716 733 0.0
17731 734 0.0
17751 735 0.0
17804 739 0.0
17840 740 0.0
17849 741 0.0
17880 742 0.0
17904 743 0.0
17918 744 0.0
17929 745 0.0
17955 746 0.0
17981 747 0.0
17998 748 0.0
18019 749 0.0
18032 750 0.0
18120 753 0.0
18177 755 0.0
18188 756 0.0
18213 757 0.0
18253 758 0.0
18281 759 0.0
18296 760 0.0
18307 761 0.0
18357 763 0.0
18418 764 0.0
18441 765 0.0
18459 766 0.0
18505 767 0.0
18523 769 0.0
18569 770 0.0
18588 771 0.0
18640 772 0.0
18657 773 0.0
18685 774 0.0
18723 775 0.0
18748 776 0.0
18768 777 0.0
18803 778 0.0
18815 779 0.0
18852 780 0.0
18874 781 0.0
18896 782 0.0
18930 783 0.0
18946 784 0.0
18982 785 0.0
18997 786 0.0
19012 787 0.0
19033 788 0.0
19064 789 0.0
19087 790 0.0
19092 791 0.0
19110 792 0.0
19142 793 0.0
19155 794 0.0
19162 795 0.0
19238 796 0.0
19271 797 0.0
19301 798 0.0
19326 799 0.0
19360 800 0.0
19396 802 0.0
19418 803 0.0
19433 804 0.0
19466 805 0.0
19483 806 0.0
19521 807 0.0
19534 808 0.0
19557 809 0.0
19616 811 0.0
19622 812 0.0
19633 813 0.0
19653 814 0.0
19671 815 0.0
19749 818 0.0
19753 819 0.0
19781 820 0.0
19794 821 0.0
19836 823 0.0
19857 824 0.0
19877 825 0.0
19922 826 0.0
19943 827 0.0
19960 828 0.0
19972 829 0.0
19993 830 0.0
20056 832 0.0
20084 833 0.0
20097 834 0.0
20139 836 0.0
20181 837 0.0
20198 839 0.0
20221 840 0.0
20246 841 0.0
20295 843 0.0
20335 844 0.0
20348 845 0.0
20351 846 0.0
20376 848 0.0
20415 849 0.0
20448 850 0.0
20470 851 0.0
20482 852 0.0
20508 854 0.0
20543 855 0.0
20549 856 0.0
20582 857 0.0
20615 858 0.0
20677 859 0.0
20737 860 0.0
20792 861 0.0
20853 863 0.0
20879 864 0.0
20927 865 0.0
20950 866 0.0
20968 867 0.0
21021 868 0.0
21034 869 0.0
21039 870 0.0
21088 872 0.0
21110 873 0.0
21146 874 0.0
21172 875 0.0
21200 876 0.0
21254 878 0.0
21284 880 0.0
21295 881 0.0
21335 883 0.0
21349 884 0.0
21393 885 0.0
21414 886 0.0
21435 887 0.0
21455 888 0.0
21512 891 0.0
21531 892 0.0
21552 893 0.0
21577 894 0.0
21614 896 0.0
21625 897 0.0
21673 898 0.0
21695 899 0.0
21716 900 0.0
21724 901 0.0
21777 902 0.0
21782 903 0.0
21822 904 0.0
21848 905 0.0
21866 906 0.0
21898 907 0.0
21933 909 0.0
21963 910 0.0
21978 911 0.0
22007 912 0.0
22056 914 0.0
22075 915 0.0
22094 916 0.0
22104 917 0.0
22134 918 0.0
22141 919 0.0
22167 920 0.0
22185 921 0.0
22192 922 0.0
22253 924 0.0
22282 925 0.0
22308 927 0.0
22338 928 0.0
22354 929 0.0
22372 930 0.0
22387 931 0.0
22430 932 0.0
22451 933 0.0
22474 934 0.0
22484 935 0.0
22513 936 0.0
22547 937 0.0
22565 938 0.0
22596 939 0.0
22611 940 0.0
22658 942 0.0
22668 943 1.0
22691 944 0.0
22723 945 0.0
22763 947 0.0
22828 950 0.0
22856 951 1.0
22876 952 0.0
22893 953 0.0
22936 955 0.0
22961 956 0.0
22971 957 0.0
23009 958 0.0
23031 959 0.0
23053 960 0.0
23091 961 0.0
23093 962 0.0
23178 963 0.0
23210 964 0.0
23216 965 0.0
23247 966 0.0
23277 967 0.0
23297 968 0.0
23330 970 0.0
23376 971 0.0
23450 974 1.0
23461 975 0.0
23490 976 0.0
23496 977 0.0
23521 978 0.0
23559 979 0.0
23584 980 0.0
23608 981 0.0
23617 982 0.0
23669 983 0.0
23788 984 0.0
23802 985 0.0
23844 986 0.0
23880 988 0.0
23902 989 0.0
23929 991 0.0
23976 992 0.0
23994 993 0.0
24071 995 0.0
24118 997 0.0
24126 998 0.0
24159 999 0.0
24187 1000 0.0
24211 1001 0.0
24233 1002 0.0
24274 1004 0.0
24299 1005 0.0
24316 1006 0.0
24342 1007 0.0
24372 1008 0.0
24407 1009 0.0
24428 1010 0.0
24461 1012 0.0
24475 1013 0.0
24526 1015 0.0
24543 1016 0.0
24634 1019 0.0
24699 1020 0.0
24734 1021 0.0
24755 1022 0.0
24765 1023 0.0
24795 1024 0.0
24851 1025 0.0
24862 1027 0.0
24879 1028 0.0
24931 1031 0.0
24960 1032 0.0
24977 1033 0.0
24997 1034 0.0
25003 1035 0.0
25038 1036 0.0
25098 1038 0.0
25110 1039 0.0
25144 1041 0.0
25187 1042 0.0
25221 1043 0.0
25226 1044 0.0
25256 1045 0.0
25268 1046 0.0
25311 1047 0.0
25338 1049 0.0
25374 1050 0.0
25430 1052 0.0
25444 1053 0.0
25486 1054 0.0
25507 1055 0.0
25596 1057 0.0
25621 1058 0.0
25644 1059 0.0
25709 1061 0.0
25718 1062 0.0
25734 1063 0.0
25782 1064 0.0
25786 1065 0.0
25817 1066 0.0
25879 1067 0.0
25977 1068 0.0
25989 1069 0.0
26019 1070 0.0
26042 1071 0.0
26053 1072 0.0
26063 1073 1.0
26087 1074 0.0
26110 1075 0.0
26120 1076 0.0
26143 1077 0.0
26171 1078 0.0
26223 1080 0.0
26230 1081 0.0
26261 1082 0.0
26275 1083 0.0
26312 1084 0.0
26328 1085 0.0
26372 1087 0.0
26393 1088 0.0
26407 1090 0.0
26427 1091 0.0
26442 1092 0.0
26472 1093 0.0
26495 1094 0.0
26503 1095 0.0
26532 1096 0.0
26566 1097 0.0
26598 1099 0.0
26608 1100 0.0
26632 1101 0.0
26662 1102 0.0
26681 1103 0.0
26691 1104 0.0
26729 1105 0.0
26739 1106 0.0
26774 1107 0.0
26809 1108 0.0
26857 1109 0.0
26863 1110 0.0
26922 1111 0.0
26924 1112 0.0
26945 1113 0.0
26977 1114 0.0
27010 1115 0.0
27020 1116 0.0
27052 1117 0.0
27101 1118 0.0
27137 1120 0.0
27222 1121 0.0
27248 1122 0.0
27279 1123 0.0
27289 1124 0.0
27343 1125 0.0
27369 1126 1.0
27401 1127 0.0
27421 1128 0.0
27444 1129 0.0
27463 1130 0.0
27484 1131 0.0
27523 1132 0.0
27545 1133 1.0
27576 1135 0.0
27598 1136 0.0
27645 1137 0.0
27687 1138 0.0
27699 1139 0.0
27726 1140 0.0
27753 1141 0.0
27774 1142 0.0
27818 1144 0.0
27842 1145 0.0
27859 1146 0.0
27883 1147 0.0
27915 1148 0.0
27942 1149 0.0
27977 1150 0.0
28006 1152 1.0
28060 1153 0.0
28080 1154 0.0
28102 1155 0.0
28135 1156 0.0
28166 1157 0.0
28197 1158 0.0
28211 1159 0.0
28252 1161 0.0
28280 1162 0.0
28335 1165 0.0
28364 1166 0.0
28406 1168 0.0
28425 1169 0.0
28463 1170 0.0
28505 1171 0.0
28518 1172 0.0
28537 1173 0.0
28569 1174 0.0
28595 1175 0.0
28613 1176 0.0
28655 1177 0.0
28672 1178 0.0
28732 1179 0.0
28751 1180 0.0
28784 1181 0.0
28818 1182 0.0
28822 1183 0.0
28868 1184 0.0
28880 1185 0.0
28902 1186 0.0
28945 1187 0.0
28963 1188 0.0
29007 1190 0.0
29042 1191 0.0
29052 1192 0.0
29077 1193 0.0
29130 1196 0.0
29154 1197 0.0
29183 1198 0.0
29228 1199 0.0
29257 1200 0.0
29263 1201 0.0
29304 1202 0.0
29341 1203 0.0
29375 1204 0.0
29385 1205 0.0
29401 1206 0.0
29410 1207 0.0
29429 1208 0.0
29457 1209 0.0
29464 1210 0.0
29476 1211 0.0
29502 1212 0.0
29543 1213 0.0
29546 1214 0.0
29584 1216 0.0
29630 1217 0.0
29647 1218 0.0
29668 1219 0.0
29724 1221 0.0
29736 1222 0.0
29789 1223 0.0
29819 1224 0.0
29831 1225 0.0
29857 1226 0.0
29890 1228 0.0
29897 1229 0.0
29933 1231 0.0
29949 1232 0.0
29994 1234 0.0
30025 1235 0.0
30049 1236 0.0
30057 1237 0.0
30078 1238 0.0
30101 1239 0.0
30114 1240 0.0
30132 1241 0.0
30154 1242 1.0
30187 1244 0.0
30200 1245 0.0
30238 1247 0.0
30269 1248 0.0
30294 1249 0.0
30331 1251 0.0
30343 1252 0.0
30387 1253 0.0
30426 1254 0.0
30447 1255 0.0
30502 1257 0.0
30524 1258 0.0
30568 1261 0.0
30587 1262 0.0
30624 1264 0.0
30629 1265 0.0
30649 1266 0.0
30689 1267 0.0
30704 1268 0.0
30742 1269 0.0
30759 1270 0.0
30779 1271 0.0
30796 1273 0.0
30840 1274 0.0
30852 1275 0.0
30878 1276 0.0
30917 1277 0.0
30945 1278 0.0
30979 1280 0.0
31022 1282 0.0
31060 1283 0.0
31088 1284 0.0
31129 1286 0.0
31182 1288 0.0
31213 1289 0.0
31244 1290 0.0
31259 1291 0.0
31301 1293 0.0
31337 1294 1.0
31346 1295 0.0
31367 1296 0.0
31407 1297 0.0
31414 1298 0.0
31477 1300 0.0
31510 1301 0.0
31517 1302 0.0
31563 1303 1.0
31627 1307 0.0
31638 1308 0.0
31699 1310 0.0
31709 1311 0.0
 fin motif
# 1 target:0 c+:0 c-:21 score:70.004005903089 score+:0 score-:112.00640944494239 nb:1 =l_3c_10 
1785 71 0.0
2346 93 0.0
2405 95 0.0
3327 135 0.0
4739 188 0.0
5437 217 0.0
5576 225 0.0
6382 261 0.0
10449 427 0.0
13742 565 0.0
14278 587 0.0
14932 615 0.0
15047 621 0.0
19208 795 0.0
19604 810 0.0
21272 879 0.0
22728 946 0.0
26044 1072 0.0
28453 1169 0.0
30232 1247 0.0
31410 1298 0.0
 fin motif
# 2 target:0 c+:45 c-:1076 score:68.58862791433717 score+:1035.920046358403 score-:1145.6618510213425 nb:1 =l_3c_1 
15 0 0.0
39 2 0.0
66 3 0.0
78 4 0.0
118 5 0.0
143 6 0.0
156 7 0.0
176 8 0.0
186 9 0.0
214 10 0.0
231 11 0.0
253 12 0.0
268 13 0.0
295 14 0.0
328 16 0.0
367 17 0.0
370 18 0.0
413 19 0.0
442 20 0.0
469 21 0.0
491 22 0.0
497 23 0.0
525 24 0.0
539 25 0.0
557 26 0.0
585 27 0.0
597 28 0.0
624 29 0.0
642 31 1.0
689 33 0.0
759 35 0.0
796 36 0.0
808 37 0.0
852 38 0.0
862 39 0.0
896 41 0.0
916 42 0.0
939 43 0.0
974 44 0.0
992 45 0.0
1022 46 0.0
1059 47 0.0
1091 48 0.0
1098 49 0.0
1159 51 0.0
1172 52 0.0
1265 53 0.0
1272 54 0.0
1332 56 0.0
1362 57 0.0
1409 58 0.0
1463 59 0.0
1495 60 0.0
1512 61 0.0
1540 62 0.0
1606 64 0.0
1639 65 0.0
1657 66 0.0
1682 67 0.0
1716 68 0.0
1728 69 0.0
1782 71 0.0
1813 72 0.0
1834 73 0.0
1861 75 0.0
1870 76 0.0
1906 77 0.0
1939 78 0.0
1979 79 0.0
1997 80 0.0
2019 81 0.0
2091 83 0.0
2106 84 0.0
2209 86 0.0
2222 87 0.0
2247 89 0.0
2277 90 0.0
2306 91 0.0
2328 92 0.0
2360 93 0.0
2385 94 0.0
2420 95 0.0
2425 96 0.0
2448 97 0.0
2455 98 0.0
2492 99 0.0
2533 100 0.0
2554 101 0.0
2616 103 0.0
2632 104 0.0
2651 105 0.0
2698 107 0.0
2712 108 0.0
2744 109 0.0
2765 110 1.0
2782 111 0.0
2810 112 0.0
2830 113 0.0
2850 114 0.0
2861 115 0.0
2887 116 0.0
2929 117 0.0
2975 119 0.0
3007 120 0.0
3016 121 0.0
3079 123 0.0
3101 124 0.0
3107 125 0.0
3121 126 0.0
3130 127 0.0
3166 128 0.0
3175 129 1.0
3247 132 0.0
3279 133 0.0
3297 134 0.0
3338 135 0.0
3372 136 0.0
3398 137 0.0
3442 138 0.0
3469 139 0.0
3523 141 0.0
3550 142 0.0
3568 143 0.0
3619 144 0.0
3660 145 0.0
3669 146 0.0
3696 147 0.0
3736 148 0.0
3742 149 0.0
3816 151 0.0
3822 152 0.0
3842 153 0.0
3854 154 0.0
3879 155 0.0
3895 156 0.0
3932 157 0.0
3971 159 0.0
3983 160 0.0
4042 161 0.0
4071 162 0.0
4093 163 0.0
4116 164 0.0
4129 165 0.0
4144 166 0.0
4195 168 0.0
4254 170 0.0
4287 171 0.0
4308 172 0.0
4335 173 0.0
4361 174 0.0
4397 175 0.0
4409 176 0.0
4482 178 0.0
4502 179 0.0
4516 180 0.0
4550 181 0.0
4576 182 0.0
4622 184 0.0
4693 186 0.0
4737 187 0.0
4758 188 0.0
4761 189 0.0
4828 191 0.0
4841 192 0.0
4873 194 0.0
4887 195 0.0
4929 196 0.0
4934 197 0.0
4961 198 0.0
4992 199 0.0
4998 200 0.0
5006 201 1.0
5073 202 0.0
5161 204 0.0
5191 205 0.0
5228 207 0.0
5261 208 0.0
5276 209 0.0
5291 210 0.0
5315 211 0.0
5340 212 1.0
5362 213 0.0
5408 215 0.0
5431 216 0.0
5447 217 0.0
5473 218 0.0
5490 219 0.0
5496 220 0.0
5509 221 0.0
5533 222 0.0
5593 225 0.0
5638 227 0.0
5684 229 0.0
5719 230 0.0
5741 231 0.0
5760 232 0.0
5774 233 0.0
5803 234 0.0
5819 235 0.0
5858 237 0.0
5877 238 0.0
5893 239 0.0
5910 240 0.0
5966 242 0.0
6007 243 0.0
6041 244 0.0
6049 245 0.0
6079 247 0.0
6099 248 0.0
6122 249 0.0
6196 252 0.0
6218 253 1.0
6237 254 0.0
6256 255 0.0
6263 256 1.0
6287 257 0.0
6307 258 0.0
6331 259 0.0
6373 260 0.0
6407 261 0.0
6427 262 0.0
6517 265 0.0
6541 266 0.0
6554 267 0.0
6568 268 0.0
6599 269 1.0
6632 270 0.0
6642 271 0.0
6674 272 0.0
6707 273 0.0
6709 274 0.0
6728 275 0.0
6757 276 0.0
6793 277 0.0
6802 278 0.0
6816 279 0.0
6838 280 0.0
6859 281 0.0
6932 283 0.0
7042 286 0.0
7081 288 0.0
7086 289 0.0
7121 290 0.0
7180 292 0.0
7197 293 0.0
7228 294 0.0
7239 295 0.0
7261 296 0.0
7315 298 0.0
7342 299 0.0
7422 301 0.0
7429 302 0.0
7453 303 0.0
7480 304 0.0
7509 305 0.0
7561 307 0.0
7585 308 1.0
7598 309 0.0
7624 310 0.0
7642 311 0.0
7659 312 0.0
7676 313 0.0
7695 314 0.0
7744 316 0.0
7827 317 0.0
7840 318 0.0
7866 319 0.0
7870 320 0.0
7917 321 0.0
7946 322 0.0
7951 323 0.0
7963 324 0.0
7975 325 0.0
8024 326 0.0
8042 327 0.0
8060 328 0.0
8089 329 0.0
8098 330 0.0
8124 331 0.0
8145 332 0.0
8174 333 0.0
8189 334 0.0
8231 335 0.0
8236 336 0.0
8269 337 0.0
8305 338 0.0
8313 339 0.0
8366 340 0.0
8382 341 0.0
8448 343 0.0
8472 344 0.0
8499 345 0.0
8508 346 0.0
8530 347 0.0
8548 348 0.0
8574 349 0.0
8582 350 1.0
8604 351 0.0
8632 352 0.0
8676 353 0.0
8695 354 0.0
8759 356 0.0
8828 357 0.0
8841 358 0.0
8854 359 1.0
8874 360 0.0
8907 361 1.0
8965 364 0.0
8989 365 0.0
9013 366 0.0
9039 367 0.0
9093 368 0.0
9144 370 0.0
9152 371 0.0
9170 372 0.0
9198 373 0.0
9215 374 1.0
9228 375 0.0
9256 376 0.0
9286 377 0.0
9311 378 0.0
9325 379 0.0
9343 380 0.0
9366 381 0.0
9402 382 0.0
9409 383 0.0
9464 385 0.0
9493 386 0.0
9526 387 0.0
9550 388 0.0
9555 389 0.0
9591 390 0.0
9611 391 0.0
9620 392 0.0
9675 394 0.0
9685 395 0.0
9721 396 0.0
9735 398 0.0
9760 399 0.0
9779 400 0.0
9817 401 0.0
9872 402 0.0
9928 403 0.0
9958 404 0.0
9970 405 0.0
9977 406 1.0
10002 407 0.0
10053 409 0.0
10077 410 0.0
10109 412 0.0
10152 413 0.0
10162 414 1.0
10192 416 0.0
10207 417 0.0
10235 418 0.0
10256 419 0.0
10270 420 0.0
10303 421 0.0
10325 422 0.0
10343 423 0.0
10369 424 0.0
10408 425 0.0
10433 426 0.0
10454 427 0.0
10476 428 0.0
10503 429 0.0
10537 430 0.0
10554 431 0.0
10593 432 0.0
10600 433 0.0
10647 434 0.0
10665 435 0.0
10672 436 0.0
10696 437 0.0
10707 438 0.0
10732 439 0.0
10766 441 0.0
10792 442 0.0
10817 443 0.0
10836 444 0.0
10909 446 0.0
10921 447 0.0
10968 448 0.0
10988 449 0.0
11084 452 0.0
11135 455 0.0
11166 456 0.0
11184 457 0.0
11208 458 0.0
11212 459 0.0
11236 460 0.0
11272 461 0.0
11310 463 0.0
11361 464 0.0
11376 465 0.0
11411 466 0.0
11421 467 0.0
11438 468 0.0
11475 469 0.0
11500 470 0.0
11519 471 0.0
11534 472 0.0
11579 473 0.0
11590 474 0.0
11630 475 0.0
11655 476 0.0
11711 478 0.0
11751 479 0.0
11766 480 0.0
11783 481 0.0
11820 482 0.0
11830 483 0.0
11855 484 0.0
11885 485 0.0
11944 487 0.0
11987 489 0.0
12011 490 0.0
12023 491 0.0
12041 492 0.0
12074 493 0.0
12096 494 0.0
12142 496 1.0
12173 497 0.0
12198 498 0.0
12227 499 0.0
12242 500 0.0
12279 501 0.0
12284 502 0.0
12294 503 0.0
12314 504 0.0
12335 505 0.0
12347 506 0.0
12445 508 1.0
12466 509 0.0
12498 510 0.0
12524 511 0.0
12551 512 0.0
12563 513 1.0
12587 514 0.0
12630 516 0.0
12657 517 0.0
12684 518 0.0
12725 519 0.0
12734 520 0.0
12762 521 0.0
12790 523 0.0
12824 524 0.0
12857 525 0.0
12869 526 0.0
12883 527 0.0
12912 528 0.0
12982 529 0.0
13000 530 0.0
13027 531 0.0
13041 532 0.0
13059 533 0.0
13095 535 0.0
13121 536 0.0
13133 538 0.0
13146 539 0.0
13159 540 0.0
13173 541 0.0
13200 542 0.0
13224 543 0.0
13239 544 0.0
13252 545 0.0
13275 546 0.0
13297 547 0.0
13328 548 0.0
13362 550 0.0
13395 551 0.0
13500 554 0.0
13529 555 0.0
13534 556 0.0
13551 557 0.0
13593 558 0.0
13606 559 1.0
13670 561 0.0
13688 562 0.0
13714 563 0.0
13720 564 0.0
13759 565 0.0
13786 566 0.0
13808 567 0.0
13819 568 0.0
13849 569 0.0
13859 570 0.0
13883 571 0.0
13900 572 0.0
13913 573 0.0
13967 575 0.0
13987 576 0.0
14019 577 0.0
14028 578 0.0
14059 579 0.0
14084 580 0.0
14144 581 0.0
14170 582 0.0
14180 583 1.0
14233 585 0.0
14292 587 0.0
14316 588 0.0
14328 589 0.0
14378 590 0.0
14411 591 0.0
14424 592 0.0
14464 594 0.0
14509 596 0.0
14518 597 0.0
14542 598 0.0
14603 599 0.0
14625 600 0.0
14660 602 0.0
14700 603 0.0
14742 604 0.0
14756 605 0.0
14778 606 0.0
14796 607 0.0
14813 608 0.0
14840 609 0.0
14873 611 0.0
14892 613 0.0
14914 614 0.0
14937 615 0.0
14978 616 0.0
14993 617 0.0
15024 619 0.0
15039 620 0.0
15052 621 0.0
15083 622 0.0
15098 623 0.0
15138 624 0.0
15158 625 0.0
15184 626 0.0
15207 627 0.0
15215 628 0.0
15260 629 0.0
15266 630 0.0
15304 631 1.0
15315 632 0.0
15356 633 0.0
15367 634 0.0
15411 636 0.0
15445 637 0.0
15472 639 0.0
15494 640 0.0
15530 642 0.0
15590 644 0.0
15625 646 0.0
15644 647 0.0
15695 649 0.0
15719 650 0.0
15744 651 0.0
15773 652 0.0
15828 653 0.0
15840 654 0.0
15866 655 0.0
15891 656 0.0
15918 657 0.0
15940 658 0.0
15968 659 0.0
15999 661 0.0
16029 662 0.0
16036 664 0.0
16076 666 0.0
16108 667 0.0
16173 669 0.0
16181 670 0.0
16206 672 0.0
16238 673 0.0
16249 674 0.0
16280 675 0.0
16318 676 0.0
16369 678 0.0
16396 679 0.0
16417 680 0.0
16457 681 0.0
16460 682 0.0
16485 683 0.0
16491 684 0.0
16588 686 0.0
16596 687 0.0
16621 688 0.0
16644 689 0.0
16697 692 0.0
16733 694 1.0
16753 695 0.0
16766 696 0.0
16943 699 0.0
16946 700 0.0
16977 701 0.0
16991 702 0.0
17015 703 0.0
17042 704 0.0
17082 706 0.0
17111 707 0.0
17148 708 0.0
17205 710 1.0
17225 711 0.0
17247 712 0.0
17300 714 1.0
17314 715 0.0
17325 716 0.0
17348 717 0.0
17374 718 0.0
17398 719 0.0
17416 721 0.0
17446 722 0.0
17470 723 1.0
17496 724 0.0
17556 726 0.0
17577 727 0.0
17611 729 0.0
17646 731 0.0
17717 733 0.0
17738 734 0.0
17741 735 0.0
17789 738 1.0
17815 739 0.0
17830 740 0.0
17851 741 0.0
17873 742 0.0
17900 743 0.0
17935 745 0.0
17960 746 0.0
17974 747 0.0
18002 748 0.0
18010 749 0.0
18059 750 0.0
18065 751 0.0
18104 752 0.0
18117 753 0.0
18137 754 0.0
18171 755 0.0
18200 756 0.0
18229 757 0.0
18256 758 0.0
18262 759 0.0
18292 760 0.0
18302 761 0.0
18335 762 0.0
18359 763 0.0
18429 764 0.0
18445 765 0.0
18467 766 0.0
18519 768 0.0
18544 769 0.0
18570 770 0.0
18641 772 0.0
18730 775 0.0
18743 776 0.0
18760 777 0.0
18792 778 0.0
18824 779 0.0
18844 780 0.0
18860 781 0.0
18891 782 0.0
18918 783 0.0
18935 784 0.0
18981 785 0.0
18998 786 0.0
19021 787 0.0
19030 788 0.0
19080 790 0.0
19089 791 0.0
19111 792 0.0
19134 793 0.0
19153 794 0.0
19183 795 0.0
19232 796 0.0
19263 797 0.0
19279 798 0.0
19311 799 0.0
19357 800 0.0
19376 801 0.0
19425 803 0.0
19450 804 0.0
19473 805 0.0
19487 806 0.0
19526 807 0.0
19540 808 0.0
19564 809 0.0
19593 810 0.0
19629 813 0.0
19652 814 0.0
19667 815 0.0
19684 816 0.0
19709 817 0.0
19744 818 0.0
19758 819 0.0
19807 822 1.0
19838 823 0.0
19860 824 0.0
19906 825 0.0
19918 826 0.0
19935 827 0.0
19976 829 0.0
20001 830 0.0
20018 831 1.0
20044 832 0.0
20081 833 0.0
20108 834 0.0
20121 835 0.0
20131 836 0.0
20169 837 0.0
20199 839 0.0
20211 840 0.0
20251 841 0.0
20266 842 0.0
20289 843 0.0
20307 844 0.0
20346 845 0.0
20371 847 0.0
20374 848 0.0
20412 849 0.0
20433 850 0.0
20464 851 0.0
20491 852 0.0
20501 854 0.0
20528 855 0.0
20558 856 0.0
20581 857 0.0
20609 858 0.0
20668 859 0.0
20731 860 0.0
20816 862 1.0
20873 864 0.0
20936 865 0.0
20956 866 0.0
20972 867 0.0
21008 868 0.0
21031 869 0.0
21046 870 0.0
21057 871 0.0
21077 872 0.0
21098 873 0.0
21150 874 0.0
21181 875 0.0
21195 876 0.0
21214 877 1.0
21238 878 0.0
21269 879 0.0
21276 880 0.0
21289 881 0.0
21301 882 0.0
21330 883 0.0
21362 884 0.0
21383 885 0.0
21407 886 0.0
21425 887 0.0
21454 888 0.0
21462 889 0.0
21481 890 0.0
21505 891 0.0
21532 892 0.0
21544 893 0.0
21564 894 0.0
21587 895 0.0
21618 896 0.0
21631 897 0.0
21684 899 0.0
21714 900 0.0
21740 901 0.0
21756 902 0.0
21798 903 0.0
21832 905 0.0
21853 906 0.0
21914 908 1.0
21948 910 0.0
21967 911 0.0
22009 912 0.0
22017 913 1.0
22044 914 0.0
22066 915 0.0
22100 916 0.0
22129 918 0.0
22137 919 0.0
22165 920 0.0
22174 921 0.0
22212 922 0.0
22233 923 0.0
22242 924 0.0
22270 925 0.0
22290 926 1.0
22311 927 0.0
22327 928 0.0
22355 929 0.0
22379 930 0.0
22404 931 0.0
22427 932 0.0
22447 933 0.0
22477 934 0.0
22495 935 0.0
22530 936 0.0
22541 937 0.0
22560 938 0.0
22581 939 0.0
22618 940 0.0
22632 941 0.0
22657 942 0.0
22673 943 1.0
22701 944 0.0
22720 945 0.0
22747 946 0.0
22775 947 0.0
22785 948 0.0
22811 949 0.0
22820 950 0.0
22843 951 1.0
22873 952 0.0
22889 953 0.0
22920 954 0.0
22933 955 0.0
22948 956 0.0
22983 957 0.0
22992 958 0.0
23029 959 0.0
23047 960 0.0
23071 961 0.0
23174 963 0.0
23204 964 0.0
23225 965 0.0
23232 966 0.0
23286 968 0.0
23304 969 0.0
23337 970 0.0
23360 971 0.0
23401 972 0.0
23414 973 0.0
23444 974 1.0
23476 975 0.0
23482 976 0.0
23502 977 0.0
23534 978 0.0
23571 980 0.0
23604 981 0.0
23624 982 0.0
23694 983 0.0
23754 984 0.0
23822 986 0.0
23855 987 0.0
23882 988 0.0
23893 989 0.0
23912 990 0.0
23992 992 0.0
23995 993 0.0
24031 994 1.0
24052 995 0.0
24093 996 0.0
24115 997 0.0
24131 998 0.0
24147 999 0.0
24188 1000 0.0
24196 1001 0.0
24225 1002 0.0
24238 1003 0.0
24260 1004 0.0
24306 1005 0.0
24326 1006 0.0
24346 1007 0.0
24381 1008 0.0
24401 1009 0.0
24414 1010 0.0
24447 1011 0.0
24457 1012 0.0
24477 1013 0.0
24500 1014 0.0
24519 1015 0.0
24559 1017 0.0
24597 1018 1.0
24635 1019 0.0
24692 1020 0.0
24773 1023 0.0
24800 1024 0.0
24813 1025 0.0
24860 1027 0.0
24875 1028 0.0
24882 1029 0.0
24912 1030 1.0
24959 1032 0.0
24962 1033 0.0
24991 1034 0.0
24999 1035 0.0
25010 1036 0.0
25100 1038 0.0
25113 1039 0.0
25123 1040 0.0
25161 1041 0.0
25210 1042 0.0
25222 1043 0.0
25241 1044 0.0
25246 1045 0.0
25308 1047 0.0
25318 1048 0.0
25351 1049 0.0
25398 1051 0.0
25407 1052 0.0
25441 1053 0.0
25469 1054 0.0
25506 1055 0.0
25520 1056 0.0
25570 1057 0.0
25620 1058 0.0
25640 1059 0.0
25666 1060 0.0
25720 1062 0.0
25748 1063 0.0
25775 1064 0.0
25792 1065 0.0
25823 1066 0.0
25872 1067 0.0
25980 1068 0.0
25998 1069 0.0
26010 1070 0.0
26032 1071 0.0
26049 1072 0.0
26065 1073 1.0
26076 1074 0.0
26103 1075 0.0
26119 1076 0.0
26142 1077 0.0
26153 1078 0.0
26189 1079 0.0
26218 1080 0.0
26260 1082 0.0
26268 1083 0.0
26300 1084 0.0
26340 1086 0.0
26358 1087 0.0
26394 1088 0.0
26418 1091 0.0
26433 1092 0.0
26468 1093 0.0
26481 1094 0.0
26513 1095 0.0
26519 1096 0.0
26553 1097 0.0
26589 1098 0.0
26597 1099 0.0
26611 1100 0.0
26638 1101 0.0
26649 1102 0.0
26671 1103 0.0
26703 1104 0.0
26733 1105 0.0
26734 1106 0.0
26764 1107 0.0
26810 1108 0.0
26844 1109 0.0
26870 1110 0.0
26911 1111 0.0
26935 1112 0.0
26940 1113 0.0
26973 1114 0.0
27016 1115 0.0
27023 1116 0.0
27071 1117 0.0
27096 1118 0.0
27151 1120 0.0
27253 1122 0.0
27269 1123 0.0
27303 1124 0.0
27332 1125 0.0
27367 1126 1.0
27376 1127 0.0
27420 1128 0.0
27435 1129 0.0
27464 1130 0.0
27485 1131 0.0
27517 1132 0.0
27537 1133 1.0
27559 1134 0.0
27573 1135 0.0
27606 1136 0.0
27646 1137 0.0
27680 1138 0.0
27695 1139 0.0
27715 1140 0.0
27773 1142 0.0
27784 1143 0.0
27819 1144 0.0
27860 1146 0.0
27907 1148 0.0
27938 1149 0.0
27960 1150 0.0
28001 1151 0.0
28012 1152 1.0
28049 1153 0.0
28096 1155 0.0
28120 1156 0.0
28141 1157 0.0
28206 1159 0.0
28222 1160 0.0
28257 1161 0.0
28269 1162 0.0
28294 1163 0.0
28313 1164 0.0
28327 1165 0.0
28361 1166 0.0
28378 1167 0.0
28412 1168 0.0
28422 1169 0.0
28455 1170 0.0
28478 1171 0.0
28520 1172 0.0
28541 1173 0.0
28574 1174 0.0
28588 1175 0.0
28623 1176 0.0
28640 1177 0.0
28669 1178 0.0
28724 1179 0.0
28747 1180 0.0
28783 1181 0.0
28826 1183 0.0
28844 1184 0.0
28877 1185 0.0
28894 1186 0.0
28939 1187 0.0
28956 1188 0.0
28997 1189 0.0
29005 1190 0.0
29025 1191 0.0
29048 1192 0.0
29088 1193 0.0
29098 1194 0.0
29114 1195 0.0
29141 1196 0.0
29189 1198 0.0
29203 1199 0.0
29280 1201 0.0
29312 1202 0.0
29328 1203 0.0
29353 1204 0.0
29382 1205 0.0
29397 1206 0.0
29407 1207 0.0
29417 1208 0.0
29456 1209 0.0
29469 1210 0.0
29494 1211 0.0
29514 1212 0.0
29533 1213 0.0
29562 1214 0.0
29577 1215 0.0
29606 1216 0.0
29617 1217 0.0
29643 1218 0.0
29696 1220 0.0
29720 1221 0.0
29752 1222 0.0
29806 1224 0.0
29826 1225 0.0
29856 1226 0.0
29881 1228 0.0
29896 1229 0.0
29938 1231 0.0
29945 1232 0.0
29967 1233 0.0
29999 1234 0.0
30020 1235 0.0
30042 1236 0.0
30066 1237 0.0
30080 1238 0.0
30098 1239 0.0
30119 1240 0.0
30124 1241 0.0
30146 1242 1.0
30196 1244 0.0
30202 1245 0.0
30228 1246 0.0
30242 1247 0.0
30264 1248 0.0
30290 1249 0.0
30330 1251 0.0
30376 1253 0.0
30418 1254 0.0
30473 1256 0.0
30497 1257 0.0
30519 1258 0.0
30538 1259 0.0
30561 1261 0.0
30580 1262 0.0
30604 1263 0.0
30619 1264 0.0
30634 1265 0.0
30657 1266 0.0
30674 1267 0.0
30703 1268 0.0
30736 1269 0.0
30757 1270 0.0
30784 1271 0.0
30829 1274 0.0
30853 1275 0.0
30874 1276 0.0
30922 1277 0.0
30939 1278 0.0
30966 1280 0.0
31009 1281 0.0
31054 1283 0.0
31073 1284 0.0
31122 1285 0.0
31128 1286 0.0
31147 1287 0.0
31168 1288 0.0
31268 1291 0.0
31277 1292 0.0
31310 1293 0.0
31324 1294 1.0
31347 1295 0.0
31370 1296 0.0
31422 1298 0.0
31441 1299 0.0
31461 1300 0.0
31501 1301 0.0
31530 1302 0.0
31599 1305 0.0
31612 1306 0.0
31636 1308 0.0
31660 1309 0.0
31712 1311 0.0
 fin motif
# 3 target:0 c+:0 c-:9 score:34.78325960130407 score+:0 score-:55.653215362086506 nb:1 =l_3c_11 
3888 156 0.0
4908 196 0.0
6352 260 0.0
7082 289 0.0
16273 675 0.0
16812 697 0.0
21929 909 0.0
22190 922 0.0
24216 1002 0.0
 fin motif
# 4 target:0 c+:57 c-:1254 score:11.458309534457157 score+:1044.9978295427334 score-:1063.3311247978647 nb:1 =l_3c_0 
0 0 0.0
20 1 1.0
31 2 0.0
53 3 0.0
71 4 0.0
120 5 0.0
148 6 0.0
169 7 0.0
177 8 0.0
191 9 0.0
204 10 0.0
224 11 0.0
246 12 0.0
275 13 0.0
296 14 0.0
311 15 1.0
332 16 0.0
351 17 0.0
381 18 0.0
393 19 0.0
439 20 0.0
472 21 0.0
479 22 0.0
502 23 0.0
520 24 0.0
547 25 0.0
561 26 0.0
575 27 0.0
588 28 0.0
610 29 0.0
631 30 0.0
650 31 1.0
676 32 0.0
695 33 0.0
715 34 0.0
770 35 0.0
783 36 0.0
811 37 0.0
842 38 0.0
868 39 0.0
879 40 1.0
889 41 0.0
924 42 0.0
933 43 0.0
984 44 0.0
1008 45 0.0
1030 46 0.0
1043 47 0.0
1074 48 0.0
1113 49 0.0
1122 50 0.0
1153 51 0.0
1183 52 0.0
1239 53 0.0
1279 54 0.0
1318 55 0.0
1337 56 0.0
1352 57 0.0
1395 58 0.0
1442 59 0.0
1487 60 0.0
1505 61 0.0
1544 62 0.0
1578 63 0.0
1610 64 0.0
1628 65 0.0
1654 66 0.0
1687 67 0.0
1714 68 0.0
1726 69 0.0
1755 70 0.0
1775 71 0.0
1791 72 0.0
1838 73 0.0
1841 74 0.0
1866 75 0.0
1874 76 0.0
1905 77 0.0
1926 78 0.0
1982 79 0.0
2004 80 0.0
2014 81 0.0
2041 82 0.0
2075 83 0.0
2099 84 0.0
2163 85 0.0
2184 86 0.0
2217 87 0.0
2228 88 0.0
2239 89 0.0
2282 90 0.0
2312 91 0.0
2332 92 0.0
2374 93 0.0
2389 94 0.0
2409 95 0.0
2431 96 0.0
2435 97 0.0
2465 98 0.0
2510 99 0.0
2526 100 0.0
2550 101 0.0
2577 102 0.0
2613 103 0.0
2636 104 0.0
2640 105 0.0
2663 106 0.0
2691 107 0.0
2718 108 0.0
2725 109 0.0
2757 110 1.0
2774 111 0.0
2792 112 0.0
2822 113 0.0
2849 114 0.0
2856 115 0.0
2883 116 0.0
2918 117 0.0
2958 118 0.0
2989 119 0.0
3000 120 0.0
3030 121 0.0
3061 122 0.0
3070 123 0.0
3082 124 0.0
3103 125 0.0
3117 126 0.0
3142 127 0.0
3152 128 0.0
3185 129 1.0
3207 130 0.0
3225 131 0.0
3244 132 0.0
3267 133 0.0
3309 134 0.0
3346 135 0.0
3367 136 0.0
3412 137 0.0
3434 138 0.0
3483 139 0.0
3487 140 0.0
3530 141 0.0
3547 142 0.0
3575 143 0.0
3586 144 0.0
3647 145 0.0
3662 146 0.0
3707 147 0.0
3731 148 0.0
3748 149 0.0
3804 150 0.0
3809 151 0.0
3827 152 0.0
3830 153 0.0
3850 154 0.0
3866 155 0.0
3899 156 0.0
3921 157 0.0
3936 158 0.0
3960 159 0.0
3993 160 0.0
4002 161 0.0
4067 162 0.0
4089 163 0.0
4103 164 0.0
4141 165 0.0
4148 166 0.0
4158 167 0.0
4203 168 0.0
4231 169 0.0
4257 170 0.0
4269 171 0.0
4302 172 0.0
4344 173 0.0
4347 174 0.0
4376 175 0.0
4406 176 0.0
4424 177 0.0
4469 178 0.0
4499 179 0.0
4524 180 0.0
4544 181 0.0
4578 182 0.0
4592 183 0.0
4627 184 0.0
4653 185 0.0
4688 186 0.0
4713 187 0.0
4754 188 0.0
4768 189 0.0
4810 190 0.0
4819 191 0.0
4850 192 0.0
4862 193 0.0
4876 194 0.0
4890 195 0.0
4926 196 0.0
4937 197 0.0
4956 198 0.0
4976 199 0.0
5000 200 0.0
5023 202 0.0
5103 203 0.0
5148 204 0.0
5185 205 0.0
5212 206 0.0
5242 207 0.0
5252 208 0.0
5280 209 0.0
5294 210 0.0
5297 211 0.0
5330 212 1.0
5354 213 0.0
5388 214 0.0
5400 215 0.0
5415 216 0.0
5442 217 0.0
5466 218 0.0
5487 219 0.0
5498 220 0.0
5512 221 0.0
5548 222 0.0
5551 223 0.0
5574 224 0.0
5587 225 0.0
5606 226 0.0
5650 227 0.0
5658 228 0.0
5690 229 0.0
5713 230 0.0
5735 231 0.0
5746 232 0.0
5782 233 0.0
5792 234 0.0
5815 235 0.0
5836 236 0.0
5870 237 0.0
5884 238 0.0
5888 239 0.0
5905 240 0.0
5933 241 0.0
5954 242 0.0
6009 243 0.0
6014 244 0.0
6061 245 0.0
6068 246 0.0
6081 247 0.0
6090 248 0.0
6112 249 0.0
6125 250 0.0
6183 251 0.0
6191 252 0.0
6204 253 1.0
6240 254 0.0
6249 255 0.0
6278 256 1.0
6291 257 0.0
6317 258 0.0
6347 259 0.0
6359 260 0.0
6384 261 0.0
6421 262 0.0
6471 263 0.0
6490 264 0.0
6521 265 0.0
6525 266 0.0
6550 267 0.0
6564 268 0.0
6593 269 1.0
6613 270 0.0
6654 271 0.0
6668 272 0.0
6696 273 0.0
6713 274 0.0
6731 275 0.0
6762 276 0.0
6775 277 0.0
6799 278 0.0
6813 279 0.0
6828 280 0.0
6862 281 0.0
6887 282 0.0
6935 283 0.0
6979 284 0.0
6989 285 0.0
7022 286 0.0
7071 287 0.0
7077 288 0.0
7091 289 0.0
7127 290 0.0
7138 291 0.0
7185 292 0.0
7198 293 0.0
7211 294 0.0
7248 295 0.0
7267 296 0.0
7284 297 0.0
7326 298 0.0
7352 299 0.0
7400 300 0.0
7413 301 0.0
7433 302 0.0
7462 303 0.0
7483 304 0.0
7512 305 0.0
7524 306 0.0
7550 307 0.0
7573 308 1.0
7590 309 0.0
7620 310 0.0
7638 311 0.0
7654 312 0.0
7681 313 0.0
7701 314 0.0
7740 315 0.0
7747 316 0.0
7789 317 0.0
7834 318 0.0
7862 319 0.0
7877 320 0.0
7911 321 0.0
7942 322 0.0
7956 323 0.0
7968 324 0.0
7979 325 0.0
8009 326 0.0
8049 327 0.0
8070 328 0.0
8080 329 0.0
8112 330 0.0
8129 331 0.0
8156 332 0.0
8171 333 0.0
8183 334 0.0
8221 335 0.0
8246 336 0.0
8272 337 0.0
8297 338 0.0
8322 339 0.0
8359 340 0.0
8374 341 0.0
8405 342 0.0
8440 343 0.0
8455 344 0.0
8490 345 0.0
8514 346 0.0
8524 347 0.0
8559 348 0.0
8560 349 0.0
8590 350 1.0
8607 351 0.0
8639 352 0.0
8655 353 0.0
8705 354 0.0
8745 355 0.0
8756 356 0.0
8806 357 0.0
8833 358 0.0
8868 359 1.0
8881 360 0.0
8887 361 1.0
8936 362 0.0
8953 363 1.0
8971 364 0.0
8995 365 0.0
9011 366 0.0
9044 367 0.0
9070 368 0.0
9100 369 0.0
9120 370 0.0
9146 371 0.0
9161 372 0.0
9188 373 0.0
9204 374 1.0
9232 375 0.0
9261 376 0.0
9276 377 0.0
9301 378 0.0
9332 379 0.0
9349 380 0.0
9363 381 0.0
9378 382 0.0
9414 383 0.0
9433 384 0.0
9472 385 0.0
9488 386 0.0
9516 387 0.0
9540 388 0.0
9558 389 0.0
9593 390 0.0
9598 391 0.0
9633 392 0.0
9640 393 0.0
9682 394 0.0
9709 395 0.0
9720 396 0.0
9729 397 0.0
9745 398 0.0
9767 399 0.0
9773 400 0.0
9793 401 0.0
9848 402 0.0
9904 403 0.0
9951 404 0.0
9966 405 0.0
9991 406 1.0
10012 407 0.0
10033 408 0.0
10060 409 0.0
10074 410 0.0
10097 411 0.0
10114 412 0.0
10143 413 0.0
10169 414 1.0
10172 415 0.0
10183 416 0.0
10217 417 0.0
10226 418 0.0
10250 419 0.0
10281 420 0.0
10289 421 0.0
10313 422 0.0
10356 423 0.0
10364 424 0.0
10415 425 0.0
10440 426 0.0
10461 427 0.0
10466 428 0.0
10509 429 0.0
10533 430 0.0
10546 431 0.0
10576 432 0.0
10608 433 0.0
10635 434 0.0
10652 435 0.0
10677 436 0.0
10698 437 0.0
10704 438 0.0
10720 439 0.0
10756 440 0.0
10761 441 0.0
10803 442 0.0
10809 443 0.0
10849 444 0.0
10886 445 0.0
10906 446 0.0
10940 447 0.0
10960 448 0.0
10983 449 0.0
10993 450 0.0
11055 451 0.0
11090 452 0.0
11099 453 0.0
11129 454 1.0
11152 455 0.0
11160 456 0.0
11170 457 0.0
11196 458 0.0
11231 459 0.0
11241 460 0.0
11263 461 0.0
11277 462 0.0
11334 463 0.0
11364 464 0.0
11387 465 0.0
11403 466 0.0
11417 467 0.0
11444 468 0.0
11461 469 0.0
11508 470 0.0
11515 471 0.0
11543 472 0.0
11565 473 0.0
11595 474 0.0
11611 475 0.0
11644 476 0.0
11680 477 0.0
11731 478 0.0
11747 479 0.0
11771 480 0.0
11794 481 0.0
11808 482 0.0
11825 483 0.0
11881 484 0.0
11893 485 0.0
11920 486 0.0
11938 487 0.0
11954 488 0.0
11991 489 0.0
12001 490 0.0
12015 491 0.0
12045 492 0.0
12069 493 0.0
12082 494 0.0
12125 495 0.0
12137 496 1.0
12164 497 0.0
12182 498 0.0
12221 499 0.0
12230 500 0.0
12273 501 0.0
12283 502 0.0
12305 503 0.0
12311 504 0.0
12343 505 0.0
12359 506 0.0
12421 507 0.0
12443 508 1.0
12458 509 0.0
12495 510 0.0
12513 511 0.0
12548 512 0.0
12567 513 1.0
12583 514 0.0
12597 515 0.0
12623 516 0.0
12649 517 0.0
12679 518 0.0
12708 519 0.0
12736 520 0.0
12751 521 0.0
12782 522 1.0
12814 523 0.0
12837 524 0.0
12851 525 0.0
12867 526 0.0
12898 527 0.0
12938 528 0.0
12975 529 0.0
12991 530 0.0
13031 531 0.0
13045 532 0.0
13049 533 0.0
13070 534 0.0
13089 535 0.0
13105 536 0.0
13126 537 0.0
13130 538 0.0
13148 539 0.0
13153 540 0.0
13177 541 0.0
13195 542 0.0
13230 543 0.0
13241 544 0.0
13249 545 0.0
13282 546 0.0
13295 547 0.0
13320 548 0.0
13359 549 0.0
13378 550 0.0
13418 551 0.0
13437 552 0.0
13470 553 0.0
13481 554 0.0
13509 555 0.0
13535 556 0.0
13555 557 0.0
13576 558 0.0
13620 559 1.0
13640 560 0.0
13658 561 0.0
13683 562 0.0
13711 563 0.0
13731 564 0.0
13743 565 0.0
13774 566 0.0
13799 567 0.0
13816 568 0.0
13843 569 0.0
13852 570 0.0
13892 571 0.0
13906 572 0.0
13925 573 0.0
13936 574 0.0
13961 575 0.0
13984 576 0.0
14007 577 0.0
14046 578 0.0
14055 579 0.0
14076 580 0.0
14095 581 0.0
14157 582 0.0
14190 583 1.0
14217 584 0.0
14241 585 0.0
14261 586 0.0
14281 587 0.0
14312 588 0.0
14344 589 0.0
14384 590 0.0
14395 591 0.0
14428 592 0.0
14443 593 0.0
14470 594 0.0
14488 595 0.0
14500 596 0.0
14529 597 0.0
14552 598 0.0
14578 599 0.0
14611 600 0.0
14649 601 0.0
14665 602 0.0
14685 603 0.0
14717 604 0.0
14744 605 0.0
14783 606 0.0
14790 607 0.0
14817 608 0.0
14845 609 0.0
14865 610 0.0
14870 611 0.0
14876 612 0.0
14893 613 0.0
14924 614 0.0
14943 615 0.0
14972 616 0.0
14999 617 0.0
15006 618 0.0
15011 619 0.0
15028 620 0.0
15061 621 0.0
15093 622 0.0
15108 623 0.0
15118 624 0.0
15166 625 0.0
15181 626 0.0
15199 627 0.0
15220 628 0.0
15244 629 0.0
15263 630 0.0
15300 631 1.0
15325 632 0.0
15344 633 0.0
15369 634 0.0
15387 635 0.0
15433 636 0.0
15456 637 0.0
15461 638 0.0
15480 639 0.0
15489 640 0.0
15501 641 0.0
15520 642 0.0
15564 643 0.0
15580 644 0.0
15594 645 0.0
15607 646 0.0
15641 647 0.0
15672 648 0.0
15689 649 0.0
15725 650 0.0
15747 651 0.0
15759 652 0.0
15822 653 0.0
15846 654 0.0
15856 655 0.0
15884 656 0.0
15908 657 0.0
15925 658 0.0
15952 659 0.0
15989 660 0.0
16003 661 0.0
16021 662 0.0
16035 663 0.0
16051 664 0.0
16057 665 0.0
16089 666 0.0
16095 667 0.0
16136 668 0.0
16165 669 0.0
16175 670 0.0
16193 671 0.0
16201 672 0.0
16226 673 0.0
16268 674 0.0
16285 675 0.0
16310 676 0.0
16323 677 0.0
16358 678 0.0
16402 679 0.0
16420 680 0.0
16448 681 0.0
16461 682 0.0
16480 683 0.0
16496 684 0.0
16512 685 0.0
16576 686 0.0
16592 687 0.0
16625 688 0.0
16636 689 0.0
16658 690 0.0
16666 691 0.0
16678 692 0.0
16705 693 0.0
16714 694 1.0
16746 695 0.0
16775 696 0.0
16779 697 0.0
16865 698 0.0
16939 699 0.0
16951 700 0.0
16959 701 0.0
17003 702 0.0
17020 703 0.0
17045 704 0.0
17060 705 0.0
17085 706 0.0
17136 707 0.0
17155 708 0.0
17174 709 0.0
17209 710 1.0
17226 711 0.0
17249 712 0.0
17255 713 0.0
17289 714 1.0
17312 715 0.0
17316 716 0.0
17336 717 0.0
17370 718 0.0
17392 719 0.0
17407 720 0.0
17413 721 0.0
17433 722 0.0
17456 723 1.0
17487 724 0.0
17508 725 0.0
17543 726 0.0
17565 727 0.0
17598 728 0.0
17601 729 0.0
17633 730 0.0
17639 731 0.0
17682 732 0.0
17699 733 0.0
17732 734 0.0
17755 735 0.0
17766 736 0.0
17768 737 1.0
17775 738 1.0
17805 739 0.0
17819 740 0.0
17846 741 0.0
17869 742 0.0
17891 743 0.0
17926 744 0.0
17930 745 0.0
17947 746 0.0
17969 747 0.0
17988 748 0.0
18025 749 0.0
18036 750 0.0
18075 751 0.0
18110 752 0.0
18114 753 0.0
18144 754 0.0
18176 755 0.0
18189 756 0.0
18210 757 0.0
18250 758 0.0
18270 759 0.0
18290 760 0.0
18308 761 0.0
18326 762 0.0
18401 763 0.0
18424 764 0.0
18442 765 0.0
18473 766 0.0
18501 767 0.0
18514 768 0.0
18534 769 0.0
18575 770 0.0
18612 771 0.0
18624 772 0.0
18658 773 0.0
18683 774 0.0
18719 775 0.0
18733 776 0.0
18784 777 0.0
18801 778 0.0
18805 779 0.0
18837 780 0.0
18872 781 0.0
18879 782 0.0
18929 783 0.0
18950 784 0.0
18961 785 0.0
18990 786 0.0
19020 787 0.0
19039 788 0.0
19062 789 0.0
19075 790 0.0
19091 791 0.0
19100 792 0.0
19121 793 0.0
19157 794 0.0
19173 795 0.0
19217 796 0.0
19243 797 0.0
19288 798 0.0
19308 799 0.0
19340 800 0.0
19368 801 0.0
19386 802 0.0
19417 803 0.0
19432 804 0.0
19468 805 0.0
19494 806 0.0
19528 807 0.0
19531 808 0.0
19568 809 0.0
19585 810 0.0
19615 811 0.0
19623 812 0.0
19637 813 0.0
19654 814 0.0
19678 815 0.0
19698 816 0.0
19716 817 0.0
19737 818 0.0
19754 819 0.0
19782 820 0.0
19793 821 0.0
19817 822 1.0
19832 823 0.0
19842 824 0.0
19875 825 0.0
19916 826 0.0
19931 827 0.0
19953 828 0.0
19971 829 0.0
19992 830 0.0
20014 831 1.0
20047 832 0.0
20064 833 0.0
20088 834 0.0
20120 835 0.0
20143 836 0.0
20155 837 0.0
20184 838 0.0
20192 839 0.0
20207 840 0.0
20229 841 0.0
20268 842 0.0
20288 843 0.0
20297 844 0.0
20340 845 0.0
20352 846 0.0
20359 847 0.0
20386 848 0.0
20405 849 0.0
20428 850 0.0
20457 851 0.0
20481 852 0.0
20500 853 0.0
20507 854 0.0
20540 855 0.0
20550 856 0.0
20580 857 0.0
20591 858 0.0
20643 859 0.0
20739 860 0.0
20757 861 0.0
20828 862 1.0
20861 863 0.0
20880 864 0.0
20928 865 0.0
20951 866 0.0
20979 867 0.0
21014 868 0.0
21022 869 0.0
21038 870 0.0
21067 871 0.0
21074 872 0.0
21109 873 0.0
21148 874 0.0
21166 875 0.0
21189 876 0.0
21210 877 1.0
21249 878 0.0
21262 879 0.0
21279 880 0.0
21286 881 0.0
21324 882 0.0
21344 883 0.0
21348 884 0.0
21394 885 0.0
21402 886 0.0
21417 887 0.0
21438 888 0.0
21470 889 0.0
21488 890 0.0
21517 891 0.0
21524 892 0.0
21547 893 0.0
21559 894 0.0
21585 895 0.0
21597 896 0.0
21626 897 0.0
21674 898 0.0
21693 899 0.0
21718 900 0.0
21723 901 0.0
21772 902 0.0
21787 903 0.0
21800 904 0.0
21833 905 0.0
21863 906 0.0
21874 907 0.0
21910 908 1.0
21935 909 0.0
21954 910 0.0
21976 911 0.0
21995 912 0.0
22021 913 1.0
22052 914 0.0
22060 915 0.0
22086 916 0.0
22112 917 0.0
22127 918 0.0
22142 919 0.0
22156 920 0.0
22182 921 0.0
22193 922 0.0
22219 923 0.0
22256 924 0.0
22278 925 0.0
22294 926 1.0
22321 927 0.0
22336 928 0.0
22359 929 0.0
22367 930 0.0
22384 931 0.0
22432 932 0.0
22452 933 0.0
22466 934 0.0
22506 935 0.0
22512 936 0.0
22533 937 0.0
22570 938 0.0
22592 939 0.0
22609 940 0.0
22645 941 0.0
22650 942 0.0
22667 943 1.0
22696 944 0.0
22709 945 0.0
22737 946 0.0
22767 947 0.0
22777 948 0.0
22797 949 0.0
22834 950 0.0
22839 951 1.0
22857 952 0.0
22892 953 0.0
22917 954 0.0
22928 955 0.0
22953 956 0.0
22976 957 0.0
23003 958 0.0
23024 959 0.0
23057 960 0.0
23064 961 0.0
23121 962 0.0
23179 963 0.0
23208 964 0.0
23227 965 0.0
23243 966 0.0
23271 967 0.0
23285 968 0.0
23313 969 0.0
23334 970 0.0
23368 971 0.0
23391 972 0.0
23407 973 0.0
23425 974 1.0
23463 975 0.0
23494 976 0.0
23506 977 0.0
23520 978 0.0
23552 979 0.0
23574 980 0.0
23596 981 0.0
23611 982 0.0
23665 983 0.0
23749 984 0.0
23819 985 0.0
23841 986 0.0
23860 987 0.0
23877 988 0.0
23901 989 0.0
23924 990 0.0
23930 991 0.0
23972 992 0.0
24011 993 0.0
24018 994 1.0
24047 995 0.0
24084 996 0.0
24101 997 0.0
24119 998 0.0
24152 999 0.0
24181 1000 0.0
24193 1001 0.0
24222 1002 0.0
24248 1003 0.0
24280 1004 0.0
24300 1005 0.0
24333 1006 0.0
24361 1007 0.0
24374 1008 0.0
24412 1009 0.0
24427 1010 0.0
24433 1011 0.0
24462 1012 0.0
24478 1013 0.0
24486 1014 0.0
24513 1015 0.0
24544 1016 0.0
24573 1017 0.0
24580 1018 1.0
24671 1019 0.0
24697 1020 0.0
24713 1021 0.0
24749 1022 0.0
24761 1023 0.0
24793 1024 0.0
24818 1025 0.0
24853 1026 0.0
24869 1027 0.0
24877 1028 0.0
24897 1029 0.0
24920 1030 1.0
24926 1031 0.0
24958 1032 0.0
24980 1033 0.0
24989 1034 0.0
25001 1035 0.0
25039 1036 0.0
25067 1037 0.0
25074 1038 0.0
25107 1039 0.0
25119 1040 0.0
25158 1041 0.0
25188 1042 0.0
25215 1043 0.0
25227 1044 0.0
25259 1045 0.0
25272 1046 0.0
25304 1047 0.0
25332 1048 0.0
25336 1049 0.0
25370 1050 0.0
25392 1051 0.0
25426 1052 0.0
25438 1053 0.0
25465 1054 0.0
25511 1055 0.0
25528 1056 0.0
25589 1057 0.0
25604 1058 0.0
25643 1059 0.0
25673 1060 0.0
25683 1061 0.0
25723 1062 0.0
25731 1063 0.0
25781 1064 0.0
25785 1065 0.0
25819 1066 0.0
25925 1067 0.0
25971 1068 0.0
25992 1069 0.0
26018 1070 0.0
26038 1071 0.0
26046 1072 0.0
26067 1073 1.0
26085 1074 0.0
26107 1075 0.0
26125 1076 0.0
26134 1077 0.0
26158 1078 0.0
26175 1079 0.0
26213 1080 0.0
26228 1081 0.0
26264 1082 0.0
26287 1083 0.0
26319 1084 0.0
26325 1085 0.0
26337 1086 0.0
26364 1087 0.0
26378 1088 0.0
26399 1089 1.0
26405 1090 0.0
26412 1091 0.0
26456 1092 0.0
26465 1093 0.0
26474 1094 0.0
26505 1095 0.0
26516 1096 0.0
26564 1097 0.0
26575 1098 0.0
26593 1099 0.0
26607 1100 0.0
26626 1101 0.0
26651 1102 0.0
26686 1103 0.0
26701 1104 0.0
26718 1105 0.0
26738 1106 0.0
26773 1107 0.0
26803 1108 0.0
26854 1109 0.0
26897 1110 0.0
26916 1111 0.0
26926 1112 0.0
26946 1113 0.0
26962 1114 0.0
27005 1115 0.0
27019 1116 0.0
27050 1117 0.0
27099 1118 0.0
27117 1119 0.0
27170 1120 0.0
27201 1121 0.0
27232 1122 0.0
27271 1123 0.0
27290 1124 0.0
27323 1125 0.0
27357 1126 1.0
27400 1127 0.0
27410 1128 0.0
27427 1129 0.0
27453 1130 0.0
27472 1131 0.0
27505 1132 0.0
27525 1133 1.0
27555 1134 0.0
27584 1135 0.0
27597 1136 0.0
27666 1137 0.0
27689 1138 0.0
27698 1139 0.0
27705 1140 0.0
27729 1141 0.0
27762 1142 0.0
27777 1143 0.0
27808 1144 0.0
27828 1145 0.0
27849 1146 0.0
27891 1147 0.0
27924 1148 0.0
27934 1149 0.0
27974 1150 0.0
27993 1151 0.0
28023 1152 1.0
28038 1153 0.0
28081 1154 0.0
28087 1155 0.0
28136 1156 0.0
28159 1157 0.0
28193 1158 0.0
28215 1159 0.0
28219 1160 0.0
28254 1161 0.0
28272 1162 0.0
28283 1163 0.0
28315 1164 0.0
28340 1165 0.0
28352 1166 0.0
28368 1167 0.0
28389 1168 0.0
28451 1169 0.0
28464 1170 0.0
28496 1171 0.0
28513 1172 0.0
28536 1173 0.0
28553 1174 0.0
28603 1175 0.0
28617 1176 0.0
28633 1177 0.0
28675 1178 0.0
28683 1179 0.0
28752 1180 0.0
28785 1181 0.0
28819 1182 0.0
28832 1183 0.0
28848 1184 0.0
28887 1185 0.0
28915 1186 0.0
28926 1187 0.0
28955 1188 0.0
28988 1189 0.0
29002 1190 0.0
29038 1191 0.0
29051 1192 0.0
29076 1193 0.0
29092 1194 0.0
29108 1195 0.0
29120 1196 0.0
29163 1197 0.0
29185 1198 0.0
29221 1199 0.0
29241 1200 0.0
29264 1201 0.0
29295 1202 0.0
29342 1203 0.0
29362 1204 0.0
29391 1205 0.0
29395 1206 0.0
29414 1207 0.0
29428 1208 0.0
29438 1209 0.0
29466 1210 0.0
29473 1211 0.0
29503 1212 0.0
29526 1213 0.0
29547 1214 0.0
29573 1215 0.0
29590 1216 0.0
29632 1217 0.0
29638 1218 0.0
29666 1219 0.0
29703 1220 0.0
29726 1221 0.0
29737 1222 0.0
29803 1223 0.0
29816 1224 0.0
29832 1225 0.0
29841 1226 0.0
29862 1227 1.0
29879 1228 0.0
29902 1229 0.0
29905 1230 0.0
29918 1231 0.0
29957 1232 0.0
29965 1233 0.0
29987 1234 0.0
30003 1235 0.0
30052 1236 0.0
30062 1237 0.0
30072 1238 0.0
30091 1239 0.0
30121 1240 0.0
30133 1241 0.0
30142 1242 1.0
30170 1243 1.0
30188 1244 0.0
30211 1245 0.0
30225 1246 0.0
30235 1247 0.0
30266 1248 0.0
30284 1249 0.0
30311 1250 1.0
30326 1251 0.0
30339 1252 0.0
30365 1253 0.0
30398 1254 0.0
30468 1255 0.0
30482 1256 0.0
30495 1257 0.0
30508 1258 0.0
30534 1259 0.0
30546 1260 0.0
30571 1261 0.0
30583 1262 0.0
30595 1263 0.0
30625 1264 0.0
30628 1265 0.0
30660 1266 0.0
30691 1267 0.0
30713 1268 0.0
30719 1269 0.0
30748 1270 0.0
30781 1271 0.0
30791 1272 0.0
30799 1273 0.0
30846 1274 0.0
30861 1275 0.0
30877 1276 0.0
30910 1277 0.0
30953 1278 0.0
30958 1279 0.0
30971 1280 0.0
30994 1281 0.0
31025 1282 0.0
31061 1283 0.0
31085 1284 0.0
31115 1285 0.0
31134 1286 0.0
31159 1287 0.0
31172 1288 0.0
31209 1289 0.0
31229 1290 0.0
31257 1291 0.0
31284 1292 0.0
31292 1293 0.0
31318 1294 1.0
31350 1295 0.0
31354 1296 0.0
31400 1297 0.0
31413 1298 0.0
31449 1299 0.0
31470 1300 0.0
31506 1301 0.0
31549 1302 0.0
31568 1303 1.0
31572 1304 1.0
31583 1305 0.0
31604 1306 0.0
31626 1307 0.0
31639 1308 0.0
31657 1309 0.0
31698 1310 0.0
31708 1311 0.0
 fin motif
# 5 target:0 c+:0 c-:2 score:9.611713884412111 score+:0 score-:15.378742215059379 nb:1 =l_3c_9 
10444 427 0.0
24230 1002 0.0
 fin motif
