# 0 target:0 c+:167 c-:340 score:26.849329742495136 score+:523.8017599019429 score-:760.0758616359 nb:13 =l_1c_0 l_1c_1 l_1c_4 l_1c_5 l_1c_6 l_1c_7 l_1c_8 l_1c_10 l_1c_11 l_1c_12 l_1c_17 l_1c_19 l_1c_3 
385 15 0.0
1329 53 0.0
1991 79 0.0
2087 83 1.0
3387 135 0.0
3981 159 0.0
4477 179 0.0
4705 188 0.0
4981 199 0.0
5485 219 0.0
6333 253 0.0
6763 270 0.0
6831 273 0.0
7251 290 0.0
7302 292 0.0
7481 299 0.0
7633 305 0.0
8755 350 0.0
9985 399 0.0
10526 421 0.0
11993 479 0.0
12411 496 0.0
13157 526 0.0
13181 527 0.0
13310 532 0.0
14108 564 1.0
14801 592 0.0
15087 603 0.0
15806 632 1.0
16157 646 1.0
16637 665 1.0
16662 666 1.0
18932 757 1.0
22085 883 1.0
3204 128 0.0
4592 183 0.0
4854 194 0.0
5253 210 0.0
6079 243 0.0
14814 592 0.0
17811 712 0.0
7 0 0.0
281 11 0.0
485 19 0.0
2479 99 0.0
3536 141 0.0
3861 154 0.0
4185 167 0.0
4280 171 0.0
5004 200 0.0
5285 211 0.0
5860 234 0.0
6253 250 0.0
6607 264 0.0
7608 304 0.0
9336 373 0.0
9662 386 0.0
10008 400 0.0
10178 407 0.0
10362 414 0.0
10509 420 0.0
11110 444 1.0
11686 467 0.0
11811 472 0.0
11858 474 0.0
11933 477 0.0
12205 488 0.0
13236 529 0.0
13362 534 0.0
13509 540 0.0
13712 548 0.0
14234 569 0.0
15133 605 1.0
15187 607 1.0
15581 623 1.0
16008 640 1.0
16054 642 1.0
16108 644 1.0
16318 652 1.0
16757 670 1.0
16811 672 1.0
17031 681 1.0
17084 683 1.0
17114 684 1.0
17285 691 1.0
17337 693 1.0
17458 698 1.0
17712 708 1.0
17737 709 0.0
17834 713 1.0
17917 716 1.0
17938 717 1.0
17959 718 1.0
18032 721 1.0
18088 723 1.0
18109 724 1.0
18137 725 1.0
18333 733 1.0
18510 740 1.0
18705 748 1.0
18991 759 1.0
19158 766 1.0
19187 767 1.0
19237 769 1.0
19487 779 1.0
19512 780 1.0
19582 783 1.0
20056 802 1.0
20185 807 1.0
20211 808 1.0
20608 824 1.0
20704 828 1.0
20809 832 1.0
21084 843 1.0
21331 853 1.0
21512 860 1.0
21838 873 1.0
22010 880 1.0
22134 885 1.0
22211 888 1.0
22284 891 1.0
22385 895 1.0
22410 896 1.0
43 1 0.0
134 5 0.0
213 8 1.0
237 9 0.0
257 10 0.0
286 11 0.0
331 13 1.0
356 14 0.0
429 17 0.0
455 18 0.0
508 20 0.0
574 22 0.0
584 23 0.0
608 24 0.0
667 26 0.0
692 27 0.0
722 28 0.0
779 31 1.0
894 35 0.0
906 36 1.0
942 37 0.0
1123 44 0.0
1140 45 0.0
1157 46 0.0
1279 51 0.0
1310 52 0.0
1361 54 0.0
1384 55 0.0
1407 56 0.0
1454 58 1.0
1489 59 0.0
1519 60 0.0
1560 62 0.0
1662 66 0.0
1692 67 0.0
1732 69 0.0
1882 75 0.0
1905 76 0.0
1965 78 0.0
2006 80 1.0
2031 81 0.0
2109 84 0.0
2137 85 0.0
2214 88 0.0
2258 90 0.0
2313 92 0.0
2382 95 0.0
2414 96 0.0
2466 98 0.0
2460 98 0.0
2480 99 0.0
2534 101 1.0
2561 102 0.0
2592 103 0.0
2662 106 1.0
2683 107 0.0
2705 108 1.0
2728 109 0.0
2756 110 0.0
2931 117 0.0
2992 119 0.0
3010 120 0.0
3053 122 1.0
3162 126 0.0
3246 129 0.0
3284 131 0.0
3365 134 0.0
3412 136 0.0
3482 139 1.0
3505 140 0.0
3561 142 0.0
3612 144 0.0
3672 146 0.0
3681 147 0.0
3819 152 0.0
3835 153 0.0
3869 154 0.0
3890 155 0.0
3941 157 0.0
4072 162 0.0
4090 163 1.0
4187 167 0.0
4278 171 0.0
4429 177 0.0
4535 181 0.0
4568 182 0.0
4649 185 0.0
4680 187 0.0
4793 191 0.0
4841 193 0.0
4954 198 0.0
5012 200 0.0
5205 208 0.0
5283 211 0.0
5304 212 1.0
5357 214 0.0
5410 216 1.0
5467 218 0.0
5493 219 0.0
5582 223 0.0
5708 228 0.0
5841 233 0.0
5861 234 0.0
5923 236 0.0
5941 237 0.0
5983 239 1.0
6132 245 0.0
6194 247 0.0
6204 248 0.0
6245 249 0.0
6255 250 0.0
6292 251 0.0
6356 254 0.0
6418 256 0.0
6642 265 0.0
6660 266 0.0
6688 267 0.0
6866 274 0.0
6940 277 0.0
6996 279 0.0
7064 282 0.0
7083 283 0.0
7194 287 0.0
7219 288 0.0
7281 291 0.0
7389 295 1.0
7517 300 0.0
7621 304 0.0
7679 307 1.0
7737 309 0.0
7878 315 0.0
7915 316 0.0
7963 318 0.0
7981 319 0.0
8123 324 0.0
8162 326 1.0
8206 328 0.0
8232 329 1.0
8320 332 0.0
8334 333 0.0
8386 335 0.0
8481 339 0.0
8582 343 0.0
8716 348 1.0
8729 349 0.0
8788 351 0.0
8841 353 0.0
8877 355 1.0
8913 356 0.0
8930 357 0.0
8966 358 0.0
8980 359 0.0
9033 361 0.0
9083 363 0.0
9131 365 0.0
9194 367 0.0
9210 368 0.0
9231 369 0.0
9255 370 0.0
9317 372 0.0
9334 373 0.0
9378 375 0.0
9410 376 0.0
9430 377 0.0
9486 379 0.0
9506 380 0.0
9547 381 0.0
9632 385 0.0
9631 385 0.0
9667 386 0.0
9749 389 0.0
9761 390 0.0
9794 391 0.0
9916 396 0.0
9947 397 0.0
9971 398 0.0
10041 401 0.0
10107 404 0.0
10230 409 0.0
10248 409 0.0
10290 411 0.0
10363 414 0.0
10393 415 0.0
10407 416 0.0
10439 417 0.0
10454 418 0.0
10510 420 0.0
10572 422 0.0
10621 424 0.0
10653 426 0.0
10687 427 0.0
10715 428 0.0
10767 430 0.0
10791 431 0.0
10810 432 0.0
10886 435 0.0
10955 438 0.0
10996 439 0.0
11026 441 0.0
11060 442 0.0
11130 445 0.0
11203 448 0.0
11286 451 0.0
11314 452 0.0
11340 453 1.0
11418 456 0.0
11414 456 0.0
11441 457 0.0
11483 459 0.0
11530 461 0.0
11761 470 0.0
11910 476 0.0
11931 477 0.0
11954 478 0.0
11998 479 0.0
12033 481 0.0
12083 483 1.0
12161 486 0.0
12206 488 0.0
12277 491 0.0
12430 497 0.0
12490 499 0.0
12506 500 0.0
12529 501 0.0
12559 502 0.0
12732 509 0.0
12880 515 0.0
12982 519 0.0
13055 522 0.0
13112 524 0.0
13132 525 0.0
13233 529 0.0
13258 530 0.0
13283 531 0.0
13363 534 0.0
13382 535 0.0
13461 538 0.0
13515 540 0.0
13571 542 0.0
13580 543 0.0
13665 546 0.0
13688 547 0.0
13710 548 0.0
13789 551 0.0
13871 554 0.0
13921 556 0.0
13929 557 0.0
13956 558 0.0
14004 560 0.0
14030 561 0.0
14068 562 0.0
14155 566 1.0
14188 567 0.0
14230 569 0.0
14330 573 0.0
14386 575 0.0
14439 577 0.0
14497 579 0.0
14529 581 0.0
14554 582 0.0
14586 583 0.0
14647 585 0.0
14680 587 0.0
14718 588 0.0
14746 589 0.0
14789 591 0.0
14911 596 0.0
15035 601 1.0
15139 605 1.0
15156 606 1.0
15211 608 1.0
15235 609 1.0
15258 610 1.0
15304 612 1.0
15329 613 1.0
15408 616 1.0
15470 618 0.0
15530 621 1.0
15561 622 1.0
15673 626 1.0
15704 628 0.0
15731 629 1.0
15854 634 1.0
16055 642 1.0
16194 647 1.0
16242 649 1.0
16386 655 1.0
16408 656 1.0
16459 658 1.0
16689 667 1.0
16711 668 1.0
16784 671 1.0
16920 676 1.0
16932 677 1.0
17033 681 1.0
17063 682 1.0
17286 691 1.0
17441 697 1.0
17483 699 1.0
17535 701 1.0
17676 707 1.0
17713 708 1.0
17759 710 1.0
17832 713 1.0
17942 717 1.0
17960 718 1.0
18036 721 1.0
18089 723 1.0
18107 724 1.0
18169 726 1.0
18256 730 1.0
18293 731 1.0
18312 732 1.0
18428 737 1.0
18464 738 1.0
18508 740 1.0
18686 747 1.0
18703 748 1.0
18762 750 1.0
19215 768 1.0
19249 769 1.0
19395 775 1.0
19488 779 1.0
19513 780 1.0
19530 781 1.0
19583 783 1.0
19640 785 1.0
19688 787 1.0
19746 789 1.0
19963 798 1.0
19981 799 1.0
20010 800 1.0
20204 808 1.0
20730 829 1.0
20813 832 1.0
20933 837 1.0
20954 838 1.0
20976 839 1.0
21165 846 0.0
21256 850 1.0
21339 853 1.0
21377 855 1.0
21411 856 1.0
21433 857 1.0
21604 864 1.0
21684 867 1.0
21711 868 1.0
21765 870 1.0
21856 874 1.0
21887 875 1.0
21935 877 1.0
22135 885 1.0
22191 887 1.0
22333 893 1.0
22411 896 1.0
67 2 0.0
131 5 0.0
259 10 0.0
371 14 0.0
471 18 0.0
586 23 0.0
612 24 0.0
699 27 0.0
868 34 0.0
960 38 0.0
1203 48 0.0
1752 70 0.0
1787 71 0.0
1828 73 0.0
2458 98 0.0
2577 103 0.0
2693 107 0.0
2772 110 0.0
2970 118 0.0
3084 123 0.0
3183 127 0.0
3202 128 0.0
3398 135 0.0
3423 136 0.0
3484 139 1.0
3772 150 0.0
4217 168 0.0
4267 170 1.0
4595 183 0.0
4741 189 0.0
4765 190 0.0
4810 192 1.0
4860 194 0.0
5058 202 0.0
5135 205 0.0
5308 212 1.0
5463 218 0.0
5585 223 0.0
5632 225 0.0
5694 227 0.0
5878 235 0.0
6178 247 0.0
6616 264 0.0
6720 268 0.0
6934 277 0.0
7009 280 0.0
7109 284 0.0
7441 297 0.0
7485 299 0.0
7873 314 0.0
7941 317 0.0
8145 325 0.0
8185 327 0.0
8420 336 0.0
8607 344 1.0
9207 368 0.0
9257 370 0.0
9493 379 0.0
9573 382 0.0
9684 387 0.0
10054 402 0.0
10136 405 0.0
10210 408 1.0
10490 419 0.0
10530 421 0.0
10578 423 0.0
10620 424 0.0
10693 427 0.0
11062 442 0.0
11587 463 0.0
11885 475 0.0
11920 476 0.0
12072 482 0.0
12231 489 0.0
12336 493 0.0
12596 503 0.0
12970 518 0.0
13007 520 0.0
13634 545 0.0
13732 549 0.0
14148 565 0.0
14502 580 0.0
14715 588 0.0
15114 604 1.0
15344 613 1.0
15515 620 1.0
15908 636 1.0
16109 644 1.0
16192 647 1.0
16962 678 1.0
17138 685 1.0
17416 696 1.0
17537 701 1.0
17664 706 1.0
17728 709 0.0
17813 712 0.0
18021 720 1.0
18413 736 1.0
18430 737 1.0
18823 752 1.0
19217 768 1.0
20478 819 1.0
21497 859 1.0
21606 864 1.0
21713 868 1.0
21857 874 1.0
22034 881 1.0
22157 886 1.0
22462 898 1.0
382 15 0.0
1201 48 0.0
1410 56 0.0
1608 64 0.0
1682 67 0.0
2084 83 1.0
2194 87 0.0
3814 152 0.0
4152 166 0.0
4478 179 0.0
4706 188 0.0
4763 190 0.0
4857 194 0.0
5005 200 0.0
5258 210 0.0
5482 219 0.0
5693 227 0.0
5840 233 0.0
5876 235 0.0
6239 249 0.0
6334 253 0.0
6917 276 0.0
7140 285 0.0
7408 296 0.0
7478 299 0.0
7634 305 0.0
7795 311 0.0
8358 334 1.0
8939 357 0.0
9358 374 0.0
9683 387 0.0
9986 399 0.0
10084 403 0.0
10179 407 0.0
10528 421 0.0
11107 444 1.0
11214 448 0.0
11411 456 0.0
11990 479 0.0
12121 484 0.0
13438 537 0.0
14811 592 0.0
15909 636 1.0
15936 637 1.0
16158 646 1.0
16634 665 1.0
16659 666 1.0
17415 696 1.0
18138 725 1.0
18313 732 1.0
18929 757 1.0
20396 815 0.0
 fin motif
# 1 target:0 c+:64 c-:150 score:1.3855228737057708 score+:188.032561670536 score-:201.05647668337025 nb:14 =l_1c_0 l_1c_1 l_1c_4 l_1c_5 l_1c_6 l_1c_7 l_1c_8 l_1c_10 l_1c_11 l_1c_12 l_1c_17 l_1c_19 l_1c_2 l_1c_16 
385 15 0.0
1329 53 0.0
1991 79 0.0
2087 83 1.0
3387 135 0.0
3981 159 0.0
4477 179 0.0
4705 188 0.0
4981 199 0.0
5485 219 0.0
6333 253 0.0
6763 270 0.0
6831 273 0.0
7251 290 0.0
7302 292 0.0
7481 299 0.0
7633 305 0.0
8755 350 0.0
9985 399 0.0
10526 421 0.0
11993 479 0.0
12411 496 0.0
13157 526 0.0
13181 527 0.0
13310 532 0.0
14108 564 1.0
14801 592 0.0
15087 603 0.0
15806 632 1.0
16157 646 1.0
16637 665 1.0
16662 666 1.0
18932 757 1.0
22085 883 1.0
43 1 0.0
134 5 0.0
213 8 1.0
356 14 0.0
429 17 0.0
508 20 0.0
574 22 0.0
584 23 0.0
692 27 0.0
722 28 0.0
779 31 1.0
894 35 0.0
906 36 1.0
1140 45 0.0
1361 54 0.0
1489 59 0.0
1519 60 0.0
1662 66 0.0
1692 67 0.0
1732 69 0.0
1965 78 0.0
2006 80 1.0
2137 85 0.0
2214 88 0.0
2382 95 0.0
2466 98 0.0
2592 103 0.0
2662 106 1.0
2728 109 0.0
2756 110 0.0
3053 122 1.0
3162 126 0.0
3246 129 0.0
3284 131 0.0
3365 134 0.0
3412 136 0.0
3482 139 1.0
3612 144 0.0
3681 147 0.0
3835 153 0.0
3869 154 0.0
3941 157 0.0
4090 163 1.0
4187 167 0.0
4429 177 0.0
4649 185 0.0
4954 198 0.0
5410 216 1.0
5467 218 0.0
5493 219 0.0
5708 228 0.0
5841 233 0.0
5861 234 0.0
5923 236 0.0
5941 237 0.0
6194 247 0.0
6204 248 0.0
6245 249 0.0
6255 250 0.0
6418 256 0.0
6642 265 0.0
6660 266 0.0
6688 267 0.0
6940 277 0.0
6996 279 0.0
7064 282 0.0
7083 283 0.0
7194 287 0.0
7219 288 0.0
7679 307 1.0
7737 309 0.0
7878 315 0.0
7981 319 0.0
8334 333 0.0
8481 339 0.0
8582 343 0.0
8729 349 0.0
8877 355 1.0
8913 356 0.0
8966 358 0.0
8980 359 0.0
9033 361 0.0
9210 368 0.0
9255 370 0.0
9378 375 0.0
9410 376 0.0
9632 385 0.0
9667 386 0.0
9794 391 0.0
9971 398 0.0
10290 411 0.0
10393 415 0.0
10439 417 0.0
10454 418 0.0
10572 422 0.0
10621 424 0.0
10791 431 0.0
10886 435 0.0
10955 438 0.0
11060 442 0.0
11130 445 0.0
11286 451 0.0
11414 456 0.0
11483 459 0.0
11910 476 0.0
12033 481 0.0
12083 483 1.0
12277 491 0.0
12490 499 0.0
12506 500 0.0
12529 501 0.0
12559 502 0.0
13132 525 0.0
13233 529 0.0
13258 530 0.0
13382 535 0.0
13688 547 0.0
13789 551 0.0
13871 554 0.0
14030 561 0.0
14330 573 0.0
14529 581 0.0
14586 583 0.0
14647 585 0.0
14746 589 0.0
14789 591 0.0
14911 596 0.0
15035 601 1.0
15139 605 1.0
15258 610 1.0
15470 618 0.0
15561 622 1.0
15704 628 0.0
15731 629 1.0
15854 634 1.0
16242 649 1.0
16386 655 1.0
16408 656 1.0
16689 667 1.0
16711 668 1.0
16920 676 1.0
17033 681 1.0
17063 682 1.0
17441 697 1.0
17483 699 1.0
17535 701 1.0
17676 707 1.0
17759 710 1.0
17942 717 1.0
18036 721 1.0
18169 726 1.0
18256 730 1.0
18312 732 1.0
18428 737 1.0
19249 769 1.0
19513 780 1.0
19640 785 1.0
19746 789 1.0
19981 799 1.0
20204 808 1.0
20813 832 1.0
21339 853 1.0
21377 855 1.0
21433 857 1.0
21604 864 1.0
21711 868 1.0
21765 870 1.0
21887 875 1.0
131 5 0.0
1787 71 0.0
3484 139 1.0
4860 194 0.0
9207 368 0.0
9257 370 0.0
9684 387 0.0
11062 442 0.0
17416 696 1.0
17537 701 1.0
21606 864 1.0
21713 868 1.0
21857 874 1.0
587 23 0.0
833 33 0.0
2030 81 0.0
2872 114 0.0
3582 143 1.0
5840 233 0.0
6387 255 0.0
8483 339 0.0
9380 375 0.0
9683 387 0.0
9910 396 0.0
10528 421 0.0
16458 658 1.0
16931 677 1.0
17415 696 1.0
18431 737 1.0
21757 870 1.0
 fin motif
