# 0 0 target:0 c+:178 c-:373 score:82.5961505308631 score+:1459.262174351072 score-:2086.992918385631 nb:11 =l_0c_3 l_0c_17 l_0c_0 l_0c_15 l_0c_19 l_0c_12 l_0c_6 l_0c_10 l_0c_5 l_0c_13 l_0c_14 
43 1
134 5
213 8
237 9
257 10
286 11
331 13
356 14
440 17
455 18
574 22
584 23
607 24
630 25
667 26
692 27
722 28
739 29
762 30
779 31
894 35
906 36
942 37
1000 40
1050 42
1123 44
1140 45
1157 46
1227 49
1279 51
1361 54
1407 56
1454 58
1489 59
1519 60
1635 65
1662 66
1692 67
1732 69
1882 75
1965 78
1981 79
2006 80
2059 82
2109 84
2137 85
2214 88
2258 90
2313 92
2330 93
2382 95
2414 96
2425 97
2466 98
2534 101
2561 102
2592 103
2662 106
2683 107
2705 108
2728 109
2756 110
2828 113
2931 117
2992 119
3010 120
3037 121
3053 122
3096 123
3162 126
3246 129
3284 131
3327 133
3365 134
3412 136
3436 137
3465 138
3482 139
3505 140
3561 142
3575 143
3612 144
3672 146
3681 147
3703 148
3790 151
3819 152
3835 153
3869 154
3890 155
3941 157
4019 160
4072 162
4090 163
4116 164
4133 165
4187 167
4291 171
4346 173
4375 175
4429 177
4483 179
4534 181
4568 182
4579 183
4600 184
4649 185
4680 187
4793 191
4846 193
4954 198
4990 199
5012 200
5124 204
5205 208
5304 212
5333 213
5410 216
5467 218
5493 219
5547 221
5552 222
5582 223
5708 228
5764 230
5841 233
5861 234
5923 236
5941 237
5983 239
6011 240
6132 245
6194 247
6204 248
6245 249
6255 250
6292 251
6324 252
6325 253
6356 254
6418 256
6438 257
6450 258
6493 259
6642 265
6660 266
6688 267
6718 268
6866 274
6940 277
6970 278
6996 279
7037 281
7064 282
7083 283
7194 287
7219 288
7250 290
7282 291
7315 292
7339 293
7389 295
7475 299
7517 300
7621 304
7679 307
7737 309
7764 310
7832 313
7878 315
7919 316
7963 318
7981 319
8123 324
8162 326
8206 328
8232 329
8256 330
8320 332
8334 333
8391 335
8481 339
8535 341
8582 343
8716 348
8729 349
8788 351
8819 352
8877 355
8913 356
8930 357
8966 358
8980 359
9013 360
9052 362
9083 363
9105 364
9131 365
9194 367
9210 368
9231 369
9255 370
9275 371
9317 372
9350 374
9378 375
9410 376
9430 377
9464 378
9506 380
9547 381
9580 383
9632 385
9667 386
9684 387
9749 389
9761 390
9794 391
9916 396
9947 397
9971 398
9982 399
10041 401
10058 402
10107 404
10248 409
10257 410
10290 411
10334 413
10393 415
10439 417
10454 418
10525 421
10572 422
10621 424
10653 426
10687 427
10715 428
10767 430
10791 431
10810 432
10865 434
10886 435
10955 438
10996 439
11005 440
11026 441
11060 442
11130 445
11155 446
11203 448
11286 451
11316 452
11340 453
11353 454
11375 455
11418 456
11441 457
11457 458
11483 459
11530 461
11584 463
11728 469
11761 470
11910 476
11954 478
11998 479
12033 481
12060 482
12083 483
12161 486
12219 488
12277 491
12451 498
12490 499
12506 500
12529 501
12559 502
12618 504
12732 509
12750 510
12781 511
12800 512
12880 515
12903 516
12982 519
13055 522
13082 523
13112 524
13132 525
13199 527
13233 529
13258 530
13382 535
13437 537
13461 538
13481 539
13515 540
13536 541
13571 542
13580 543
13665 546
13688 547
13719 548
13789 551
13825 553
13871 554
13921 556
13935 557
13956 558
13984 559
14004 560
14030 561
14155 566
14188 567
14230 569
14254 570
14330 573
14372 574
14386 575
14439 577
14470 578
14497 579
14529 581
14586 583
14647 585
14680 587
14718 588
14746 589
14789 591
14800 592
14825 593
14911 596
15035 601
15139 605
15155 606
15211 608
15235 609
15258 610
15304 612
15329 613
15365 614
15470 618
15530 621
15561 622
15597 623
15673 626
15704 628
15731 629
15802 632
15831 633
15854 634
15886 635
15961 638
16194 647
16242 649
16250 650
16386 655
16408 656
16450 658
16536 661
16658 666
16689 667
16711 668
16727 669
16784 671
16920 676
17000 680
17033 681
17063 682
17150 686
17349 693
17416 696
17441 697
17483 699
17500 700
17535 701
17586 703
17600 704
17676 707
17759 710
17775 711
17830 713
17855 714
17898 715
17942 717
18036 721
18102 724
18169 726
18177 727
18211 728
18256 730
18293 731
18312 732
18428 737
18480 739
18583 743
18686 747
18855 754
18912 756
19108 764
19215 768
19249 769
19287 771
19395 775
19480 779
19513 780
19530 781
19577 783
19620 784
19640 785
19688 787
19746 789
19755 790
19809 792
19963 798
19981 799
20010 800
20091 803
20180 807
20204 808
20373 814
20632 825
20687 827
20730 829
20813 832
20954 838
20976 839
21059 842
21100 844
21173 846
21225 849
21284 851
21339 853
21377 855
21433 857
21604 864
21711 868
21731 869
21765 870
21832 873
21857 874
21887 875
21904 876
21935 877
22025 881
22050 882
22081 883
22191 887
22333 893
22377 895
22400 896
22425 897
22476 899
2866 114
12704 508
131 5
385 15
541 21
586 23
832 33
1204 48
1329 53
1561 62
1603 64
1865 74
1991 79
2029 81
2087 83
2514 100
2871 114
2882 115
3115 124
3145 125
3204 128
3387 135
3484 139
3581 143
3614 144
3633 145
3981 159
4155 166
4477 179
4515 180
4592 183
4705 188
4731 189
4755 190
4829 193
4854 194
4941 197
4981 199
5004 200
5028 201
5253 210
5380 215
5679 227
5836 233
5879 235
6026 241
6080 243
6333 253
6386 255
6556 262
6763 270
6831 273
6920 276
7013 280
7110 284
7133 285
7251 290
7302 292
7405 296
7481 299
7633 305
7704 308
7939 317
7954 318
8134 325
8361 334
8482 339
8755 350
8851 354
9207 368
9257 370
9379 375
9682 387
9889 395
9909 396
9985 399
10081 403
10165 406
10178 407
10408 416
10579 423
11062 442
11110 444
11606 464
12411 496
13157 526
13181 527
13284 531
13310 532
13628 545
13883 555
13928 557
14108 564
14504 580
14555 582
14814 592
15087 603
15153 606
15409 616
15806 632
15908 636
15934 637
16038 641
16157 646
16457 658
16590 663
16637 665
16662 666
16930 677
16981 679
17232 689
17537 701
17729 709
17811 712
18137 725
18430 737
18932 757
20235 809
20931 837
21606 864
21683 867
21713 868
21753 870
22085 883
430 17
507 20
1311 52
1384 55
5358 214
8840 353
9032 361
9485 379
11314 452
14067 562
18463 738
18760 750
21254 850
21410 856
# 1 1 target:0 c+:45 c-:145 score:69.84434536922699 score+:377.52527181159695 score-:824.5290821746496 nb:9 =l_0c_3 l_0c_8 l_0c_0 l_0c_15 l_0c_19 l_0c_11 l_0c_9 l_0c_4 l_0c_2 
1828 73
1132 45
1734 69
7654 306
8958 358
10956 438
11205 448
11885 475
12031 481
12511 500
16318 652
371 14
382 15
471 18
612 24
699 27
960 38
980 39
1201 48
1326 53
1410 56
1608 64
1682 67
1787 71
1903 76
1992 79
2084 83
2194 87
2458 98
2576 103
2615 104
2644 105
2693 107
2772 110
2970 118
3084 123
3183 127
3201 128
3398 135
3423 136
3772 150
3814 152
3982 159
4152 166
4185 167
4478 179
4593 183
4706 188
4741 189
4763 190
4810 192
4857 194
4978 199
5005 200
5058 202
5135 205
5258 210
5308 212
5463 218
5482 219
5673 226
5693 227
5876 235
6239 249
6334 253
6616 264
6720 268
6760 270
6828 273
6917 276
7009 280
7140 285
7252 290
7303 292
7408 296
7441 297
7478 299
7634 305
7795 311
7873 314
7940 317
8358 334
8607 344
8664 346
8756 350
8939 357
9358 374
9573 382
9986 399
10084 403
10179 407
10210 408
10490 419
10528 421
10576 423
10620 424
10692 427
11107 444
11411 456
11587 463
11920 476
11990 479
12070 482
12378 495
12408 496
12428 497
12596 503
13007 520
13158 526
13178 527
13236 529
13311 532
13438 537
13488 539
13690 547
13732 549
13778 551
14109 564
14148 565
14501 580
14715 588
14811 592
15088 603
15114 604
15344 613
15515 620
15807 632
15909 636
15936 637
16109 644
16158 646
16192 647
16634 665
16659 666
17726 709
17812 712
18021 720
18138 725
18313 732
18823 752
18929 757
19217 768
19402 776
19628 785
20396 815
20680 827
21497 859
22082 883
68 2
261 10
868 34
1752 70
2577 103
3202 128
4217 168
4268 170
4595 183
5587 223
5633 225
6178 247
6934 277
7862 314
7941 317
8145 325
8186 327
8421 336
9493 379
10054 402
10138 405
10578 423
10693 427
12072 482
12105 484
12232 489
12337 493
12970 518
13635 545
14502 580
16963 678
17138 685
17664 706
17728 709
17813 712
18413 736
20478 819
22036 881
22158 886
22462 898
2197 87
3614 144
3817 152
4515 180
4829 193
5836 233
7798 311
7954 318
9683 387
9889 395
12118 484
15637 625
16345 653
17415 696
20399 815
21753 870
21870 874
9631 385
10529 421
# 2 2 target:0 c+:59 c-:168 score:60.140920667681414 score+:578.1045307305201 score-:1107.3446326061164 nb:13 =l_0c_3 l_0c_12 l_0c_0 l_0c_15 l_0c_19 l_0c_18 l_0c_1 l_0c_5 l_0c_10 l_0c_6 l_0c_14 l_0c_13 l_0c_11 
1792 71
1828 73
10530 421
21 0
28 1
66 2
79 3
210 8
258 10
291 11
539 21
866 34
933 37
1043 41
1101 44
1134 45
1200 48
1325 53
1357 54
1565 62
1697 67
1737 69
1750 70
1871 74
1930 77
2060 82
2201 88
2408 96
2462 98
2513 100
2575 103
2815 112
2886 115
2941 117
3123 124
3144 125
3208 128
3372 134
3556 142
3601 144
3634 145
3657 146
3752 150
3936 157
3995 159
4122 164
4130 165
4214 168
4270 170
4518 180
4528 181
4596 183
4735 189
4766 190
4785 191
4827 193
4862 194
4929 197
4957 198
4977 199
5026 201
5063 202
5093 203
5220 208
5230 209
5382 215
5562 222
5588 223
5606 224
5631 225
5696 227
5742 229
5840 233
5893 235
5933 237
6015 240
6030 241
6081 243
6179 247
6215 248
6445 257
6560 262
6668 266
6772 270
6827 273
6935 277
7089 283
7116 284
7138 285
7212 288
7488 299
7515 300
7637 305
7653 306
7703 308
7761 310
7943 317
7953 318
7985 319
8044 321
8055 322
8133 325
8188 327
8382 335
8436 337
8739 349
8855 354
8946 357
8961 358
9161 366
9357 374
9443 377
9491 379
9814 392
9892 395
9992 399
10052 402
10123 404
10139 405
10173 406
10313 412
10411 416
10442 417
10567 422
10575 423
10695 427
10952 438
11087 443
11204 448
11323 452
11610 464
11659 466
12030 481
12073 482
12080 483
12117 484
12234 489
12303 492
12339 493
12510 500
12554 502
12715 508
12792 511
12908 516
12968 518
13059 522
13128 525
13177 527
13287 531
13379 535
13495 539
13527 541
13633 545
13656 546
13854 554
13884 555
13927 557
13952 558
13996 559
14500 580
14567 582
14606 584
14694 587
14707 588
14739 589
14772 590
14791 591
14955 598
15152 606
15413 616
15467 618
15516 620
15635 625
15684 627
15708 628
15734 629
15906 636
15939 637
16037 641
16102 644
16308 652
16344 653
16444 657
16530 661
16591 663
16965 678
16982 679
17037 681
17140 685
17233 689
17413 696
17612 704
17661 706
17682 707
17725 709
17805 712
17944 717
17989 719
18038 721
18414 736
18606 744
18928 757
19046 761
19141 765
19152 766
19389 775
19709 788
19943 797
20236 809
20295 811
20488 819
20735 829
20815 832
20916 836
20929 837
20984 839
21308 852
21356 854
21644 865
21696 867
21751 870
21869 874
21972 878
22033 881
22127 885
22160 886
22463 898
# 3 3 target:0 c+:127 c-:210 score:13.606672080230567 score+:1052.6616474706675 score-:1164.2363585285582 nb:12 =l_0c_3 l_0c_18 l_0c_5 l_0c_1 l_0c_10 l_0c_6 l_0c_0 l_0c_15 l_0c_19 l_0c_14 l_0c_11 l_0c_16 
1792 71
1828 73
10530 421
38 1
141 5
157 6
217 8
231 9
515 20
530 21
558 22
733 29
857 34
953 38
976 39
1034 41
1055 42
1128 45
1184 47
1207 48
1236 49
1252 50
1283 51
1331 53
1438 57
1512 60
1605 64
1637 65
1653 66
1815 72
1854 74
1878 75
2039 81
2226 89
2288 91
2306 92
2392 95
2418 96
2611 104
2628 105
2658 106
2717 108
2779 111
2853 114
2952 118
2977 119
3130 125
3302 132
3343 133
3378 135
3427 137
3566 142
3608 144
3693 147
3711 148
3792 151
3808 152
3866 154
3912 156
3943 157
3958 158
4051 162
4142 165
4158 166
4177 167
4203 168
4250 170
4284 171
4309 172
4358 174
4455 178
4607 184
4665 186
4802 192
4895 195
4900 196
5085 203
5154 206
5182 207
5431 217
5615 224
5670 226
5736 229
5769 230
6057 242
6116 244
6128 245
6264 250
6283 251
6303 252
6340 253
6368 254
6431 257
6462 258
6481 259
6517 260
6580 263
6630 265
6652 266
6753 270
6808 272
6836 273
6853 274
6958 278
7044 281
7165 286
7244 289
7260 290
7287 291
7352 294
7416 296
7489 299
7588 303
7630 305
7727 309
7803 312
7859 314
7893 315
7991 319
8029 321
8083 323
8108 324
8194 327
8211 328
8292 331
8301 332
8453 338
8537 341
8552 342
8603 344
8625 345
8687 347
8754 350
8779 351
8813 352
8856 354
8954 358
9090 363
9103 364
9143 365
9302 372
9327 373
9401 376
9433 377
9582 383
9639 385
9708 388
9736 389
9795 391
9800 392
9828 393
9866 394
9927 397
9959 398
10090 403
10103 404
10189 407
10327 413
10369 414
10428 417
10482 419
10639 425
10678 427
10703 428
10760 430
10777 431
10827 433
10859 434
10940 437
10979 439
11039 441
11212 448
11252 450
11294 451
11327 453
11392 455
11404 456
11464 458
11515 460
11545 461
11579 463
11803 472
11843 473
11927 477
11951 478
12103 484
12127 485
12212 488
12241 489
12260 490
12331 493
12353 494
12516 500
12643 505
12659 506
12688 507
12738 509
12855 514
12894 515
12953 518
12978 519
13020 520
13033 521
13226 529
13293 531
13318 532
13365 534
13411 536
13467 538
13482 539
13592 543
13617 544
13706 548
13742 549
13830 553
13893 555
13991 559
14035 561
14059 562
14101 564
14210 568
14350 574
14392 575
14400 576
14443 577
14455 578
14616 584
14755 590
14778 591
14807 592
14860 594
14915 596
14927 597
14978 599
15015 600
15141 605
15175 607
15252 610
15277 611
15417 616
15510 620
15588 623
15603 624
15653 626
15752 630
15786 631
15943 637
16127 645
16293 651
16427 657
16510 660
16533 661
16564 662
16744 669
16803 672
16838 673
16884 675
16902 676
17006 680
17026 681
17093 683
17105 684
17258 690
17277 691
17553 702
17630 705
17652 706
17826 713
17984 719
18002 720
18080 723
18104 724
18209 728
18265 730
18278 731
18302 732
18358 734
18389 735
18493 739
18529 741
18552 742
18576 743
18628 745
18701 748
18776 751
18833 753
18853 754
18890 755
18905 756
18937 757
18983 759
19037 761
19122 764
19328 773
19355 774
19387 775
19454 778
19478 779
19503 780
19756 790
19838 793
19927 797
20094 803
20105 804
20128 805
20168 806
20177 807
20227 809
20392 815
20402 816
20470 818
20502 820
20541 821
20552 822
20630 825
20675 827
20759 830
20869 834
20877 835
20968 838
20994 839
21007 840
21057 842
21109 844
21126 845
21259 850
21467 858
21564 862
21586 863
21601 864
21778 871
21805 872
22002 880
22111 884
22166 886
22277 891
2884 115
# 4 4 target:0 c+:37 c-:135 score:11.780793569269843 score+:188.56635297531292 score-:271.0319079602018 nb:10 =l_0c_3 l_0c_4 l_0c_0 l_0c_15 l_0c_19 l_0c_12 l_0c_10 l_0c_6 l_0c_16 l_0c_1 
1792 71
1828 73
10530 421
67 2
259 10
867 34
1132 45
1734 69
1751 70
4215 168
4267 170
5064 202
5585 223
5632 225
6176 247
6932 277
7485 299
7654 306
8144 325
8185 327
8420 336
8958 358
9492 379
10053 402
10136 405
10956 438
11205 448
11885 475
12031 481
12231 489
12336 493
12511 500
13634 545
16318 652
16962 678
17137 685
17662 706
22034 881
22157 886
371 14
382 15
471 18
612 24
699 27
960 38
980 39
1201 48
1326 53
1410 56
1608 64
1682 67
1787 71
1903 76
1992 79
2084 83
2194 87
2458 98
2576 103
2693 107
2772 110
2970 118
3084 123
3183 127
3201 128
3398 135
3423 136
3772 150
3814 152
3982 159
4152 166
4185 167
4478 179
4593 183
4706 188
4741 189
4763 190
4810 192
4857 194
4978 199
5005 200
5058 202
5135 205
5258 210
5308 212
5463 218
5482 219
5693 227
5876 235
6239 249
6334 253
6616 264
6720 268
6760 270
6828 273
6917 276
7009 280
7140 285
7252 290
7303 292
7408 296
7441 297
7478 299
7634 305
7795 311
7873 314
7940 317
8358 334
8607 344
8664 346
8756 350
8939 357
9358 374
9573 382
9986 399
10084 403
10179 407
10210 408
10490 419
10528 421
10576 423
10620 424
10692 427
11107 444
11411 456
11587 463
11920 476
11990 479
12070 482
12378 495
12408 496
12428 497
12596 503
13007 520
13158 526
13178 527
13236 529
13311 532
13438 537
13488 539
13690 547
13732 549
13778 551
14109 564
14148 565
14501 580
14715 588
14811 592
15088 603
15114 604
15344 613
15515 620
15807 632
15909 636
15936 637
16109 644
16158 646
16192 647
16634 665
16659 666
17726 709
17812 712
18021 720
18138 725
18313 732
18823 752
18929 757
19217 768
19402 776
19628 785
20396 815
20680 827
21497 859
22082 883
4844 193
2873 114
12706 508
# 5 5 target:0 c+:303 c-:456 score:6.991004769711026 score+:2736.437292833546 score-:2781.1797233596967 nb:9 =l_0c_3 l_0c_2 l_0c_0 l_0c_15 l_0c_19 l_0c_12 l_0c_18 l_0c_1 l_0c_11 
1792 71
1828 73
10530 421
24 0
49 1
73 2
97 3
124 4
149 5
172 6
193 7
222 8
246 9
298 11
321 12
337 13
372 14
397 15
424 16
449 17
473 18
499 19
524 20
546 21
594 23
618 24
668 26
724 28
749 29
799 31
824 32
849 33
874 34
899 35
924 36
944 37
974 38
997 39
1024 40
1049 41
1074 42
1093 43
1124 44
1149 45
1170 46
1194 47
1221 48
1246 49
1267 50
1298 51
1324 52
1345 53
1372 54
1391 55
1421 56
1449 57
1474 58
1498 59
1521 60
1538 61
1568 62
1599 63
1649 65
1674 66
1720 68
1749 69
1772 70
1824 72
1874 74
1924 76
1947 77
1972 78
1998 79
2014 80
2045 81
2071 82
2096 83
2123 84
2148 85
2174 86
2198 87
2223 88
2248 89
2273 90
2296 91
2317 92
2348 93
2374 94
2398 95
2424 96
2448 97
2471 98
2499 99
2524 100
2538 101
2593 103
2620 104
2649 105
2696 107
2724 108
2749 109
2774 110
2793 111
2822 112
2874 114
2899 115
2921 116
2944 117
2974 118
2994 119
3024 120
3049 121
3074 122
3097 123
3124 124
3169 126
3199 127
3224 128
3249 129
3271 130
3297 131
3319 132
3349 133
3374 134
3437 137
3473 138
3499 139
3521 140
3549 141
3574 142
3587 143
3620 144
3645 145
3674 146
3699 147
3718 148
3746 149
3774 150
3798 151
3820 152
3845 153
3873 154
3895 155
3924 156
3948 157
3970 158
3999 159
4021 160
4037 161
4098 163
4124 164
4148 165
4170 166
4199 167
4220 168
4247 169
4271 170
4298 171
4322 172
4349 173
4394 175
4417 176
4448 177
4473 178
4492 179
4544 181
4574 182
4599 183
4622 184
4673 186
4696 187
4723 188
4746 189
4774 190
4798 191
4821 192
4847 193
4872 194
4920 196
4948 197
4973 198
4993 199
5016 200
5045 201
5073 202
5099 203
5146 205
5174 206
5196 207
5224 208
5245 209
5297 211
5317 212
5349 213
5373 214
5473 218
5498 219
5522 220
5548 221
5568 222
5598 223
5622 224
5647 225
5697 227
5724 228
5746 229
5770 230
5793 231
5824 232
5844 233
5874 234
5896 235
5949 237
5971 238
5999 239
6024 240
6048 241
6074 242
6099 243
6124 244
6143 245
6174 246
6197 247
6223 248
6248 249
6274 250
6299 251
6349 253
6374 254
6397 255
6424 256
6447 257
6469 258
6499 259
6542 261
6568 262
6620 264
6647 265
6672 266
6699 267
6723 268
6743 269
6794 271
6844 273
6871 274
6899 275
6946 277
6971 278
6998 279
7022 280
7048 281
7074 282
7099 283
7123 284
7149 285
7174 286
7197 287
7220 288
7273 290
7299 291
7323 292
7346 293
7371 294
7390 295
7424 296
7445 297
7470 298
7494 299
7519 300
7544 301
7570 302
7599 303
7624 304
7648 305
7672 306
7684 307
7723 308
7749 309
7770 310
7816 312
7847 313
7898 315
7922 316
7944 317
7971 318
7997 319
8022 320
8049 321
8066 322
8098 323
8124 324
8167 326
8199 327
8221 328
8236 329
8268 330
8298 331
8349 333
8371 334
8397 335
8438 337
8474 338
8495 339
8546 341
8566 342
8594 343
8624 344
8649 345
8674 346
8694 347
8717 348
8746 349
8770 350
8799 351
8821 352
8849 353
8871 354
8897 355
8923 356
8949 357
8999 359
9024 360
9044 361
9070 362
9097 363
9124 364
9149 365
9174 366
9195 367
9271 370
9293 371
9320 372
9349 373
9370 374
9424 376
9449 377
9474 378
9499 379
9549 381
9593 383
9623 384
9649 385
9695 387
9722 388
9846 393
9872 394
9894 395
9922 396
9949 397
9974 398
9996 399
10019 400
10043 401
10069 402
10099 403
10124 404
10141 405
10174 406
10194 407
10217 408
10271 410
10295 411
10322 412
10349 413
10396 415
10421 416
10473 418
10498 419
10574 422
10597 423
10649 425
10696 427
10716 428
10747 429
10768 430
10799 431
10817 432
10849 433
10873 434
10899 435
10913 436
10947 437
10971 438
10999 439
11019 440
11044 441
11071 442
11099 443
11124 444
11148 445
11169 446
11191 447
11220 448
11273 450
11349 453
11371 454
11398 455
11420 456
11471 458
11499 459
11524 460
11549 461
11557 462
11597 463
11649 465
11666 466
11695 467
11720 468
11742 469
11774 470
11798 471
11822 472
11871 474
11897 475
11924 476
11947 477
11970 478
11999 479
12024 480
12048 481
12074 482
12098 483
12124 484
12147 485
12174 486
12191 487
12222 488
12247 489
12267 490
12298 491
12324 492
12372 494
12398 495
12423 496
12472 498
12497 499
12521 500
12547 501
12574 502
12597 503
12621 504
12649 505
12674 506
12699 507
12720 508
12749 509
12768 510
12799 511
12822 512
12845 513
12871 514
12917 516
12946 517
12972 518
12998 519
13043 521
13071 522
13115 524
13169 526
13223 528
13249 529
13272 530
13299 531
13324 532
13336 533
13395 535
13421 536
13474 538
13497 539
13543 541
13574 542
13599 543
13621 544
13647 545
13724 548
13748 549
13768 550
13797 551
13818 552
13847 553
13873 554
13899 555
13922 556
13949 557
13973 558
13997 559
14015 560
14047 561
14099 563
14123 564
14174 566
14222 568
14249 569
14274 570
14298 571
14320 572
14374 574
14423 576
14449 577
14498 579
14546 581
14573 582
14592 583
14620 584
14649 585
14672 586
14699 587
14719 588
14748 589
14774 590
14799 591
14824 592
14848 593
14870 594
14891 595
14923 596
14969 598
14997 599
15023 600
15048 601
15074 602
15098 603
15117 604
15168 606
15195 607
15221 608
15247 609
15272 610
15296 611
15324 612
15374 614
15397 615
15424 616
15449 617
15474 618
15498 619
15524 620
15598 623
15622 624
15640 625
15674 626
15698 627
15747 629
15773 630
15798 631
15818 632
15873 634
15897 635
15921 636
15973 638
16022 640
16049 641
16074 642
16117 644
16148 645
16174 646
16199 647
16224 648
16243 649
16265 650
16299 651
16348 653
16368 654
16397 655
16424 656
16449 657
16471 658
16499 659
16519 660
16547 661
16573 662
16599 663
16624 664
16649 665
16673 666
16699 667
16721 668
16749 669
16770 670
16799 671
16822 672
16847 673
16865 674
16899 675
16924 676
16948 677
16974 678
16999 679
17024 680
17049 681
17066 682
17099 683
17121 684
17149 685
17174 686
17199 687
17224 688
17249 689
17271 690
17324 692
17373 694
17423 696
17449 697
17471 698
17494 699
17524 700
17549 701
17595 703
17624 704
17674 706
17697 707
17724 708
17749 709
17773 710
17824 712
17849 713
17874 714
17899 715
17949 717
17970 718
17998 719
18024 720
18049 721
18120 724
18174 726
18224 728
18249 729
18274 730
18298 731
18324 732
18373 734
18399 735
18424 736
18449 737
18474 738
18524 740
18549 741
18574 742
18599 743
18645 745
18674 746
18699 747
18749 749
18793 751
18824 752
18849 753
18924 756
18974 758
19023 760
19048 761
19074 762
19145 765
19169 766
19199 767
19221 768
19274 770
19297 771
19323 772
19346 773
19396 775
19424 776
19449 777
19471 778
19498 779
19549 781
19574 782
19621 784
19646 785
19673 786
19699 787
19724 788
19748 789
19794 791
19821 792
19848 793
19897 795
19947 797
19971 798
19999 799
20021 800
20046 801
20074 802
20149 805
20197 807
20224 808
20274 810
20297 811
20348 813
20422 816
20447 817
20495 819
20520 820
20546 821
20572 822
20597 823
20624 824
20649 825
20671 826
20699 827
20746 829
20774 830
20824 832
20849 833
20874 834
20899 835
20924 836
20949 837
20974 838
21073 842
21099 843
21118 844
21149 845
21224 848
21246 849
21274 850
21324 852
21349 853
21373 854
21399 855
21424 856
21448 857
21474 858
21498 859
21523 860
21549 861
21574 862
21599 863
21622 864
21647 865
21671 866
21697 867
21722 868
21749 869
21822 872
21849 873
21872 874
21896 875
21924 876
21947 877
21973 878
21998 879
22022 880
22049 881
22071 882
22097 883
22149 885
22173 886
22199 887
22220 888
22248 889
22297 891
22324 892
22346 893
22371 894
22398 895
22424 896
22449 897
22473 898
22491 899
10529 421
# 6 0 target:1 c+:341 c-:218 score:301.54769072895346 score+:2329.9623838718553 score-:761.9143920812976 nb:7 =l_0c_3 l_0c_18 l_0c_13 l_0c_6 l_0c_14 l_0c_11 l_0c_16 
1792 71
1828 73
10530 421
38 1
141 5
157 6
217 8
231 9
515 20
530 21
558 22
733 29
857 34
953 38
976 39
1034 41
1055 42
1128 45
1184 47
1207 48
1236 49
1252 50
1283 51
1331 53
1438 57
1512 60
1605 64
1637 65
1653 66
1815 72
1854 74
1878 75
2039 81
2226 89
2288 91
2306 92
2392 95
2418 96
2611 104
2628 105
2658 106
2717 108
2779 111
2853 114
2952 118
2977 119
3130 125
3302 132
3343 133
3378 135
3427 137
3566 142
3608 144
3693 147
3711 148
3792 151
3808 152
3866 154
3912 156
3943 157
3958 158
4051 162
4142 165
4158 166
4177 167
4203 168
4250 170
4284 171
4309 172
4358 174
4455 178
4607 184
4665 186
4802 192
4895 195
4900 196
5085 203
5154 206
5182 207
5431 217
5615 224
5670 226
5736 229
5769 230
6057 242
6116 244
6128 245
6264 250
6283 251
6303 252
6340 253
6368 254
6431 257
6462 258
6481 259
6517 260
6580 263
6630 265
6652 266
6753 270
6808 272
6836 273
6853 274
6958 278
7044 281
7165 286
7244 289
7260 290
7287 291
7352 294
7416 296
7489 299
7588 303
7630 305
7727 309
7803 312
7859 314
7893 315
7991 319
8029 321
8083 323
8108 324
8194 327
8211 328
8292 331
8301 332
8453 338
8537 341
8552 342
8603 344
8625 345
8687 347
8754 350
8779 351
8813 352
8856 354
8954 358
9090 363
9103 364
9143 365
9302 372
9327 373
9401 376
9433 377
9582 383
9639 385
9708 388
9736 389
9795 391
9800 392
9828 393
9866 394
9927 397
9959 398
10090 403
10103 404
10189 407
10327 413
10369 414
10428 417
10482 419
10639 425
10678 427
10703 428
10760 430
10777 431
10827 433
10859 434
10940 437
10979 439
11039 441
11212 448
11252 450
11294 451
11327 453
11392 455
11404 456
11464 458
11515 460
11545 461
11579 463
11803 472
11843 473
11927 477
11951 478
12103 484
12127 485
12212 488
12241 489
12260 490
12331 493
12353 494
12516 500
12643 505
12659 506
12688 507
12738 509
12855 514
12894 515
12953 518
12978 519
13020 520
13033 521
13226 529
13293 531
13318 532
13365 534
13411 536
13467 538
13482 539
13592 543
13617 544
13706 548
13742 549
13830 553
13893 555
13991 559
14035 561
14059 562
14101 564
14210 568
14350 574
14392 575
14400 576
14443 577
14455 578
14616 584
14755 590
14778 591
14807 592
14860 594
14915 596
14927 597
14978 599
15015 600
15141 605
15175 607
15252 610
15277 611
15417 616
15510 620
15588 623
15603 624
15653 626
15752 630
15786 631
15943 637
16127 645
16293 651
16427 657
16510 660
16533 661
16564 662
16744 669
16803 672
16838 673
16884 675
16902 676
17006 680
17026 681
17093 683
17105 684
17258 690
17277 691
17553 702
17630 705
17652 706
17826 713
17984 719
18002 720
18080 723
18104 724
18209 728
18265 730
18278 731
18302 732
18358 734
18389 735
18493 739
18529 741
18552 742
18576 743
18628 745
18701 748
18776 751
18833 753
18853 754
18890 755
18905 756
18937 757
18983 759
19037 761
19122 764
19328 773
19355 774
19387 775
19454 778
19478 779
19503 780
19756 790
19838 793
19927 797
20094 803
20105 804
20128 805
20168 806
20177 807
20227 809
20392 815
20402 816
20470 818
20502 820
20541 821
20552 822
20630 825
20675 827
20759 830
20869 834
20877 835
20968 838
20994 839
21007 840
21057 842
21109 844
21126 845
21259 850
21467 858
21564 862
21586 863
21601 864
21778 871
21805 872
22002 880
22111 884
22166 886
22277 891
791 31
1467 58
2078 83
2438 97
3477 139
4084 163
5403 216
5532 221
5966 238
5990 239
7380 295
7526 301
8356 334
8712 348
9285 371
9567 382
11117 444
11184 447
11357 454
11627 465
14167 566
15044 601
15064 602
15084 603
15105 604
15203 608
15243 609
15371 614
15384 615
15441 617
15460 618
15493 619
15552 622
15627 625
15679 627
15722 628
15743 629
15812 632
15828 633
15859 634
15891 635
15915 636
15996 639
16003 640
16028 641
16070 642
16097 643
16153 646
16188 647
16221 648
16230 649
16258 650
16329 653
16467 658
16496 659
16580 663
16602 664
16628 665
16667 666
16697 667
16703 668
16764 670
16854 674
16939 677
16969 678
16992 679
17057 682
17144 685
17177 687
17215 688
17315 692
17331 693
17352 694
17379 695
17407 696
17428 697
17465 698
17478 699
17513 700
17593 703
17618 704
17718 708
17746 709
17752 710
17783 711
17819 712
17893 715
17908 716
17964 718
18146 725
18152 726
18196 727
18327 733
18420 736
18445 737
18515 740
18664 746
18691 747
18767 750
18971 758
19016 760
19070 762
19093 763
19127 765
19163 766
19178 767
19211 768
19231 769
19264 770
19293 771
19302 772
19417 776
19430 777
19536 781
19566 782
19589 783
19603 784
19634 785
19713 788
19729 789
19785 791
19814 792
19870 794
19892 795
19922 796
19954 798
20003 800
20031 801
20217 808
20271 810
20321 812
20327 813
20355 814
20578 823
20622 824
20654 826
20721 828
20822 832
20841 833
20922 836
20942 837
21028 841
21095 843
21163 846
21180 847
21221 848
21242 849
21296 851
21302 852
21364 854
21406 856
21479 859
21504 860
21529 861
21638 865
21654 866
21692 867
21704 868
21866 874
21876 875
21940 877
21954 878
21993 879
22042 881
22065 882
22091 883
22203 888
22243 889
22262 890
22308 892
22354 894
22417 896
22436 897
22458 898
22480 899
3069 122
3638 145
8896 355
11741 469
15162 606
15319 612
15349 613
15535 621
15958 638
16116 644
16323 652
16364 654
16396 655
16417 656
16791 671
17160 686
17246 689
17544 701
17694 707
17870 714
17948 717
18044 721
18059 722
18236 729
18472 738
18609 744
18748 749
18810 752
19668 786
19698 787
19994 799
20070 802
20283 811
20446 817
20492 819
20745 829
20794 831
21341 853
21397 855
21445 857
21739 869
21774 870
21848 873
21919 876
22145 885
22196 887
22345 893
22396 895
# 7 1 target:1 c+:19 c-:26 score:2.5476454480117496 score+:218.1142022213979 score-:200.28068408531567 nb:10 =l_0c_3 l_0c_4 l_0c_0 l_0c_15 l_0c_19 l_0c_2 l_0c_17 l_0c_18 l_0c_1 l_0c_16 
2884 115
63 2
238 9
391 15
1714 68
2044 81
2817 112
3259 130
4086 163
4845 193
5044 201
6812 272
7536 301
8062 322
8437 337
8463 338
9467 378
9496 379
9585 383
11070 442
11265 450
11588 463
11683 467
11894 475
12371 494
12860 514
13167 526
14013 560
14585 583
15072 602
15097 603
15281 611
15320 612
15573 622
15671 626
16343 653
16422 656
16570 662
17264 690
17468 698
17492 699
17968 718
18545 741
21447 857
21669 866
# 8 0 target:0 c+:167 c-:340 score:26.849329742495136 score+:523.8017599019429 score-:760.0758616359 nb:13 =l_1c_0 l_1c_1 l_1c_4 l_1c_5 l_1c_6 l_1c_7 l_1c_8 l_1c_10 l_1c_11 l_1c_12 l_1c_17 l_1c_19 l_1c_3 
385 15
1329 53
1991 79
2087 83
3387 135
3981 159
4477 179
4705 188
4981 199
5485 219
6333 253
6763 270
6831 273
7251 290
7302 292
7481 299
7633 305
8755 350
9985 399
10526 421
11993 479
12411 496
13157 526
13181 527
13310 532
14108 564
14801 592
15087 603
15806 632
16157 646
16637 665
16662 666
18932 757
22085 883
3204 128
4592 183
4854 194
5253 210
6079 243
14814 592
17811 712
7 0
281 11
485 19
2479 99
3536 141
3861 154
4185 167
4280 171
5004 200
5285 211
5860 234
6253 250
6607 264
7608 304
9336 373
9662 386
10008 400
10178 407
10362 414
10509 420
11110 444
11686 467
11811 472
11858 474
11933 477
12205 488
13236 529
13362 534
13509 540
13712 548
14234 569
15133 605
15187 607
15581 623
16008 640
16054 642
16108 644
16318 652
16757 670
16811 672
17031 681
17084 683
17114 684
17285 691
17337 693
17458 698
17712 708
17737 709
17834 713
17917 716
17938 717
17959 718
18032 721
18088 723
18109 724
18137 725
18333 733
18510 740
18705 748
18991 759
19158 766
19187 767
19237 769
19487 779
19512 780
19582 783
20056 802
20185 807
20211 808
20608 824
20704 828
20809 832
21084 843
21331 853
21512 860
21838 873
22010 880
22134 885
22211 888
22284 891
22385 895
22410 896
43 1
134 5
213 8
237 9
257 10
286 11
331 13
356 14
429 17
455 18
508 20
574 22
584 23
608 24
667 26
692 27
722 28
779 31
894 35
906 36
942 37
1123 44
1140 45
1157 46
1279 51
1310 52
1361 54
1384 55
1407 56
1454 58
1489 59
1519 60
1560 62
1662 66
1692 67
1732 69
1882 75
1905 76
1965 78
2006 80
2031 81
2109 84
2137 85
2214 88
2258 90
2313 92
2382 95
2414 96
2466 98
2460 98
2480 99
2534 101
2561 102
2592 103
2662 106
2683 107
2705 108
2728 109
2756 110
2931 117
2992 119
3010 120
3053 122
3162 126
3246 129
3284 131
3365 134
3412 136
3482 139
3505 140
3561 142
3612 144
3672 146
3681 147
3819 152
3835 153
3869 154
3890 155
3941 157
4072 162
4090 163
4187 167
4278 171
4429 177
4535 181
4568 182
4649 185
4680 187
4793 191
4841 193
4954 198
5012 200
5205 208
5283 211
5304 212
5357 214
5410 216
5467 218
5493 219
5582 223
5708 228
5841 233
5861 234
5923 236
5941 237
5983 239
6132 245
6194 247
6204 248
6245 249
6255 250
6292 251
6356 254
6418 256
6642 265
6660 266
6688 267
6866 274
6940 277
6996 279
7064 282
7083 283
7194 287
7219 288
7281 291
7389 295
7517 300
7621 304
7679 307
7737 309
7878 315
7915 316
7963 318
7981 319
8123 324
8162 326
8206 328
8232 329
8320 332
8334 333
8386 335
8481 339
8582 343
8716 348
8729 349
8788 351
8841 353
8877 355
8913 356
8930 357
8966 358
8980 359
9033 361
9083 363
9131 365
9194 367
9210 368
9231 369
9255 370
9317 372
9334 373
9378 375
9410 376
9430 377
9486 379
9506 380
9547 381
9632 385
9631 385
9667 386
9749 389
9761 390
9794 391
9916 396
9947 397
9971 398
10041 401
10107 404
10230 409
10248 409
10290 411
10363 414
10393 415
10407 416
10439 417
10454 418
10510 420
10572 422
10621 424
10653 426
10687 427
10715 428
10767 430
10791 431
10810 432
10886 435
10955 438
10996 439
11026 441
11060 442
11130 445
11203 448
11286 451
11314 452
11340 453
11418 456
11414 456
11441 457
11483 459
11530 461
11761 470
11910 476
11931 477
11954 478
11998 479
12033 481
12083 483
12161 486
12206 488
12277 491
12430 497
12490 499
12506 500
12529 501
12559 502
12732 509
12880 515
12982 519
13055 522
13112 524
13132 525
13233 529
13258 530
13283 531
13363 534
13382 535
13461 538
13515 540
13571 542
13580 543
13665 546
13688 547
13710 548
13789 551
13871 554
13921 556
13929 557
13956 558
14004 560
14030 561
14068 562
14155 566
14188 567
14230 569
14330 573
14386 575
14439 577
14497 579
14529 581
14554 582
14586 583
14647 585
14680 587
14718 588
14746 589
14789 591
14911 596
15035 601
15139 605
15156 606
15211 608
15235 609
15258 610
15304 612
15329 613
15408 616
15470 618
15530 621
15561 622
15673 626
15704 628
15731 629
15854 634
16055 642
16194 647
16242 649
16386 655
16408 656
16459 658
16689 667
16711 668
16784 671
16920 676
16932 677
17033 681
17063 682
17286 691
17441 697
17483 699
17535 701
17676 707
17713 708
17759 710
17832 713
17942 717
17960 718
18036 721
18089 723
18107 724
18169 726
18256 730
18293 731
18312 732
18428 737
18464 738
18508 740
18686 747
18703 748
18762 750
19215 768
19249 769
19395 775
19488 779
19513 780
19530 781
19583 783
19640 785
19688 787
19746 789
19963 798
19981 799
20010 800
20204 808
20730 829
20813 832
20933 837
20954 838
20976 839
21165 846
21256 850
21339 853
21377 855
21411 856
21433 857
21604 864
21684 867
21711 868
21765 870
21856 874
21887 875
21935 877
22135 885
22191 887
22333 893
22411 896
67 2
131 5
259 10
371 14
471 18
586 23
612 24
699 27
868 34
960 38
1203 48
1752 70
1787 71
1828 73
2458 98
2577 103
2693 107
2772 110
2970 118
3084 123
3183 127
3202 128
3398 135
3423 136
3484 139
3772 150
4217 168
4267 170
4595 183
4741 189
4765 190
4810 192
4860 194
5058 202
5135 205
5308 212
5463 218
5585 223
5632 225
5694 227
5878 235
6178 247
6616 264
6720 268
6934 277
7009 280
7109 284
7441 297
7485 299
7873 314
7941 317
8145 325
8185 327
8420 336
8607 344
9207 368
9257 370
9493 379
9573 382
9684 387
10054 402
10136 405
10210 408
10490 419
10530 421
10578 423
10620 424
10693 427
11062 442
11587 463
11885 475
11920 476
12072 482
12231 489
12336 493
12596 503
12970 518
13007 520
13634 545
13732 549
14148 565
14502 580
14715 588
15114 604
15344 613
15515 620
15908 636
16109 644
16192 647
16962 678
17138 685
17416 696
17537 701
17664 706
17728 709
17813 712
18021 720
18413 736
18430 737
18823 752
19217 768
20478 819
21497 859
21606 864
21713 868
21857 874
22034 881
22157 886
22462 898
382 15
1201 48
1410 56
1608 64
1682 67
2084 83
2194 87
3814 152
4152 166
4478 179
4706 188
4763 190
4857 194
5005 200
5258 210
5482 219
5693 227
5840 233
5876 235
6239 249
6334 253
6917 276
7140 285
7408 296
7478 299
7634 305
7795 311
8358 334
8939 357
9358 374
9683 387
9986 399
10084 403
10179 407
10528 421
11107 444
11214 448
11411 456
11990 479
12121 484
13438 537
14811 592
15909 636
15936 637
16158 646
16634 665
16659 666
17415 696
18138 725
18313 732
18929 757
20396 815
# 9 1 target:0 c+:64 c-:150 score:1.3855228737057708 score+:188.032561670536 score-:201.05647668337025 nb:14 =l_1c_0 l_1c_1 l_1c_4 l_1c_5 l_1c_6 l_1c_7 l_1c_8 l_1c_10 l_1c_11 l_1c_12 l_1c_17 l_1c_19 l_1c_2 l_1c_16 
385 15
1329 53
1991 79
2087 83
3387 135
3981 159
4477 179
4705 188
4981 199
5485 219
6333 253
6763 270
6831 273
7251 290
7302 292
7481 299
7633 305
8755 350
9985 399
10526 421
11993 479
12411 496
13157 526
13181 527
13310 532
14108 564
14801 592
15087 603
15806 632
16157 646
16637 665
16662 666
18932 757
22085 883
43 1
134 5
213 8
356 14
429 17
508 20
574 22
584 23
692 27
722 28
779 31
894 35
906 36
1140 45
1361 54
1489 59
1519 60
1662 66
1692 67
1732 69
1965 78
2006 80
2137 85
2214 88
2382 95
2466 98
2592 103
2662 106
2728 109
2756 110
3053 122
3162 126
3246 129
3284 131
3365 134
3412 136
3482 139
3612 144
3681 147
3835 153
3869 154
3941 157
4090 163
4187 167
4429 177
4649 185
4954 198
5410 216
5467 218
5493 219
5708 228
5841 233
5861 234
5923 236
5941 237
6194 247
6204 248
6245 249
6255 250
6418 256
6642 265
6660 266
6688 267
6940 277
6996 279
7064 282
7083 283
7194 287
7219 288
7679 307
7737 309
7878 315
7981 319
8334 333
8481 339
8582 343
8729 349
8877 355
8913 356
8966 358
8980 359
9033 361
9210 368
9255 370
9378 375
9410 376
9632 385
9667 386
9794 391
9971 398
10290 411
10393 415
10439 417
10454 418
10572 422
10621 424
10791 431
10886 435
10955 438
11060 442
11130 445
11286 451
11414 456
11483 459
11910 476
12033 481
12083 483
12277 491
12490 499
12506 500
12529 501
12559 502
13132 525
13233 529
13258 530
13382 535
13688 547
13789 551
13871 554
14030 561
14330 573
14529 581
14586 583
14647 585
14746 589
14789 591
14911 596
15035 601
15139 605
15258 610
15470 618
15561 622
15704 628
15731 629
15854 634
16242 649
16386 655
16408 656
16689 667
16711 668
16920 676
17033 681
17063 682
17441 697
17483 699
17535 701
17676 707
17759 710
17942 717
18036 721
18169 726
18256 730
18312 732
18428 737
19249 769
19513 780
19640 785
19746 789
19981 799
20204 808
20813 832
21339 853
21377 855
21433 857
21604 864
21711 868
21765 870
21887 875
131 5
1787 71
3484 139
4860 194
9207 368
9257 370
9684 387
11062 442
17416 696
17537 701
21606 864
21713 868
21857 874
587 23
833 33
2030 81
2872 114
3582 143
5840 233
6387 255
8483 339
9380 375
9683 387
9910 396
10528 421
16458 658
16931 677
17415 696
18431 737
21757 870
# 10 0 target:1 c+:59 c-:57 score:8.639049395362719 score+:229.85048566725072 score-:133.0931324391883 nb:17 =l_1c_0 l_1c_1 l_1c_4 l_1c_5 l_1c_6 l_1c_7 l_1c_8 l_1c_10 l_1c_11 l_1c_12 l_1c_17 l_1c_19 l_1c_3 l_1c_2 l_1c_14 l_1c_9 l_1c_18 
385 15
1329 53
1991 79
2087 83
3387 135
3981 159
4477 179
4705 188
4981 199
5485 219
6333 253
6763 270
6831 273
7251 290
7302 292
7481 299
7633 305
8755 350
9985 399
10526 421
11993 479
12411 496
13157 526
13181 527
13310 532
14108 564
14801 592
15087 603
15806 632
16157 646
16637 665
16662 666
18932 757
22085 883
7 0
281 11
485 19
2479 99
3536 141
3861 154
4185 167
4280 171
5004 200
5285 211
5860 234
6253 250
6607 264
7608 304
9336 373
9662 386
10008 400
10178 407
10362 414
10509 420
11110 444
11686 467
11811 472
11858 474
11933 477
12205 488
13236 529
13362 534
13509 540
13712 548
14234 569
15133 605
15187 607
15581 623
16008 640
16054 642
16108 644
16318 652
16757 670
16811 672
17031 681
17084 683
17114 684
17285 691
17337 693
17458 698
17712 708
17737 709
17834 713
17917 716
17938 717
17959 718
18032 721
18088 723
18109 724
18137 725
18333 733
18510 740
18705 748
18991 759
19158 766
19187 767
19237 769
19487 779
19512 780
19582 783
20056 802
20185 807
20211 808
20608 824
20704 828
20809 832
21084 843
21331 853
21512 860
21838 873
22010 880
22134 885
22211 888
22284 891
22385 895
22410 896
# 11 0 target:0 c+:78 c-:217 score:179.33275192057994 score+:322.6484644344518 score-:609.5808675073797 nb:1 =l_2c_3 
22 0
28 1
67 2
78 3
132 5
210 8
259 10
292 11
382 15
540 21
587 23
833 33
867 34
933 37
1043 41
1101 44
1134 45
1201 48
1326 53
1357 54
1565 62
1608 64
1682 67
1736 69
1751 70
1830 73
1870 74
1930 77
1992 79
2030 81
2061 82
2084 83
2194 87
2202 88
2408 96
2462 98
2513 100
2576 103
2814 112
2872 114
2886 115
2941 117
3123 124
3144 125
3201 128
3372 134
3388 135
3485 139
3556 142
3582 143
3602 144
3634 145
3657 146
3752 150
3814 152
3936 157
3982 159
4122 164
4130 165
4152 166
4215 168
4267 170
4478 179
4517 180
4528 181
4593 183
4706 188
4735 189
4763 190
4785 191
4831 193
4857 194
4928 197
4957 198
4978 199
5005 200
5027 201
5064 202
5094 203
5220 208
5230 209
5258 210
5382 215
5482 219
5562 222
5585 223
5606 224
5632 225
5693 227
5742 229
5840 233
5876 235
5933 237
6015 240
6030 241
6081 243
6176 247
6215 248
6239 249
6334 253
6387 255
6445 257
6560 262
6668 266
6760 270
6828 273
6917 276
6932 277
7014 280
7088 283
7109 284
7140 285
7212 288
7252 290
7303 292
7408 296
7478 299
7515 300
7634 305
7653 306
7703 308
7761 310
7795 311
7863 314
7940 317
7953 318
7984 319
8043 321
8055 322
8144 325
8185 327
8358 334
8382 335
8420 336
8436 337
8483 339
8739 349
8756 350
8855 354
8939 357
8960 358
9161 366
9208 368
9258 370
9358 374
9380 375
9443 377
9492 379
9682 387
9815 392
9893 395
9910 396
9986 399
10053 402
10084 403
10123 404
10136 405
10173 406
10179 407
10313 412
10410 416
10442 417
10529 421
10567 422
10576 423
10692 427
10714 428
10957 438
11063 442
11087 443
11107 444
11214 448
11323 452
11411 456
11610 464
11659 466
11885 475
11990 479
12030 481
12070 482
12080 483
12119 484
12231 489
12303 492
12336 493
12408 496
12510 500
12554 502
12714 508
12791 511
12907 516
12969 518
13059 522
13128 525
13158 526
13178 527
13288 531
13311 532
13379 535
13438 537
13495 539
13528 541
13634 545
13657 546
13853 554
13884 555
13927 557
13951 558
13996 559
14109 564
14501 580
14567 582
14605 584
14694 587
14707 588
14738 589
14772 590
14791 591
14811 592
14863 594
14956 598
15088 603
15152 606
15413 616
15467 618
15516 620
15636 625
15683 627
15707 628
15734 629
15807 632
15909 636
15936 637
16037 641
16102 644
16158 646
16318 652
16346 653
16444 657
16458 658
16530 661
16591 663
16634 665
16659 666
16931 677
16962 678
16982 679
17038 681
17137 685
17233 689
17414 696
17538 701
17613 704
17662 706
17681 707
17726 709
17812 712
17944 717
17989 719
18038 721
18138 725
18313 732
18412 736
18431 737
18606 744
18929 757
19045 761
19142 765
19151 766
19390 775
19708 788
19943 797
20236 809
20295 811
20396 815
20489 819
20735 829
20815 832
20916 836
20930 837
20985 839
21307 852
21356 854
21607 864
21645 865
21696 867
21714 868
21762 870
21871 874
21971 878
22034 881
22082 883
22126 885
22157 886
22461 898
# 12 1 target:0 c+:37 c-:86 score:66.36332943504857 score+:183.55893296455815 score-:289.7402600606359 nb:1 =l_2c_6 
493 19
567 22
606 24
719 28
1061 42
1169 46
1681 67
1747 69
1918 76
2147 85
2272 90
2343 93
2443 97
2748 109
2768 110
2916 116
2993 119
3196 127
3310 132
4123 164
4348 173
4414 176
4441 177
4736 189
4946 197
5244 209
5449 217
5566 222
5597 223
5646 225
5716 228
5782 231
6222 248
6468 258
6523 260
6538 261
6696 267
6793 271
6821 272
7334 293
7569 302
7598 303
7799 311
7834 313
7888 315
8473 338
8765 350
8797 351
9036 361
9068 362
9270 370
9367 374
9620 384
9994 399
10266 410
10321 412
10345 413
10596 423
10798 431
11014 440
11106 444
11143 445
11238 449
11410 456
11498 459
11523 460
11556 462
11756 470
11797 471
11849 473
12042 481
12058 482
12146 485
12246 489
12322 492
12348 493
12633 505
12957 518
13221 528
13335 533
13470 538
13496 539
13598 543
13645 545
13897 555
13947 557
14297 571
14619 584
14639 585
14847 593
14869 594
14921 596
15271 610
15431 617
15695 627
15771 630
16020 640
16232 649
16324 652
16546 661
16618 664
16766 670
16972 678
17060 682
17132 685
17317 692
17345 693
17722 708
17765 710
18148 725
18156 726
18206 728
18572 742
18667 746
19097 763
19547 781
19669 786
20195 807
20595 823
21182 847
21367 854
21668 866
21681 867
# 13 2 target:0 c+:340 c-:526 score:18.160630541993328 score+:574.0838352077454 score-:603.1408440749348 nb:1 =l_2c_1 
8 0
43 1
55 2
81 3
108 4
134 5
165 6
182 7
213 8
237 9
256 10
286 11
310 12
331 13
369 14
385 15
418 16
429 17
469 18
486 19
508 20
528 21
570 22
584 23
610 24
631 25
667 26
697 27
722 28
729 29
766 30
779 31
805 32
834 33
852 34
894 35
906 36
935 37
959 38
982 39
1001 40
1030 41
1063 42
1079 43
1123 44
1140 45
1157 46
1189 47
1204 48
1233 49
1279 51
1310 52
1329 53
1361 54
1383 55
1407 56
1440 57
1455 58
1489 59
1519 60
1560 62
1585 63
1603 64
1634 65
1662 66
1692 67
1709 68
1732 69
1760 70
1807 72
1864 74
1882 75
1905 76
1933 77
1965 78
1991 79
2006 80
2031 81
2051 82
2087 83
2109 84
2137 85
2161 86
2197 87
2214 88
2236 89
2258 90
2284 91
2313 92
2334 93
2382 95
2414 96
2435 97
2456 98
2480 99
2504 100
2534 101
2562 102
2592 103
2635 105
2662 106
2691 107
2705 108
2728 109
2771 110
2789 111
2808 112
2838 113
2861 114
2883 115
2908 116
2931 117
2968 118
2992 119
3004 120
3036 121
3053 122
3082 123
3104 124
3139 125
3162 126
3182 127
3204 128
3246 129
3284 131
3313 132
3336 133
3365 134
3397 135
3422 136
3436 137
3458 138
3482 139
3505 140
3537 141
3562 142
3576 143
3612 144
3632 145
3672 146
3681 147
3707 148
3734 149
3770 150
3785 151
3819 152
3835 153
3869 154
3891 155
3906 156
3941 157
3953 158
3981 159
4018 160
4029 161
4072 162
4090 163
4112 164
4127 165
4155 166
4187 167
4212 168
4237 169
4254 170
4278 171
4307 172
4328 173
4370 174
4376 175
4403 176
4429 177
4461 178
4477 179
4516 180
4535 181
4568 182
4592 183
4601 184
4649 185
4654 186
4680 187
4705 188
4740 189
4755 190
4793 191
4809 192
4841 193
4854 194
4892 195
4905 196
4940 197
4954 198
4981 199
5004 200
5029 201
5056 202
5080 203
5120 204
5133 205
5161 206
5205 208
5234 209
5253 210
5283 211
5307 212
5340 213
5357 214
5381 215
5410 216
5441 217
5462 218
5494 219
5505 220
5537 221
5561 222
5583 223
5608 224
5639 225
5664 226
5679 227
5708 228
5727 229
5760 230
5807 232
5841 233
5861 234
5879 235
5923 236
5941 237
5957 238
5983 239
6007 240
6039 241
6062 242
6079 243
6110 244
6132 245
6163 246
6194 247
6204 248
6245 249
6255 250
6292 251
6317 252
6333 253
6356 254
6391 255
6418 256
6441 257
6457 258
6486 259
6513 260
6528 261
6557 262
6590 263
6615 264
6642 265
6660 266
6688 267
6719 268
6737 269
6763 270
6785 271
6804 272
6831 273
6867 274
6885 275
6920 276
6940 277
6961 278
6996 279
7007 280
7038 281
7064 282
7083 283
7110 284
7133 285
7161 286
7195 287
7219 288
7229 289
7251 290
7281 291
7302 292
7337 293
7354 294
7389 295
7405 296
7439 297
7455 298
7481 299
7517 300
7563 302
7590 303
7621 304
7633 305
7656 306
7679 307
7705 308
7737 309
7754 310
7798 311
7809 312
7833 313
7872 314
7878 315
7915 316
7939 317
7963 318
7981 319
8008 320
8035 321
8087 323
8123 324
8135 325
8162 326
8180 327
8206 328
8227 329
8257 330
8286 331
8320 332
8334 333
8361 334
8386 335
8411 336
8430 337
8471 338
8481 339
8504 340
8527 341
8559 342
8582 343
8606 344
8657 346
8682 347
8716 348
8729 349
8755 350
8798 351
8807 352
8841 353
8852 354
8877 355
8913 356
8930 357
8966 358
8980 359
9015 360
9033 361
9066 362
9083 363
9105 364
9132 365
9164 366
9194 367
9210 368
9230 369
9255 370
9280 371
9317 372
9334 373
9365 374
9378 375
9410 376
9430 377
9465 378
9486 379
9505 380
9547 381
9571 382
9580 383
9618 384
9631 385
9667 386
9683 387
9714 388
9749 389
9761 390
9794 391
9812 392
9833 393
9859 394
9890 395
9916 396
9947 397
9971 398
9985 399
10009 400
10041 401
10061 402
10081 403
10107 404
10132 405
10158 406
10178 407
10209 408
10248 409
10258 410
10290 411
10309 412
10344 413
10363 414
10393 415
10407 416
10439 417
10454 418
10488 419
10510 420
10526 421
10572 422
10579 423
10618 424
10641 425
10653 426
10688 427
10715 428
10742 429
10767 430
10791 431
10810 432
10840 433
10872 434
10886 435
10929 437
10955 438
10996 439
11004 440
11026 441
11060 442
11089 443
11110 444
11130 445
11158 446
11181 447
11203 448
11239 449
11259 450
11286 451
11317 452
11340 453
11361 454
11380 455
11418 456
11429 457
11459 458
11483 459
11509 460
11530 461
11585 463
11607 464
11632 465
11687 467
11703 468
11726 469
11760 470
11781 471
11816 472
11829 473
11852 474
11880 475
11918 476
11931 477
11954 478
11998 479
12007 480
12033 481
12068 482
12083 483
12135 485
12160 486
12185 487
12206 488
12237 489
12277 491
12313 492
12364 494
12387 495
12411 496
12430 497
12457 498
12490 499
12506 500
12529 501
12559 502
12594 503
12612 504
12634 505
12663 506
12683 507
12710 508
12732 509
12757 510
12780 511
12804 512
12834 513
12865 514
12880 515
12904 516
12939 517
12982 519
13006 520
13035 521
13056 522
13091 523
13112 524
13132 525
13157 526
13181 527
13208 528
13233 529
13258 530
13283 531
13310 532
13334 533
13363 534
13382 535
13430 537
13460 538
13480 539
13515 540
13537 541
13571 542
13579 543
13608 544
13629 545
13665 546
13688 547
13719 548
13731 549
13789 551
13807 552
13833 553
13870 554
13882 555
13921 556
13929 557
13956 558
13978 559
14005 560
14030 561
14068 562
14090 563
14108 564
14147 565
14156 566
14188 567
14230 569
14257 570
14287 571
14317 572
14330 573
14358 574
14386 575
14403 576
14438 577
14469 578
14497 579
14504 580
14529 581
14554 582
14586 583
14609 584
14647 585
14668 586
14680 587
14714 588
14746 589
14763 590
14789 591
14814 592
14835 593
14864 594
14879 595
14911 596
14935 597
14952 598
14980 599
15011 600
15035 601
15057 602
15087 603
15113 604
15139 605
15156 606
15188 607
15211 608
15235 609
15258 610
15287 611
15304 612
15343 613
15366 614
15380 615
15408 616
15432 617
15470 618
15489 619
15513 620
15530 621
15561 622
15582 623
15611 624
15632 625
15673 626
15687 627
15704 628
15731 629
15763 630
15806 632
15843 633
15854 634
15894 635
15908 636
15934 637
15954 638
15990 639
16006 640
16039 641
16055 642
16083 643
16108 644
16140 645
16157 646
16190 647
16216 648
16242 649
16251 650
16287 651
16311 652
16332 653
16386 655
16408 656
16435 657
16459 658
16491 659
16535 661
16558 662
16589 663
16610 664
16637 665
16662 666
16689 667
16711 668
16737 669
16758 670
16784 671
16812 672
16863 674
16882 675
16920 676
16932 677
16954 678
16977 679
17001 680
17033 681
17063 682
17089 683
17112 684
17133 685
17168 686
17191 687
17211 688
17234 689
17286 691
17303 692
17348 693
17361 694
17383 695
17415 696
17441 697
17456 698
17483 699
17507 700
17535 701
17563 702
17579 703
17604 704
17641 705
17656 706
17676 707
17713 708
17729 709
17759 710
17796 711
17811 712
17832 713
17859 714
17880 715
17904 716
17942 717
17960 718
17981 719
18019 720
18036 721
18069 722
18089 723
18102 724
18137 725
18169 726
18180 727
18214 728
18237 729
18256 730
18292 731
18312 732
18334 733
18407 736
18428 737
18464 738
18486 739
18508 740
18561 742
18582 743
18622 744
18633 745
18659 746
18686 747
18703 748
18739 749
18762 750
18821 752
18837 753
18855 754
18887 755
18913 756
18932 757
18966 758
18997 759
19008 760
19035 761
19061 762
19085 763
19111 764
19134 765
19156 766
19188 767
19216 768
19249 769
19259 770
19283 771
19319 772
19362 774
19395 775
19412 776
19433 777
19458 778
19480 779
19513 780
19530 781
19561 782
19583 783
19606 784
19640 785
19664 786
19688 787
19704 788
19746 789
19754 790
19778 791
19808 792
19834 793
19856 794
19886 795
19903 796
19934 797
19963 798
19981 799
20010 800
20035 801
20054 802
20087 803
20112 804
20135 805
20154 806
20180 807
20204 808
20234 809
20253 810
20288 811
20309 812
20337 813
20361 814
20399 815
20416 816
20428 817
20458 818
20485 819
20511 820
20528 821
20563 822
20584 823
20609 824
20632 825
20660 826
20682 827
20702 828
20730 829
20784 831
20813 832
20838 833
20852 834
20886 835
20908 836
20933 837
20955 838
20976 839
21005 840
21043 841
21058 842
21082 843
21101 844
21129 845
21165 846
21184 847
21203 848
21233 849
21256 850
21285 851
21311 852
21339 853
21360 854
21377 855
21411 856
21433 857
21454 858
21495 859
21517 860
21560 862
21583 863
21604 864
21632 865
21657 866
21684 867
21711 868
21730 869
21765 870
21789 871
21811 872
21836 873
21857 874
21887 875
21913 876
21935 877
21961 878
21983 879
22008 880
22026 881
22061 882
22085 883
22105 884
22135 885
22153 886
22191 887
22209 888
22235 889
22255 890
22285 891
22311 892
22333 893
22359 894
22383 895
22411 896
22433 897
22465 898
22477 899
# 14 3 target:0 c+:0 c-:4 score:9.541895468896524 score+:0 score-:15.267032750234439 nb:1 =l_2c_5 
1410 56
1787 71
1836 73
10528 421
# 15 0 target:1 c+:334 c-:11 score:798.3925633357244 score+:1306.652316385462 score-:29.224215048302916 nb:1 =l_2c_4 
209 8
795 31
1468 58
1645 65
2083 83
2444 97
2673 106
2723 108
2783 111
3069 122
3496 139
3638 145
4085 163
4261 170
4362 174
4820 192
5424 216
5533 221
5618 224
5969 238
5993 239
6598 263
7381 295
7537 301
8370 334
8621 344
8715 348
8896 355
9123 364
9288 371
9574 382
10449 417
10635 425
10946 437
11121 444
11189 447
11348 453
11363 454
11388 455
11648 465
11741 469
12671 506
14120 564
14170 566
14474 578
15022 600
15046 601
15065 602
15086 603
15116 604
15149 605
15162 606
15178 607
15213 608
15244 609
15270 610
15282 611
15319 612
15349 613
15373 614
15392 615
15423 616
15447 617
15462 618
15497 619
15523 620
15535 621
15574 622
15592 623
15621 624
15639 625
15670 626
15681 627
15723 628
15746 629
15770 630
15797 631
15816 632
15849 633
15862 634
15895 635
15918 636
15949 637
15960 638
15999 639
16019 640
16048 641
16073 642
16099 643
16116 644
16146 645
16171 646
16189 647
16223 648
16231 649
16260 650
16297 651
16323 652
16331 653
16364 654
16396 655
16418 656
16448 657
16470 658
16498 659
16518 660
16545 661
16571 662
16584 663
16619 664
16633 665
16669 666
16684 667
16718 668
16743 669
16765 670
16791 671
16819 672
16846 673
16856 674
16898 675
16922 676
16941 677
16973 678
16993 679
17021 680
17045 681
17059 682
17097 683
17111 684
17147 685
17160 686
17194 687
17221 688
17246 689
17265 690
17297 691
17316 692
17334 693
17368 694
17381 695
17417 696
17448 697
17469 698
17491 699
17517 700
17544 701
17574 702
17594 703
17621 704
17639 705
17666 706
17696 707
17721 708
17748 709
17766 710
17784 711
17822 712
17844 713
17870 714
17895 715
17914 716
17948 717
17969 718
17992 719
18017 720
18042 721
18059 722
18098 723
18118 724
18147 725
18170 726
18199 727
18222 728
18236 729
18272 730
18295 731
18322 732
18349 733
18371 734
18386 735
18421 736
18447 737
18472 738
18499 739
18522 740
18544 741
18560 742
18597 743
18609 744
18632 745
18669 746
18695 747
18715 748
18748 749
18769 750
18792 751
18810 752
18848 753
18874 754
18881 755
18923 756
18949 757
18973 758
18981 759
19019 760
19047 761
19073 762
19098 763
19124 764
19131 765
19168 766
19182 767
19219 768
19233 769
19268 770
19296 771
19322 772
19345 773
19374 774
19392 775
19421 776
19432 777
19470 778
19497 779
19524 780
19537 781
19573 782
19592 783
19615 784
19644 785
19668 786
19698 787
19717 788
19731 789
19772 790
19789 791
19820 792
19847 793
19874 794
19896 795
19924 796
19945 797
19970 798
19994 799
20020 800
20032 801
20073 802
20099 803
20122 804
20148 805
20173 806
20196 807
20219 808
20249 809
20273 810
20285 811
20324 812
20331 813
20374 814
20395 815
20406 816
20446 817
20474 818
20492 819
20508 820
20543 821
20556 822
20596 823
20623 824
20646 825
20656 826
20695 827
20724 828
20745 829
20766 830
20794 831
20823 832
20847 833
20872 834
20897 835
20923 836
20947 837
20973 838
20999 839
21024 840
21049 841
21068 842
21098 843
21114 844
21136 845
21166 846
21181 847
21223 848
21243 849
21272 850
21299 851
21321 852
21342 853
21368 854
21397 855
21420 856
21445 857
21459 858
21481 859
21506 860
21531 861
21569 862
21597 863
21621 864
21639 865
21656 866
21695 867
21706 868
21739 869
21774 870
21799 871
21810 872
21848 873
21868 874
21891 875
21919 876
21943 877
21956 878
21997 879
22021 880
22043 881
22070 882
22093 883
22117 884
22145 885
22172 886
22196 887
22219 888
22246 889
22268 890
22296 891
22323 892
22345 893
22356 894
22396 895
22420 896
22442 897
22460 898
22488 899
# 16 1 target:1 c+:351 c-:481 score:27.880225597190133 score+:643.0001989522256 score-:598.3918379967213 nb:1 =l_2c_2 
7 0
44 1
68 2
86 3
110 4
144 5
161 6
191 7
221 8
235 9
261 10
281 11
306 12
333 13
371 14
383 15
413 16
433 17
471 18
485 19
518 20
531 21
559 22
612 24
661 26
699 27
708 28
736 29
756 30
796 31
815 32
868 34
930 37
960 38
979 39
1019 40
1046 41
1054 42
1083 43
1109 44
1133 45
1158 46
1185 47
1203 48
1242 49
1251 50
1280 51
1323 52
1327 53
1389 55
1413 56
1447 57
1515 60
1533 61
1559 62
1584 63
1609 64
1626 65
1658 66
1684 67
1713 68
1735 69
1752 70
1792 71
1814 72
1828 73
1853 74
1883 75
1902 76
1945 77
1959 78
1994 79
2002 80
2040 81
2058 82
2086 83
2108 84
2133 85
2173 86
2195 87
2208 88
2244 89
2268 90
2289 91
2310 92
2342 93
2353 94
2391 95
2410 96
2458 98
2479 99
2503 100
2558 102
2577 103
2618 104
2645 105
2652 106
2693 107
2716 108
2731 109
2772 110
2781 111
2816 112
2852 114
2905 116
2935 117
2970 118
2976 119
3021 120
3027 121
3084 123
3108 124
3129 125
3151 126
3183 127
3202 128
3253 130
3316 132
3335 133
3367 134
3398 135
3423 136
3428 137
3468 138
3536 141
3570 142
3585 143
3609 144
3652 146
3696 147
3713 148
3744 149
3772 150
3784 151
3816 152
3861 154
3890 155
3905 156
3927 157
3962 158
3983 159
4008 160
4032 161
4056 162
4093 163
4114 164
4144 165
4153 166
4184 167
4217 168
4244 169
4268 170
4280 171
4318 172
4340 173
4352 174
4387 175
4439 177
4457 178
4479 179
4506 180
4532 181
4559 182
4595 183
4614 184
4631 185
4657 186
4681 187
4716 188
4741 189
4765 190
4792 191
4810 192
4840 193
4859 194
4899 195
4907 196
4947 197
4966 198
4980 199
5007 200
5058 202
5097 203
5135 205
5153 206
5193 207
5207 208
5233 209
5260 210
5285 211
5308 212
5336 213
5351 214
5388 215
5418 216
5427 217
5463 218
5483 219
5507 220
5555 222
5587 223
5616 224
5633 225
5660 226
5694 227
5704 228
5740 229
5762 230
5783 231
5828 233
5860 234
5878 235
5914 236
5953 238
5982 239
6009 240
6034 241
6069 242
6096 243
6117 244
6133 245
6162 246
6178 247
6241 249
6253 250
6282 251
6323 252
6335 253
6371 254
6394 255
6413 256
6440 257
6461 258
6483 259
6512 260
6536 261
6567 262
6582 263
6616 264
6631 265
6651 266
6720 268
6762 270
6784 271
6813 272
6829 273
6866 274
6890 275
6919 276
6934 277
6959 278
6982 279
7009 280
7043 281
7070 282
7113 284
7142 285
7170 286
7201 288
7248 289
7253 290
7290 291
7305 292
7336 293
7351 294
7409 296
7441 297
7460 298
7486 299
7518 300
7532 301
7559 302
7597 303
7608 304
7635 305
7655 306
7681 307
7714 308
7726 309
7753 310
7797 311
7813 312
7873 314
7896 315
7917 316
7941 317
7959 318
7994 319
8019 320
8028 321
8052 322
8084 323
8111 324
8145 325
8152 326
8186 327
8210 328
8235 329
8291 331
8306 332
8336 333
8359 334
8378 335
8421 336
8459 338
8513 340
8541 341
8562 342
8607 344
8639 345
8665 346
8681 347
8731 349
8757 350
8783 351
8816 352
8846 353
8870 354
8880 355
8920 356
8940 357
8959 358
8989 359
9017 360
9061 362
9092 363
9104 364
9131 365
9153 366
9212 368
9231 369
9254 370
9291 371
9301 372
9336 373
9359 374
9423 376
9445 377
9493 379
9506 380
9542 381
9573 382
9581 383
9630 385
9662 386
9677 387
9707 388
9737 389
9763 390
9799 391
9811 392
9844 393
9865 394
9878 395
9931 397
9958 398
9981 399
10008 400
10054 402
10085 403
10108 404
10138 405
10155 406
10181 407
10210 408
10247 409
10294 411
10302 412
10326 413
10362 414
10395 415
10406 416
10468 418
10490 419
10509 420
10530 421
10571 422
10578 423
10620 424
10648 425
10668 426
10693 427
10702 428
10738 429
10763 430
10778 431
10809 432
10826 433
10860 434
10897 435
10908 436
10939 437
10958 438
10984 439
11015 440
11043 441
11076 443
11109 444
11136 445
11157 446
11215 448
11231 449
11251 450
11296 451
11311 452
11326 453
11367 454
11395 455
11413 456
11426 457
11469 458
11476 459
11522 460
11547 461
11553 462
11587 463
11613 464
11643 465
11686 467
11712 468
11761 470
11792 471
11811 472
11837 473
11858 474
11886 475
11920 476
11933 477
11955 478
11991 479
12035 481
12072 482
12085 483
12121 484
12126 485
12161 486
12182 487
12205 488
12232 489
12252 490
12323 492
12337 493
12352 494
12379 495
12409 496
12429 497
12466 498
12494 499
12515 500
12541 501
12558 502
12596 503
12615 504
12647 505
12660 506
12691 507
12709 508
12747 509
12789 511
12813 512
12833 513
12868 514
12883 515
12937 517
12970 518
12995 519
13007 520
13041 521
13055 522
13093 523
13135 525
13160 526
13180 527
13213 528
13236 529
13295 531
13312 532
13326 533
13362 534
13408 536
13439 537
13461 538
13489 539
13509 540
13540 541
13580 543
13610 544
13635 545
13659 546
13692 547
13720 548
13732 549
13779 551
13811 552
13829 553
13895 555
13931 557
13957 558
13986 559
14029 561
14058 562
14086 563
14111 564
14148 565
14155 566
14194 567
14212 568
14234 569
14259 570
14283 571
14310 572
14329 573
14385 575
14415 576
14439 577
14457 578
14482 579
14502 580
14571 582
14617 584
14646 585
14652 586
14715 588
14762 590
14777 591
14813 592
14845 593
14861 594
14914 596
14926 597
14961 598
14994 599
15002 600
15038 601
15056 602
15089 603
15114 604
15133 605
15158 606
15187 607
15209 608
15246 609
15260 610
15283 611
15308 612
15344 613
15351 614
15379 615
15407 616
15436 617
15465 618
15485 619
15515 620
15538 621
15560 622
15581 623
15602 624
15634 625
15652 626
15686 627
15710 628
15730 629
15758 630
15794 631
15808 632
15842 633
15864 634
15879 635
15911 636
15938 637
15964 638
15981 639
16008 640
16033 641
16054 642
16082 643
16109 644
16136 645
16159 646
16192 647
16209 648
16236 649
16262 650
16277 651
16320 652
16334 653
16359 654
16383 655
16409 656
16426 657
16461 658
16476 659
16511 660
16528 661
16563 662
16594 663
16612 664
16635 665
16660 666
16691 667
16707 668
16748 669
16757 670
16776 671
16811 672
16839 673
16858 674
16888 675
16901 676
16934 677
16963 678
16997 679
17022 680
17031 681
17062 682
17084 683
17114 684
17138 685
17164 686
17187 687
17213 688
17241 689
17252 690
17285 691
17319 692
17337 693
17358 694
17398 695
17401 696
17435 697
17458 698
17490 699
17509 700
17534 701
17552 702
17584 703
17610 704
17631 705
17664 706
17685 707
17712 708
17728 709
17762 710
17798 711
17813 712
17830 713
17872 714
17888 715
17917 716
17938 717
17959 718
17988 719
18021 720
18032 721
18051 722
18088 723
18109 724
18140 725
18159 726
18191 727
18210 728
18241 729
18252 730
18277 731
18314 732
18333 733
18361 734
18388 735
18413 736
18436 737
18456 738
18492 739
18523 740
18531 741
18565 742
18581 743
18624 744
18642 745
18658 746
18678 747
18705 748
18736 749
18770 750
18778 751
18823 752
18827 753
18854 754
18893 755
18907 756
18931 757
18951 758
18991 759
19010 760
19041 761
19052 762
19089 763
19123 764
19133 765
19158 766
19187 767
19217 768
19237 769
19253 770
19281 771
19311 772
19334 773
19361 774
19388 775
19403 776
19441 777
19453 778
19479 779
19504 780
19540 781
19557 782
19582 783
19608 784
19629 785
19671 786
19682 787
19703 788
19738 789
19765 790
19780 791
19811 792
19845 793
19851 794
19881 795
19910 796
19926 797
19959 798
19991 799
20013 800
20037 801
20056 802
20086 803
20123 804
20127 805
20160 806
20181 807
20211 808
20242 809
20263 810
20281 811
20315 812
20340 813
20352 814
20397 815
20410 816
20427 817
20451 818
20478 819
20501 820
20544 821
20560 822
20586 823
20608 824
20631 825
20668 826
20696 827
20704 828
20738 829
20760 830
20776 831
20809 832
20834 833
20870 834
20876 835
20903 836
20946 837
20969 838
20995 839
21002 840
21046 841
21052 842
21084 843
21110 844
21138 845
21168 846
21194 847
21215 848
21236 849
21269 850
21288 851
21310 852
21331 853
21354 854
21387 855
21418 856
21435 857
21469 858
21497 859
21512 860
21533 861
21552 862
21588 863
21613 864
21642 865
21661 866
21686 867
21710 868
21728 869
21760 870
21777 871
21815 872
21838 873
21859 874
21886 875
21907 876
21927 877
21960 878
21985 879
22010 880
22036 881
22055 882
22083 883
22118 884
22134 885
22158 886
22187 887
22211 888
22237 889
22254 890
22284 891
22302 892
22335 893
22370 894
22385 895
22410 896
22445 897
22462 898
22487 899
# 17 2 target:1 c+:19 c-:26 score:4.517562980144611 score+:102.2374697550942 score-:95.00936898686282 nb:1 =l_2c_7 
63 2
238 9
391 15
1714 68
2044 81
2817 112
2887 115
3259 130
4086 163
4845 193
5044 201
6812 272
7536 301
8062 322
8437 337
8463 338
9467 378
9496 379
9585 383
11070 442
11265 450
11588 463
11683 467
11894 475
12371 494
12860 514
13167 526
14013 560
14585 583
15072 602
15097 603
15281 611
15320 612
15573 622
15671 626
16343 653
16422 656
16570 662
17264 690
17468 698
17492 699
17968 718
18545 741
21447 857
21669 866
