# 0 target:1 c+:59 c-:57 score:8.639049395362719 score+:229.85048566725072 score-:133.0931324391883 nb:17 =l_1c_0 l_1c_1 l_1c_4 l_1c_5 l_1c_6 l_1c_7 l_1c_8 l_1c_10 l_1c_11 l_1c_12 l_1c_17 l_1c_19 l_1c_3 l_1c_2 l_1c_14 l_1c_9 l_1c_18 
385 15 0.0
1329 53 0.0
1991 79 0.0
2087 83 1.0
3387 135 0.0
3981 159 0.0
4477 179 0.0
4705 188 0.0
4981 199 0.0
5485 219 0.0
6333 253 0.0
6763 270 0.0
6831 273 0.0
7251 290 0.0
7302 292 0.0
7481 299 0.0
7633 305 0.0
8755 350 0.0
9985 399 0.0
10526 421 0.0
11993 479 0.0
12411 496 0.0
13157 526 0.0
13181 527 0.0
13310 532 0.0
14108 564 1.0
14801 592 0.0
15087 603 0.0
15806 632 1.0
16157 646 1.0
16637 665 1.0
16662 666 1.0
18932 757 1.0
22085 883 1.0
7 0 0.0
281 11 0.0
485 19 0.0
2479 99 0.0
3536 141 0.0
3861 154 0.0
4185 167 0.0
4280 171 0.0
5004 200 0.0
5285 211 0.0
5860 234 0.0
6253 250 0.0
6607 264 0.0
7608 304 0.0
9336 373 0.0
9662 386 0.0
10008 400 0.0
10178 407 0.0
10362 414 0.0
10509 420 0.0
11110 444 1.0
11686 467 0.0
11811 472 0.0
11858 474 0.0
11933 477 0.0
12205 488 0.0
13236 529 0.0
13362 534 0.0
13509 540 0.0
13712 548 0.0
14234 569 0.0
15133 605 1.0
15187 607 1.0
15581 623 1.0
16008 640 1.0
16054 642 1.0
16108 644 1.0
16318 652 1.0
16757 670 1.0
16811 672 1.0
17031 681 1.0
17084 683 1.0
17114 684 1.0
17285 691 1.0
17337 693 1.0
17458 698 1.0
17712 708 1.0
17737 709 0.0
17834 713 1.0
17917 716 1.0
17938 717 1.0
17959 718 1.0
18032 721 1.0
18088 723 1.0
18109 724 1.0
18137 725 1.0
18333 733 1.0
18510 740 1.0
18705 748 1.0
18991 759 1.0
19158 766 1.0
19187 767 1.0
19237 769 1.0
19487 779 1.0
19512 780 1.0
19582 783 1.0
20056 802 1.0
20185 807 1.0
20211 808 1.0
20608 824 1.0
20704 828 1.0
20809 832 1.0
21084 843 1.0
21331 853 1.0
21512 860 1.0
21838 873 1.0
22010 880 1.0
22134 885 1.0
22211 888 1.0
22284 891 1.0
22385 895 1.0
22410 896 1.0
 fin motif
