# 0 target:1 c+:341 c-:218 score:301.54769072895346 score+:2329.9623838718553 score-:761.9143920812976 nb:7 =l_0c_3 l_0c_18 l_0c_13 l_0c_6 l_0c_14 l_0c_11 l_0c_16 
1792 71 0.0
1828 73 0.0
10530 421 0.0
38 1 0.0
141 5 0.0
157 6 0.0
217 8 1.0
231 9 0.0
515 20 0.0
530 21 0.0
558 22 0.0
733 29 0.0
857 34 0.0
953 38 0.0
976 39 0.0
1034 41 0.0
1055 42 0.0
1128 45 0.0
1184 47 0.0
1207 48 0.0
1236 49 0.0
1252 50 0.0
1283 51 0.0
1331 53 0.0
1438 57 0.0
1512 60 0.0
1605 64 0.0
1637 65 1.0
1653 66 0.0
1815 72 0.0
1854 74 0.0
1878 75 0.0
2039 81 0.0
2226 89 0.0
2288 91 0.0
2306 92 0.0
2392 95 0.0
2418 96 0.0
2611 104 0.0
2628 105 0.0
2658 106 1.0
2717 108 1.0
2779 111 1.0
2853 114 0.0
2952 118 0.0
2977 119 0.0
3130 125 0.0
3302 132 0.0
3343 133 0.0
3378 135 0.0
3427 137 1.0
3566 142 0.0
3608 144 0.0
3693 147 0.0
3711 148 0.0
3792 151 0.0
3808 152 0.0
3866 154 0.0
3912 156 0.0
3943 157 0.0
3958 158 0.0
4051 162 0.0
4142 165 0.0
4158 166 0.0
4177 167 0.0
4203 168 0.0
4250 170 1.0
4284 171 0.0
4309 172 0.0
4358 174 1.0
4455 178 0.0
4607 184 0.0
4665 186 0.0
4802 192 1.0
4895 195 0.0
4900 196 1.0
5085 203 0.0
5154 206 0.0
5182 207 0.0
5431 217 0.0
5615 224 1.0
5670 226 0.0
5736 229 0.0
5769 230 0.0
6057 242 0.0
6116 244 0.0
6128 245 0.0
6264 250 0.0
6283 251 0.0
6303 252 0.0
6340 253 0.0
6368 254 0.0
6431 257 0.0
6462 258 0.0
6481 259 0.0
6517 260 0.0
6580 263 1.0
6630 265 0.0
6652 266 0.0
6753 270 0.0
6808 272 0.0
6836 273 0.0
6853 274 0.0
6958 278 0.0
7044 281 0.0
7165 286 0.0
7244 289 0.0
7260 290 0.0
7287 291 0.0
7352 294 0.0
7416 296 0.0
7489 299 0.0
7588 303 0.0
7630 305 0.0
7727 309 0.0
7803 312 0.0
7859 314 0.0
7893 315 0.0
7991 319 0.0
8029 321 0.0
8083 323 0.0
8108 324 0.0
8194 327 0.0
8211 328 0.0
8292 331 0.0
8301 332 0.0
8453 338 0.0
8537 341 0.0
8552 342 0.0
8603 344 1.0
8625 345 1.0
8687 347 0.0
8754 350 0.0
8779 351 0.0
8813 352 0.0
8856 354 0.0
8954 358 0.0
9090 363 0.0
9103 364 1.0
9143 365 0.0
9302 372 0.0
9327 373 0.0
9401 376 0.0
9433 377 0.0
9582 383 1.0
9639 385 0.0
9708 388 0.0
9736 389 0.0
9795 391 0.0
9800 392 0.0
9828 393 0.0
9866 394 0.0
9927 397 0.0
9959 398 0.0
10090 403 0.0
10103 404 0.0
10189 407 0.0
10327 413 0.0
10369 414 0.0
10428 417 0.0
10482 419 0.0
10639 425 1.0
10678 427 0.0
10703 428 0.0
10760 430 0.0
10777 431 0.0
10827 433 0.0
10859 434 0.0
10940 437 1.0
10979 439 0.0
11039 441 0.0
11212 448 0.0
11252 450 0.0
11294 451 0.0
11327 453 1.0
11392 455 1.0
11404 456 0.0
11464 458 0.0
11515 460 0.0
11545 461 0.0
11579 463 0.0
11803 472 0.0
11843 473 0.0
11927 477 0.0
11951 478 0.0
12103 484 0.0
12127 485 0.0
12212 488 0.0
12241 489 0.0
12260 490 1.0
12331 493 0.0
12353 494 0.0
12516 500 0.0
12643 505 0.0
12659 506 1.0
12688 507 0.0
12738 509 0.0
12855 514 0.0
12894 515 0.0
12953 518 0.0
12978 519 0.0
13020 520 0.0
13033 521 0.0
13226 529 0.0
13293 531 0.0
13318 532 0.0
13365 534 0.0
13411 536 1.0
13467 538 0.0
13482 539 0.0
13592 543 0.0
13617 544 0.0
13706 548 0.0
13742 549 0.0
13830 553 0.0
13893 555 0.0
13991 559 0.0
14035 561 0.0
14059 562 0.0
14101 564 1.0
14210 568 1.0
14350 574 0.0
14392 575 0.0
14400 576 0.0
14443 577 0.0
14455 578 1.0
14616 584 0.0
14755 590 0.0
14778 591 0.0
14807 592 0.0
14860 594 0.0
14915 596 0.0
14927 597 0.0
14978 599 0.0
15015 600 1.0
15141 605 1.0
15175 607 1.0
15252 610 1.0
15277 611 1.0
15417 616 1.0
15510 620 1.0
15588 623 1.0
15603 624 1.0
15653 626 1.0
15752 630 1.0
15786 631 1.0
15943 637 1.0
16127 645 1.0
16293 651 1.0
16427 657 1.0
16510 660 1.0
16533 661 1.0
16564 662 1.0
16744 669 1.0
16803 672 1.0
16838 673 1.0
16884 675 1.0
16902 676 1.0
17006 680 1.0
17026 681 1.0
17093 683 1.0
17105 684 1.0
17258 690 1.0
17277 691 1.0
17553 702 1.0
17630 705 1.0
17652 706 1.0
17826 713 1.0
17984 719 1.0
18002 720 1.0
18080 723 1.0
18104 724 1.0
18209 728 1.0
18265 730 1.0
18278 731 1.0
18302 732 1.0
18358 734 1.0
18389 735 1.0
18493 739 1.0
18529 741 1.0
18552 742 1.0
18576 743 1.0
18628 745 1.0
18701 748 1.0
18776 751 1.0
18833 753 1.0
18853 754 1.0
18890 755 1.0
18905 756 1.0
18937 757 1.0
18983 759 1.0
19037 761 1.0
19122 764 1.0
19328 773 1.0
19355 774 1.0
19387 775 1.0
19454 778 1.0
19478 779 1.0
19503 780 1.0
19756 790 1.0
19838 793 1.0
19927 797 1.0
20094 803 1.0
20105 804 1.0
20128 805 1.0
20168 806 1.0
20177 807 1.0
20227 809 1.0
20392 815 0.0
20402 816 1.0
20470 818 1.0
20502 820 1.0
20541 821 1.0
20552 822 1.0
20630 825 1.0
20675 827 1.0
20759 830 1.0
20869 834 1.0
20877 835 1.0
20968 838 1.0
20994 839 1.0
21007 840 1.0
21057 842 1.0
21109 844 1.0
21126 845 1.0
21259 850 1.0
21467 858 1.0
21564 862 1.0
21586 863 1.0
21601 864 1.0
21778 871 1.0
21805 872 1.0
22002 880 1.0
22111 884 1.0
22166 886 1.0
22277 891 1.0
791 31 1.0
1467 58 1.0
2078 83 1.0
2438 97 1.0
3477 139 1.0
4084 163 1.0
5403 216 1.0
5532 221 0.0
5966 238 1.0
5990 239 1.0
7380 295 1.0
7526 301 1.0
8356 334 1.0
8712 348 1.0
9285 371 1.0
9567 382 0.0
11117 444 1.0
11184 447 1.0
11357 454 1.0
11627 465 1.0
14167 566 1.0
15044 601 1.0
15064 602 1.0
15084 603 0.0
15105 604 1.0
15203 608 1.0
15243 609 1.0
15371 614 1.0
15384 615 1.0
15441 617 1.0
15460 618 0.0
15493 619 1.0
15552 622 1.0
15627 625 1.0
15679 627 1.0
15722 628 0.0
15743 629 1.0
15812 632 1.0
15828 633 1.0
15859 634 1.0
15891 635 1.0
15915 636 1.0
15996 639 1.0
16003 640 1.0
16028 641 1.0
16070 642 1.0
16097 643 1.0
16153 646 1.0
16188 647 1.0
16221 648 1.0
16230 649 1.0
16258 650 1.0
16329 653 1.0
16467 658 1.0
16496 659 1.0
16580 663 1.0
16602 664 1.0
16628 665 1.0
16667 666 1.0
16697 667 1.0
16703 668 1.0
16764 670 1.0
16854 674 1.0
16939 677 1.0
16969 678 1.0
16992 679 1.0
17057 682 1.0
17144 685 1.0
17177 687 1.0
17215 688 1.0
17315 692 1.0
17331 693 1.0
17352 694 1.0
17379 695 1.0
17407 696 1.0
17428 697 1.0
17465 698 1.0
17478 699 1.0
17513 700 1.0
17593 703 1.0
17618 704 1.0
17718 708 1.0
17746 709 0.0
17752 710 1.0
17783 711 1.0
17819 712 0.0
17893 715 1.0
17908 716 1.0
17964 718 1.0
18146 725 1.0
18152 726 1.0
18196 727 1.0
18327 733 1.0
18420 736 1.0
18445 737 1.0
18515 740 1.0
18664 746 1.0
18691 747 1.0
18767 750 1.0
18971 758 1.0
19016 760 1.0
19070 762 1.0
19093 763 1.0
19127 765 1.0
19163 766 1.0
19178 767 1.0
19211 768 1.0
19231 769 1.0
19264 770 1.0
19293 771 1.0
19302 772 1.0
19417 776 1.0
19430 777 1.0
19536 781 1.0
19566 782 1.0
19589 783 1.0
19603 784 1.0
19634 785 1.0
19713 788 1.0
19729 789 1.0
19785 791 1.0
19814 792 1.0
19870 794 1.0
19892 795 1.0
19922 796 1.0
19954 798 1.0
20003 800 1.0
20031 801 1.0
20217 808 1.0
20271 810 1.0
20321 812 1.0
20327 813 1.0
20355 814 1.0
20578 823 1.0
20622 824 1.0
20654 826 1.0
20721 828 1.0
20822 832 1.0
20841 833 1.0
20922 836 1.0
20942 837 1.0
21028 841 1.0
21095 843 1.0
21163 846 0.0
21180 847 1.0
21221 848 1.0
21242 849 1.0
21296 851 1.0
21302 852 1.0
21364 854 1.0
21406 856 1.0
21479 859 1.0
21504 860 1.0
21529 861 1.0
21638 865 1.0
21654 866 1.0
21692 867 1.0
21704 868 1.0
21866 874 1.0
21876 875 1.0
21940 877 1.0
21954 878 0.0
21993 879 1.0
22042 881 1.0
22065 882 1.0
22091 883 1.0
22203 888 1.0
22243 889 1.0
22262 890 1.0
22308 892 1.0
22354 894 1.0
22417 896 1.0
22436 897 1.0
22458 898 1.0
22480 899 1.0
3069 122 1.0
3638 145 1.0
8896 355 1.0
11741 469 1.0
15162 606 1.0
15319 612 1.0
15349 613 1.0
15535 621 1.0
15958 638 1.0
16116 644 1.0
16323 652 1.0
16364 654 1.0
16396 655 1.0
16417 656 1.0
16791 671 1.0
17160 686 1.0
17246 689 1.0
17544 701 1.0
17694 707 1.0
17870 714 1.0
17948 717 1.0
18044 721 1.0
18059 722 1.0
18236 729 1.0
18472 738 1.0
18609 744 1.0
18748 749 1.0
18810 752 1.0
19668 786 1.0
19698 787 1.0
19994 799 1.0
20070 802 1.0
20283 811 1.0
20446 817 1.0
20492 819 1.0
20745 829 1.0
20794 831 1.0
21341 853 1.0
21397 855 1.0
21445 857 1.0
21739 869 1.0
21774 870 1.0
21848 873 1.0
21919 876 1.0
22145 885 1.0
22196 887 1.0
22345 893 1.0
22396 895 1.0
 fin motif
# 1 target:1 c+:19 c-:26 score:2.5476454480117496 score+:218.1142022213979 score-:200.28068408531567 nb:10 =l_0c_3 l_0c_4 l_0c_0 l_0c_15 l_0c_19 l_0c_2 l_0c_17 l_0c_18 l_0c_1 l_0c_16 
2884 115 0.0
63 2 0.0
238 9 0.0
391 15 0.0
1714 68 0.0
2044 81 0.0
2817 112 0.0
3259 130 1.0
4086 163 1.0
4845 193 0.0
5044 201 0.0
6812 272 0.0
7536 301 1.0
8062 322 0.0
8437 337 0.0
8463 338 0.0
9467 378 0.0
9496 379 0.0
9585 383 1.0
11070 442 0.0
11265 450 0.0
11588 463 0.0
11683 467 0.0
11894 475 0.0
12371 494 0.0
12860 514 0.0
13167 526 0.0
14013 560 0.0
14585 583 0.0
15072 602 1.0
15097 603 0.0
15281 611 1.0
15320 612 1.0
15573 622 1.0
15671 626 1.0
16343 653 1.0
16422 656 1.0
16570 662 1.0
17264 690 1.0
17468 698 1.0
17492 699 1.0
17968 718 1.0
18545 741 1.0
21447 857 1.0
21669 866 1.0
 fin motif
