# 0 target:1 c+:334 c-:11 score:798.3925633357244 score+:1306.652316385462 score-:29.224215048302916 nb:1 =l_2c_4 
209 8 1.0
795 31 1.0
1468 58 1.0
1645 65 1.0
2083 83 1.0
2444 97 1.0
2673 106 1.0
2723 108 1.0
2783 111 1.0
3069 122 1.0
3496 139 1.0
3638 145 1.0
4085 163 1.0
4261 170 1.0
4362 174 1.0
4820 192 1.0
5424 216 1.0
5533 221 0.0
5618 224 1.0
5969 238 1.0
5993 239 1.0
6598 263 1.0
7381 295 1.0
7537 301 1.0
8370 334 1.0
8621 344 1.0
8715 348 1.0
8896 355 1.0
9123 364 1.0
9288 371 1.0
9574 382 0.0
10449 417 0.0
10635 425 1.0
10946 437 1.0
11121 444 1.0
11189 447 1.0
11348 453 1.0
11363 454 1.0
11388 455 1.0
11648 465 1.0
11741 469 1.0
12671 506 1.0
14120 564 1.0
14170 566 1.0
14474 578 1.0
15022 600 1.0
15046 601 1.0
15065 602 1.0
15086 603 0.0
15116 604 1.0
15149 605 1.0
15162 606 1.0
15178 607 1.0
15213 608 1.0
15244 609 1.0
15270 610 1.0
15282 611 1.0
15319 612 1.0
15349 613 1.0
15373 614 1.0
15392 615 1.0
15423 616 1.0
15447 617 1.0
15462 618 0.0
15497 619 1.0
15523 620 1.0
15535 621 1.0
15574 622 1.0
15592 623 1.0
15621 624 1.0
15639 625 1.0
15670 626 1.0
15681 627 1.0
15723 628 0.0
15746 629 1.0
15770 630 1.0
15797 631 1.0
15816 632 1.0
15849 633 1.0
15862 634 1.0
15895 635 1.0
15918 636 1.0
15949 637 1.0
15960 638 1.0
15999 639 1.0
16019 640 1.0
16048 641 1.0
16073 642 1.0
16099 643 1.0
16116 644 1.0
16146 645 1.0
16171 646 1.0
16189 647 1.0
16223 648 1.0
16231 649 1.0
16260 650 1.0
16297 651 1.0
16323 652 1.0
16331 653 1.0
16364 654 1.0
16396 655 1.0
16418 656 1.0
16448 657 1.0
16470 658 1.0
16498 659 1.0
16518 660 1.0
16545 661 1.0
16571 662 1.0
16584 663 1.0
16619 664 1.0
16633 665 1.0
16669 666 1.0
16684 667 1.0
16718 668 1.0
16743 669 1.0
16765 670 1.0
16791 671 1.0
16819 672 1.0
16846 673 1.0
16856 674 1.0
16898 675 1.0
16922 676 1.0
16941 677 1.0
16973 678 1.0
16993 679 1.0
17021 680 1.0
17045 681 1.0
17059 682 1.0
17097 683 1.0
17111 684 1.0
17147 685 1.0
17160 686 1.0
17194 687 1.0
17221 688 1.0
17246 689 1.0
17265 690 1.0
17297 691 1.0
17316 692 1.0
17334 693 1.0
17368 694 1.0
17381 695 1.0
17417 696 1.0
17448 697 1.0
17469 698 1.0
17491 699 1.0
17517 700 1.0
17544 701 1.0
17574 702 1.0
17594 703 1.0
17621 704 1.0
17639 705 1.0
17666 706 1.0
17696 707 1.0
17721 708 1.0
17748 709 0.0
17766 710 1.0
17784 711 1.0
17822 712 0.0
17844 713 1.0
17870 714 1.0
17895 715 1.0
17914 716 1.0
17948 717 1.0
17969 718 1.0
17992 719 1.0
18017 720 1.0
18042 721 1.0
18059 722 1.0
18098 723 1.0
18118 724 1.0
18147 725 1.0
18170 726 1.0
18199 727 1.0
18222 728 1.0
18236 729 1.0
18272 730 1.0
18295 731 1.0
18322 732 1.0
18349 733 1.0
18371 734 1.0
18386 735 1.0
18421 736 1.0
18447 737 1.0
18472 738 1.0
18499 739 1.0
18522 740 1.0
18544 741 1.0
18560 742 1.0
18597 743 1.0
18609 744 1.0
18632 745 1.0
18669 746 1.0
18695 747 1.0
18715 748 1.0
18748 749 1.0
18769 750 1.0
18792 751 1.0
18810 752 1.0
18848 753 1.0
18874 754 1.0
18881 755 1.0
18923 756 1.0
18949 757 1.0
18973 758 1.0
18981 759 1.0
19019 760 1.0
19047 761 1.0
19073 762 1.0
19098 763 1.0
19124 764 1.0
19131 765 1.0
19168 766 1.0
19182 767 1.0
19219 768 1.0
19233 769 1.0
19268 770 1.0
19296 771 1.0
19322 772 1.0
19345 773 1.0
19374 774 1.0
19392 775 1.0
19421 776 1.0
19432 777 1.0
19470 778 1.0
19497 779 1.0
19524 780 1.0
19537 781 1.0
19573 782 1.0
19592 783 1.0
19615 784 1.0
19644 785 1.0
19668 786 1.0
19698 787 1.0
19717 788 1.0
19731 789 1.0
19772 790 1.0
19789 791 1.0
19820 792 1.0
19847 793 1.0
19874 794 1.0
19896 795 1.0
19924 796 1.0
19945 797 1.0
19970 798 1.0
19994 799 1.0
20020 800 1.0
20032 801 1.0
20073 802 1.0
20099 803 1.0
20122 804 1.0
20148 805 1.0
20173 806 1.0
20196 807 1.0
20219 808 1.0
20249 809 1.0
20273 810 1.0
20285 811 1.0
20324 812 1.0
20331 813 1.0
20374 814 1.0
20395 815 0.0
20406 816 1.0
20446 817 1.0
20474 818 1.0
20492 819 1.0
20508 820 1.0
20543 821 1.0
20556 822 1.0
20596 823 1.0
20623 824 1.0
20646 825 1.0
20656 826 1.0
20695 827 1.0
20724 828 1.0
20745 829 1.0
20766 830 1.0
20794 831 1.0
20823 832 1.0
20847 833 1.0
20872 834 1.0
20897 835 1.0
20923 836 1.0
20947 837 1.0
20973 838 1.0
20999 839 1.0
21024 840 1.0
21049 841 1.0
21068 842 1.0
21098 843 1.0
21114 844 1.0
21136 845 1.0
21166 846 0.0
21181 847 1.0
21223 848 1.0
21243 849 1.0
21272 850 1.0
21299 851 1.0
21321 852 1.0
21342 853 1.0
21368 854 1.0
21397 855 1.0
21420 856 1.0
21445 857 1.0
21459 858 1.0
21481 859 1.0
21506 860 1.0
21531 861 1.0
21569 862 1.0
21597 863 1.0
21621 864 1.0
21639 865 1.0
21656 866 1.0
21695 867 1.0
21706 868 1.0
21739 869 1.0
21774 870 1.0
21799 871 1.0
21810 872 1.0
21848 873 1.0
21868 874 1.0
21891 875 1.0
21919 876 1.0
21943 877 1.0
21956 878 0.0
21997 879 1.0
22021 880 1.0
22043 881 1.0
22070 882 1.0
22093 883 1.0
22117 884 1.0
22145 885 1.0
22172 886 1.0
22196 887 1.0
22219 888 1.0
22246 889 1.0
22268 890 1.0
22296 891 1.0
22323 892 1.0
22345 893 1.0
22356 894 1.0
22396 895 1.0
22420 896 1.0
22442 897 1.0
22460 898 1.0
22488 899 1.0
 fin motif
# 1 target:1 c+:351 c-:481 score:27.880225597190133 score+:643.0001989522256 score-:598.3918379967213 nb:1 =l_2c_2 
7 0 0.0
44 1 0.0
68 2 0.0
86 3 0.0
110 4 0.0
144 5 0.0
161 6 0.0
191 7 0.0
221 8 1.0
235 9 0.0
261 10 0.0
281 11 0.0
306 12 0.0
333 13 1.0
371 14 0.0
383 15 0.0
413 16 0.0
433 17 0.0
471 18 0.0
485 19 0.0
518 20 0.0
531 21 0.0
559 22 0.0
612 24 0.0
661 26 0.0
699 27 0.0
708 28 0.0
736 29 0.0
756 30 0.0
796 31 1.0
815 32 0.0
868 34 0.0
930 37 0.0
960 38 0.0
979 39 0.0
1019 40 0.0
1046 41 0.0
1054 42 0.0
1083 43 0.0
1109 44 0.0
1133 45 0.0
1158 46 0.0
1185 47 0.0
1203 48 0.0
1242 49 0.0
1251 50 0.0
1280 51 0.0
1323 52 0.0
1327 53 0.0
1389 55 0.0
1413 56 0.0
1447 57 0.0
1515 60 0.0
1533 61 1.0
1559 62 0.0
1584 63 0.0
1609 64 0.0
1626 65 1.0
1658 66 0.0
1684 67 0.0
1713 68 0.0
1735 69 0.0
1752 70 0.0
1792 71 0.0
1814 72 0.0
1828 73 0.0
1853 74 0.0
1883 75 0.0
1902 76 0.0
1945 77 0.0
1959 78 0.0
1994 79 0.0
2002 80 1.0
2040 81 0.0
2058 82 0.0
2086 83 1.0
2108 84 0.0
2133 85 0.0
2173 86 0.0
2195 87 0.0
2208 88 0.0
2244 89 0.0
2268 90 0.0
2289 91 0.0
2310 92 0.0
2342 93 0.0
2353 94 1.0
2391 95 0.0
2410 96 0.0
2458 98 0.0
2479 99 0.0
2503 100 0.0
2558 102 0.0
2577 103 0.0
2618 104 0.0
2645 105 0.0
2652 106 1.0
2693 107 0.0
2716 108 1.0
2731 109 0.0
2772 110 0.0
2781 111 1.0
2816 112 0.0
2852 114 0.0
2905 116 0.0
2935 117 0.0
2970 118 0.0
2976 119 0.0
3021 120 0.0
3027 121 0.0
3084 123 0.0
3108 124 0.0
3129 125 0.0
3151 126 0.0
3183 127 0.0
3202 128 0.0
3253 130 1.0
3316 132 0.0
3335 133 0.0
3367 134 0.0
3398 135 0.0
3423 136 0.0
3428 137 1.0
3468 138 0.0
3536 141 0.0
3570 142 0.0
3585 143 1.0
3609 144 0.0
3652 146 0.0
3696 147 0.0
3713 148 0.0
3744 149 0.0
3772 150 0.0
3784 151 0.0
3816 152 0.0
3861 154 0.0
3890 155 0.0
3905 156 0.0
3927 157 0.0
3962 158 0.0
3983 159 0.0
4008 160 0.0
4032 161 1.0
4056 162 0.0
4093 163 1.0
4114 164 0.0
4144 165 0.0
4153 166 0.0
4184 167 0.0
4217 168 0.0
4244 169 0.0
4268 170 1.0
4280 171 0.0
4318 172 0.0
4340 173 0.0
4352 174 1.0
4387 175 0.0
4439 177 0.0
4457 178 0.0
4479 179 0.0
4506 180 0.0
4532 181 0.0
4559 182 0.0
4595 183 0.0
4614 184 0.0
4631 185 0.0
4657 186 0.0
4681 187 0.0
4716 188 0.0
4741 189 0.0
4765 190 0.0
4792 191 0.0
4810 192 1.0
4840 193 0.0
4859 194 0.0
4899 195 0.0
4907 196 1.0
4947 197 0.0
4966 198 0.0
4980 199 0.0
5007 200 0.0
5058 202 0.0
5097 203 0.0
5135 205 0.0
5153 206 0.0
5193 207 0.0
5207 208 0.0
5233 209 0.0
5260 210 0.0
5285 211 0.0
5308 212 1.0
5336 213 0.0
5351 214 0.0
5388 215 0.0
5418 216 1.0
5427 217 0.0
5463 218 0.0
5483 219 0.0
5507 220 0.0
5555 222 0.0
5587 223 0.0
5616 224 1.0
5633 225 0.0
5660 226 0.0
5694 227 0.0
5704 228 0.0
5740 229 0.0
5762 230 0.0
5783 231 1.0
5828 233 0.0
5860 234 0.0
5878 235 0.0
5914 236 0.0
5953 238 1.0
5982 239 1.0
6009 240 0.0
6034 241 0.0
6069 242 0.0
6096 243 0.0
6117 244 0.0
6133 245 0.0
6162 246 0.0
6178 247 0.0
6241 249 0.0
6253 250 0.0
6282 251 0.0
6323 252 0.0
6335 253 0.0
6371 254 0.0
6394 255 0.0
6413 256 0.0
6440 257 0.0
6461 258 0.0
6483 259 0.0
6512 260 0.0
6536 261 0.0
6567 262 0.0
6582 263 1.0
6616 264 0.0
6631 265 0.0
6651 266 0.0
6720 268 0.0
6762 270 0.0
6784 271 0.0
6813 272 0.0
6829 273 0.0
6866 274 0.0
6890 275 0.0
6919 276 0.0
6934 277 0.0
6959 278 0.0
6982 279 0.0
7009 280 0.0
7043 281 0.0
7070 282 0.0
7113 284 0.0
7142 285 0.0
7170 286 0.0
7201 288 0.0
7248 289 0.0
7253 290 0.0
7290 291 0.0
7305 292 0.0
7336 293 0.0
7351 294 0.0
7409 296 0.0
7441 297 0.0
7460 298 0.0
7486 299 0.0
7518 300 0.0
7532 301 1.0
7559 302 0.0
7597 303 0.0
7608 304 0.0
7635 305 0.0
7655 306 0.0
7681 307 1.0
7714 308 0.0
7726 309 0.0
7753 310 0.0
7797 311 0.0
7813 312 0.0
7873 314 0.0
7896 315 0.0
7917 316 0.0
7941 317 0.0
7959 318 0.0
7994 319 0.0
8019 320 0.0
8028 321 0.0
8052 322 0.0
8084 323 0.0
8111 324 0.0
8145 325 0.0
8152 326 1.0
8186 327 0.0
8210 328 0.0
8235 329 1.0
8291 331 0.0
8306 332 0.0
8336 333 0.0
8359 334 1.0
8378 335 0.0
8421 336 0.0
8459 338 0.0
8513 340 0.0
8541 341 0.0
8562 342 0.0
8607 344 1.0
8639 345 1.0
8665 346 0.0
8681 347 0.0
8731 349 0.0
8757 350 0.0
8783 351 0.0
8816 352 0.0
8846 353 0.0
8870 354 0.0
8880 355 1.0
8920 356 0.0
8940 357 0.0
8959 358 0.0
8989 359 0.0
9017 360 0.0
9061 362 0.0
9092 363 0.0
9104 364 1.0
9131 365 0.0
9153 366 0.0
9212 368 0.0
9231 369 0.0
9254 370 0.0
9291 371 1.0
9301 372 0.0
9336 373 0.0
9359 374 0.0
9423 376 0.0
9445 377 0.0
9493 379 0.0
9506 380 0.0
9542 381 0.0
9573 382 0.0
9581 383 1.0
9630 385 0.0
9662 386 0.0
9677 387 0.0
9707 388 0.0
9737 389 0.0
9763 390 0.0
9799 391 0.0
9811 392 0.0
9844 393 0.0
9865 394 0.0
9878 395 0.0
9931 397 0.0
9958 398 0.0
9981 399 0.0
10008 400 0.0
10054 402 0.0
10085 403 0.0
10108 404 0.0
10138 405 0.0
10155 406 0.0
10181 407 0.0
10210 408 1.0
10247 409 0.0
10294 411 0.0
10302 412 0.0
10326 413 0.0
10362 414 0.0
10395 415 0.0
10406 416 0.0
10468 418 0.0
10490 419 0.0
10509 420 0.0
10530 421 0.0
10571 422 0.0
10578 423 0.0
10620 424 0.0
10648 425 1.0
10668 426 0.0
10693 427 0.0
10702 428 0.0
10738 429 0.0
10763 430 0.0
10778 431 0.0
10809 432 0.0
10826 433 0.0
10860 434 0.0
10897 435 0.0
10908 436 1.0
10939 437 1.0
10958 438 0.0
10984 439 0.0
11015 440 0.0
11043 441 0.0
11076 443 0.0
11109 444 1.0
11136 445 0.0
11157 446 0.0
11215 448 0.0
11231 449 0.0
11251 450 0.0
11296 451 0.0
11311 452 0.0
11326 453 1.0
11367 454 1.0
11395 455 1.0
11413 456 0.0
11426 457 0.0
11469 458 0.0
11476 459 0.0
11522 460 0.0
11547 461 0.0
11553 462 1.0
11587 463 0.0
11613 464 0.0
11643 465 1.0
11686 467 0.0
11712 468 0.0
11761 470 0.0
11792 471 0.0
11811 472 0.0
11837 473 0.0
11858 474 0.0
11886 475 0.0
11920 476 0.0
11933 477 0.0
11955 478 0.0
11991 479 0.0
12035 481 0.0
12072 482 0.0
12085 483 1.0
12121 484 0.0
12126 485 0.0
12161 486 0.0
12182 487 1.0
12205 488 0.0
12232 489 0.0
12252 490 1.0
12323 492 0.0
12337 493 0.0
12352 494 0.0
12379 495 0.0
12409 496 0.0
12429 497 0.0
12466 498 0.0
12494 499 0.0
12515 500 0.0
12541 501 0.0
12558 502 0.0
12596 503 0.0
12615 504 0.0
12647 505 0.0
12660 506 1.0
12691 507 0.0
12709 508 0.0
12747 509 0.0
12789 511 0.0
12813 512 0.0
12833 513 0.0
12868 514 0.0
12883 515 0.0
12937 517 0.0
12970 518 0.0
12995 519 0.0
13007 520 0.0
13041 521 0.0
13055 522 0.0
13093 523 0.0
13135 525 0.0
13160 526 0.0
13180 527 0.0
13213 528 0.0
13236 529 0.0
13295 531 0.0
13312 532 0.0
13326 533 1.0
13362 534 0.0
13408 536 1.0
13439 537 0.0
13461 538 0.0
13489 539 0.0
13509 540 0.0
13540 541 0.0
13580 543 0.0
13610 544 0.0
13635 545 0.0
13659 546 0.0
13692 547 0.0
13720 548 0.0
13732 549 0.0
13779 551 0.0
13811 552 1.0
13829 553 0.0
13895 555 0.0
13931 557 0.0
13957 558 0.0
13986 559 0.0
14029 561 0.0
14058 562 0.0
14086 563 0.0
14111 564 1.0
14148 565 0.0
14155 566 1.0
14194 567 0.0
14212 568 1.0
14234 569 0.0
14259 570 0.0
14283 571 0.0
14310 572 0.0
14329 573 0.0
14385 575 0.0
14415 576 0.0
14439 577 0.0
14457 578 1.0
14482 579 0.0
14502 580 0.0
14571 582 0.0
14617 584 0.0
14646 585 0.0
14652 586 0.0
14715 588 0.0
14762 590 0.0
14777 591 0.0
14813 592 0.0
14845 593 0.0
14861 594 0.0
14914 596 0.0
14926 597 0.0
14961 598 0.0
14994 599 0.0
15002 600 1.0
15038 601 1.0
15056 602 1.0
15089 603 0.0
15114 604 1.0
15133 605 1.0
15158 606 1.0
15187 607 1.0
15209 608 1.0
15246 609 1.0
15260 610 1.0
15283 611 1.0
15308 612 1.0
15344 613 1.0
15351 614 1.0
15379 615 1.0
15407 616 1.0
15436 617 1.0
15465 618 0.0
15485 619 1.0
15515 620 1.0
15538 621 1.0
15560 622 1.0
15581 623 1.0
15602 624 1.0
15634 625 1.0
15652 626 1.0
15686 627 1.0
15710 628 0.0
15730 629 1.0
15758 630 1.0
15794 631 1.0
15808 632 1.0
15842 633 1.0
15864 634 1.0
15879 635 1.0
15911 636 1.0
15938 637 1.0
15964 638 1.0
15981 639 1.0
16008 640 1.0
16033 641 1.0
16054 642 1.0
16082 643 1.0
16109 644 1.0
16136 645 1.0
16159 646 1.0
16192 647 1.0
16209 648 1.0
16236 649 1.0
16262 650 1.0
16277 651 1.0
16320 652 1.0
16334 653 1.0
16359 654 1.0
16383 655 1.0
16409 656 1.0
16426 657 1.0
16461 658 1.0
16476 659 1.0
16511 660 1.0
16528 661 1.0
16563 662 1.0
16594 663 1.0
16612 664 1.0
16635 665 1.0
16660 666 1.0
16691 667 1.0
16707 668 1.0
16748 669 1.0
16757 670 1.0
16776 671 1.0
16811 672 1.0
16839 673 1.0
16858 674 1.0
16888 675 1.0
16901 676 1.0
16934 677 1.0
16963 678 1.0
16997 679 1.0
17022 680 1.0
17031 681 1.0
17062 682 1.0
17084 683 1.0
17114 684 1.0
17138 685 1.0
17164 686 1.0
17187 687 1.0
17213 688 1.0
17241 689 1.0
17252 690 1.0
17285 691 1.0
17319 692 1.0
17337 693 1.0
17358 694 1.0
17398 695 1.0
17401 696 1.0
17435 697 1.0
17458 698 1.0
17490 699 1.0
17509 700 1.0
17534 701 1.0
17552 702 1.0
17584 703 1.0
17610 704 1.0
17631 705 1.0
17664 706 1.0
17685 707 1.0
17712 708 1.0
17728 709 0.0
17762 710 1.0
17798 711 1.0
17813 712 0.0
17830 713 1.0
17872 714 1.0
17888 715 1.0
17917 716 1.0
17938 717 1.0
17959 718 1.0
17988 719 1.0
18021 720 1.0
18032 721 1.0
18051 722 1.0
18088 723 1.0
18109 724 1.0
18140 725 1.0
18159 726 1.0
18191 727 1.0
18210 728 1.0
18241 729 1.0
18252 730 1.0
18277 731 1.0
18314 732 1.0
18333 733 1.0
18361 734 1.0
18388 735 1.0
18413 736 1.0
18436 737 1.0
18456 738 1.0
18492 739 1.0
18523 740 1.0
18531 741 1.0
18565 742 1.0
18581 743 1.0
18624 744 1.0
18642 745 1.0
18658 746 1.0
18678 747 1.0
18705 748 1.0
18736 749 1.0
18770 750 1.0
18778 751 1.0
18823 752 1.0
18827 753 1.0
18854 754 1.0
18893 755 1.0
18907 756 1.0
18931 757 1.0
18951 758 1.0
18991 759 1.0
19010 760 1.0
19041 761 1.0
19052 762 1.0
19089 763 1.0
19123 764 1.0
19133 765 1.0
19158 766 1.0
19187 767 1.0
19217 768 1.0
19237 769 1.0
19253 770 1.0
19281 771 1.0
19311 772 1.0
19334 773 1.0
19361 774 1.0
19388 775 1.0
19403 776 1.0
19441 777 1.0
19453 778 1.0
19479 779 1.0
19504 780 1.0
19540 781 1.0
19557 782 1.0
19582 783 1.0
19608 784 1.0
19629 785 1.0
19671 786 1.0
19682 787 1.0
19703 788 1.0
19738 789 1.0
19765 790 1.0
19780 791 1.0
19811 792 1.0
19845 793 1.0
19851 794 1.0
19881 795 1.0
19910 796 1.0
19926 797 1.0
19959 798 1.0
19991 799 1.0
20013 800 1.0
20037 801 1.0
20056 802 1.0
20086 803 1.0
20123 804 1.0
20127 805 1.0
20160 806 1.0
20181 807 1.0
20211 808 1.0
20242 809 1.0
20263 810 1.0
20281 811 1.0
20315 812 1.0
20340 813 1.0
20352 814 1.0
20397 815 0.0
20410 816 1.0
20427 817 1.0
20451 818 1.0
20478 819 1.0
20501 820 1.0
20544 821 1.0
20560 822 1.0
20586 823 1.0
20608 824 1.0
20631 825 1.0
20668 826 1.0
20696 827 1.0
20704 828 1.0
20738 829 1.0
20760 830 1.0
20776 831 1.0
20809 832 1.0
20834 833 1.0
20870 834 1.0
20876 835 1.0
20903 836 1.0
20946 837 1.0
20969 838 1.0
20995 839 1.0
21002 840 1.0
21046 841 1.0
21052 842 1.0
21084 843 1.0
21110 844 1.0
21138 845 1.0
21168 846 0.0
21194 847 1.0
21215 848 1.0
21236 849 1.0
21269 850 1.0
21288 851 1.0
21310 852 1.0
21331 853 1.0
21354 854 1.0
21387 855 1.0
21418 856 1.0
21435 857 1.0
21469 858 1.0
21497 859 1.0
21512 860 1.0
21533 861 1.0
21552 862 1.0
21588 863 1.0
21613 864 1.0
21642 865 1.0
21661 866 1.0
21686 867 1.0
21710 868 1.0
21728 869 1.0
21760 870 1.0
21777 871 1.0
21815 872 1.0
21838 873 1.0
21859 874 1.0
21886 875 1.0
21907 876 1.0
21927 877 1.0
21960 878 0.0
21985 879 1.0
22010 880 1.0
22036 881 1.0
22055 882 1.0
22083 883 1.0
22118 884 1.0
22134 885 1.0
22158 886 1.0
22187 887 1.0
22211 888 1.0
22237 889 1.0
22254 890 1.0
22284 891 1.0
22302 892 1.0
22335 893 1.0
22370 894 1.0
22385 895 1.0
22410 896 1.0
22445 897 1.0
22462 898 1.0
22487 899 1.0
 fin motif
# 2 target:1 c+:19 c-:26 score:4.517562980144611 score+:102.2374697550942 score-:95.00936898686282 nb:1 =l_2c_7 
63 2 0.0
238 9 0.0
391 15 0.0
1714 68 0.0
2044 81 0.0
2817 112 0.0
2887 115 0.0
3259 130 1.0
4086 163 1.0
4845 193 0.0
5044 201 0.0
6812 272 0.0
7536 301 1.0
8062 322 0.0
8437 337 0.0
8463 338 0.0
9467 378 0.0
9496 379 0.0
9585 383 1.0
11070 442 0.0
11265 450 0.0
11588 463 0.0
11683 467 0.0
11894 475 0.0
12371 494 0.0
12860 514 0.0
13167 526 0.0
14013 560 0.0
14585 583 0.0
15072 602 1.0
15097 603 0.0
15281 611 1.0
15320 612 1.0
15573 622 1.0
15671 626 1.0
16343 653 1.0
16422 656 1.0
16570 662 1.0
17264 690 1.0
17468 698 1.0
17492 699 1.0
17968 718 1.0
18545 741 1.0
21447 857 1.0
21669 866 1.0
 fin motif
