# 0 target:0 c+:78 c-:217 score:179.33275192057994 score+:322.6484644344518 score-:609.5808675073797 nb:1 =l_2c_3 
22 0 0.0
28 1 0.0
67 2 0.0
78 3 0.0
132 5 0.0
210 8 1.0
259 10 0.0
292 11 0.0
382 15 0.0
540 21 0.0
587 23 0.0
833 33 0.0
867 34 0.0
933 37 0.0
1043 41 0.0
1101 44 0.0
1134 45 0.0
1201 48 0.0
1326 53 0.0
1357 54 0.0
1565 62 0.0
1608 64 0.0
1682 67 0.0
1736 69 0.0
1751 70 0.0
1830 73 0.0
1870 74 0.0
1930 77 0.0
1992 79 0.0
2030 81 0.0
2061 82 0.0
2084 83 1.0
2194 87 0.0
2202 88 0.0
2408 96 0.0
2462 98 0.0
2513 100 0.0
2576 103 0.0
2814 112 0.0
2872 114 0.0
2886 115 0.0
2941 117 0.0
3123 124 0.0
3144 125 0.0
3201 128 0.0
3372 134 0.0
3388 135 0.0
3485 139 1.0
3556 142 0.0
3582 143 1.0
3602 144 0.0
3634 145 1.0
3657 146 0.0
3752 150 0.0
3814 152 0.0
3936 157 0.0
3982 159 0.0
4122 164 0.0
4130 165 0.0
4152 166 0.0
4215 168 0.0
4267 170 1.0
4478 179 0.0
4517 180 0.0
4528 181 0.0
4593 183 0.0
4706 188 0.0
4735 189 0.0
4763 190 0.0
4785 191 0.0
4831 193 0.0
4857 194 0.0
4928 197 0.0
4957 198 0.0
4978 199 0.0
5005 200 0.0
5027 201 0.0
5064 202 0.0
5094 203 0.0
5220 208 0.0
5230 209 0.0
5258 210 0.0
5382 215 0.0
5482 219 0.0
5562 222 0.0
5585 223 0.0
5606 224 1.0
5632 225 0.0
5693 227 0.0
5742 229 0.0
5840 233 0.0
5876 235 0.0
5933 237 0.0
6015 240 0.0
6030 241 0.0
6081 243 0.0
6176 247 0.0
6215 248 0.0
6239 249 0.0
6334 253 0.0
6387 255 0.0
6445 257 0.0
6560 262 0.0
6668 266 0.0
6760 270 0.0
6828 273 0.0
6917 276 0.0
6932 277 0.0
7014 280 0.0
7088 283 0.0
7109 284 0.0
7140 285 0.0
7212 288 0.0
7252 290 0.0
7303 292 0.0
7408 296 0.0
7478 299 0.0
7515 300 0.0
7634 305 0.0
7653 306 0.0
7703 308 0.0
7761 310 0.0
7795 311 0.0
7863 314 0.0
7940 317 0.0
7953 318 0.0
7984 319 0.0
8043 321 0.0
8055 322 0.0
8144 325 0.0
8185 327 0.0
8358 334 1.0
8382 335 0.0
8420 336 0.0
8436 337 0.0
8483 339 0.0
8739 349 0.0
8756 350 0.0
8855 354 0.0
8939 357 0.0
8960 358 0.0
9161 366 0.0
9208 368 0.0
9258 370 0.0
9358 374 0.0
9380 375 0.0
9443 377 0.0
9492 379 0.0
9682 387 0.0
9815 392 0.0
9893 395 0.0
9910 396 0.0
9986 399 0.0
10053 402 0.0
10084 403 0.0
10123 404 0.0
10136 405 0.0
10173 406 0.0
10179 407 0.0
10313 412 0.0
10410 416 0.0
10442 417 0.0
10529 421 0.0
10567 422 0.0
10576 423 0.0
10692 427 0.0
10714 428 0.0
10957 438 0.0
11063 442 0.0
11087 443 0.0
11107 444 1.0
11214 448 0.0
11323 452 0.0
11411 456 0.0
11610 464 0.0
11659 466 0.0
11885 475 0.0
11990 479 0.0
12030 481 0.0
12070 482 0.0
12080 483 1.0
12119 484 0.0
12231 489 0.0
12303 492 0.0
12336 493 0.0
12408 496 0.0
12510 500 0.0
12554 502 0.0
12714 508 0.0
12791 511 0.0
12907 516 0.0
12969 518 0.0
13059 522 0.0
13128 525 0.0
13158 526 0.0
13178 527 0.0
13288 531 0.0
13311 532 0.0
13379 535 0.0
13438 537 0.0
13495 539 0.0
13528 541 0.0
13634 545 0.0
13657 546 0.0
13853 554 0.0
13884 555 0.0
13927 557 0.0
13951 558 0.0
13996 559 0.0
14109 564 1.0
14501 580 0.0
14567 582 0.0
14605 584 0.0
14694 587 0.0
14707 588 0.0
14738 589 0.0
14772 590 0.0
14791 591 0.0
14811 592 0.0
14863 594 0.0
14956 598 0.0
15088 603 0.0
15152 606 1.0
15413 616 1.0
15467 618 0.0
15516 620 1.0
15636 625 1.0
15683 627 1.0
15707 628 0.0
15734 629 1.0
15807 632 1.0
15909 636 1.0
15936 637 1.0
16037 641 1.0
16102 644 1.0
16158 646 1.0
16318 652 1.0
16346 653 1.0
16444 657 1.0
16458 658 1.0
16530 661 1.0
16591 663 1.0
16634 665 1.0
16659 666 1.0
16931 677 1.0
16962 678 1.0
16982 679 1.0
17038 681 1.0
17137 685 1.0
17233 689 1.0
17414 696 1.0
17538 701 1.0
17613 704 1.0
17662 706 1.0
17681 707 1.0
17726 709 0.0
17812 712 0.0
17944 717 1.0
17989 719 1.0
18038 721 1.0
18138 725 1.0
18313 732 1.0
18412 736 1.0
18431 737 1.0
18606 744 1.0
18929 757 1.0
19045 761 1.0
19142 765 1.0
19151 766 1.0
19390 775 1.0
19708 788 1.0
19943 797 1.0
20236 809 1.0
20295 811 1.0
20396 815 0.0
20489 819 1.0
20735 829 1.0
20815 832 1.0
20916 836 1.0
20930 837 1.0
20985 839 1.0
21307 852 1.0
21356 854 1.0
21607 864 1.0
21645 865 1.0
21696 867 1.0
21714 868 1.0
21762 870 1.0
21871 874 1.0
21971 878 0.0
22034 881 1.0
22082 883 1.0
22126 885 1.0
22157 886 1.0
22461 898 1.0
 fin motif
# 1 target:0 c+:37 c-:86 score:66.36332943504857 score+:183.55893296455815 score-:289.7402600606359 nb:1 =l_2c_6 
493 19 0.0
567 22 0.0
606 24 0.0
719 28 0.0
1061 42 0.0
1169 46 0.0
1681 67 0.0
1747 69 0.0
1918 76 0.0
2147 85 0.0
2272 90 0.0
2343 93 0.0
2443 97 1.0
2748 109 0.0
2768 110 0.0
2916 116 0.0
2993 119 0.0
3196 127 0.0
3310 132 0.0
4123 164 0.0
4348 173 0.0
4414 176 0.0
4441 177 0.0
4736 189 0.0
4946 197 0.0
5244 209 0.0
5449 217 0.0
5566 222 0.0
5597 223 0.0
5646 225 0.0
5716 228 0.0
5782 231 1.0
6222 248 0.0
6468 258 0.0
6523 260 0.0
6538 261 0.0
6696 267 0.0
6793 271 0.0
6821 272 0.0
7334 293 0.0
7569 302 0.0
7598 303 0.0
7799 311 0.0
7834 313 1.0
7888 315 0.0
8473 338 0.0
8765 350 0.0
8797 351 0.0
9036 361 0.0
9068 362 0.0
9270 370 0.0
9367 374 0.0
9620 384 0.0
9994 399 0.0
10266 410 0.0
10321 412 0.0
10345 413 0.0
10596 423 0.0
10798 431 0.0
11014 440 0.0
11106 444 1.0
11143 445 0.0
11238 449 0.0
11410 456 0.0
11498 459 0.0
11523 460 0.0
11556 462 1.0
11756 470 0.0
11797 471 0.0
11849 473 0.0
12042 481 0.0
12058 482 0.0
12146 485 0.0
12246 489 0.0
12322 492 0.0
12348 493 0.0
12633 505 0.0
12957 518 0.0
13221 528 0.0
13335 533 1.0
13470 538 0.0
13496 539 0.0
13598 543 0.0
13645 545 0.0
13897 555 0.0
13947 557 0.0
14297 571 0.0
14619 584 0.0
14639 585 0.0
14847 593 0.0
14869 594 0.0
14921 596 0.0
15271 610 1.0
15431 617 1.0
15695 627 1.0
15771 630 1.0
16020 640 1.0
16232 649 1.0
16324 652 1.0
16546 661 1.0
16618 664 1.0
16766 670 1.0
16972 678 1.0
17060 682 1.0
17132 685 1.0
17317 692 1.0
17345 693 1.0
17722 708 1.0
17765 710 1.0
18148 725 1.0
18156 726 1.0
18206 728 1.0
18572 742 1.0
18667 746 1.0
19097 763 1.0
19547 781 1.0
19669 786 1.0
20195 807 1.0
20595 823 1.0
21182 847 1.0
21367 854 1.0
21668 866 1.0
21681 867 1.0
 fin motif
# 2 target:0 c+:340 c-:526 score:18.160630541993328 score+:574.0838352077454 score-:603.1408440749348 nb:1 =l_2c_1 
8 0 0.0
43 1 0.0
55 2 0.0
81 3 0.0
108 4 0.0
134 5 0.0
165 6 0.0
182 7 0.0
213 8 1.0
237 9 0.0
256 10 0.0
286 11 0.0
310 12 0.0
331 13 1.0
369 14 0.0
385 15 0.0
418 16 0.0
429 17 0.0
469 18 0.0
486 19 0.0
508 20 0.0
528 21 0.0
570 22 0.0
584 23 0.0
610 24 0.0
631 25 0.0
667 26 0.0
697 27 0.0
722 28 0.0
729 29 0.0
766 30 0.0
779 31 1.0
805 32 0.0
834 33 0.0
852 34 0.0
894 35 0.0
906 36 1.0
935 37 0.0
959 38 0.0
982 39 0.0
1001 40 0.0
1030 41 0.0
1063 42 0.0
1079 43 0.0
1123 44 0.0
1140 45 0.0
1157 46 0.0
1189 47 0.0
1204 48 0.0
1233 49 0.0
1279 51 0.0
1310 52 0.0
1329 53 0.0
1361 54 0.0
1383 55 0.0
1407 56 0.0
1440 57 0.0
1455 58 1.0
1489 59 0.0
1519 60 0.0
1560 62 0.0
1585 63 0.0
1603 64 0.0
1634 65 1.0
1662 66 0.0
1692 67 0.0
1709 68 0.0
1732 69 0.0
1760 70 0.0
1807 72 0.0
1864 74 0.0
1882 75 0.0
1905 76 0.0
1933 77 0.0
1965 78 0.0
1991 79 0.0
2006 80 1.0
2031 81 0.0
2051 82 0.0
2087 83 1.0
2109 84 0.0
2137 85 0.0
2161 86 0.0
2197 87 0.0
2214 88 0.0
2236 89 0.0
2258 90 0.0
2284 91 0.0
2313 92 0.0
2334 93 0.0
2382 95 0.0
2414 96 0.0
2435 97 1.0
2456 98 0.0
2480 99 0.0
2504 100 0.0
2534 101 1.0
2562 102 0.0
2592 103 0.0
2635 105 0.0
2662 106 1.0
2691 107 0.0
2705 108 1.0
2728 109 0.0
2771 110 0.0
2789 111 1.0
2808 112 0.0
2838 113 0.0
2861 114 0.0
2883 115 0.0
2908 116 0.0
2931 117 0.0
2968 118 0.0
2992 119 0.0
3004 120 0.0
3036 121 0.0
3053 122 1.0
3082 123 0.0
3104 124 0.0
3139 125 0.0
3162 126 0.0
3182 127 0.0
3204 128 0.0
3246 129 0.0
3284 131 0.0
3313 132 0.0
3336 133 0.0
3365 134 0.0
3397 135 0.0
3422 136 0.0
3436 137 1.0
3458 138 0.0
3482 139 1.0
3505 140 0.0
3537 141 0.0
3562 142 0.0
3576 143 1.0
3612 144 0.0
3632 145 1.0
3672 146 0.0
3681 147 0.0
3707 148 0.0
3734 149 0.0
3770 150 0.0
3785 151 0.0
3819 152 0.0
3835 153 0.0
3869 154 0.0
3891 155 0.0
3906 156 0.0
3941 157 0.0
3953 158 0.0
3981 159 0.0
4018 160 0.0
4029 161 1.0
4072 162 0.0
4090 163 1.0
4112 164 0.0
4127 165 0.0
4155 166 0.0
4187 167 0.0
4212 168 0.0
4237 169 0.0
4254 170 1.0
4278 171 0.0
4307 172 0.0
4328 173 0.0
4370 174 1.0
4376 175 0.0
4403 176 0.0
4429 177 0.0
4461 178 0.0
4477 179 0.0
4516 180 0.0
4535 181 0.0
4568 182 0.0
4592 183 0.0
4601 184 0.0
4649 185 0.0
4654 186 0.0
4680 187 0.0
4705 188 0.0
4740 189 0.0
4755 190 0.0
4793 191 0.0
4809 192 1.0
4841 193 0.0
4854 194 0.0
4892 195 0.0
4905 196 1.0
4940 197 0.0
4954 198 0.0
4981 199 0.0
5004 200 0.0
5029 201 0.0
5056 202 0.0
5080 203 0.0
5120 204 0.0
5133 205 0.0
5161 206 0.0
5205 208 0.0
5234 209 0.0
5253 210 0.0
5283 211 0.0
5307 212 1.0
5340 213 0.0
5357 214 0.0
5381 215 0.0
5410 216 1.0
5441 217 0.0
5462 218 0.0
5494 219 0.0
5505 220 0.0
5537 221 0.0
5561 222 0.0
5583 223 0.0
5608 224 1.0
5639 225 0.0
5664 226 0.0
5679 227 0.0
5708 228 0.0
5727 229 0.0
5760 230 0.0
5807 232 0.0
5841 233 0.0
5861 234 0.0
5879 235 0.0
5923 236 0.0
5941 237 0.0
5957 238 1.0
5983 239 1.0
6007 240 0.0
6039 241 0.0
6062 242 0.0
6079 243 0.0
6110 244 0.0
6132 245 0.0
6163 246 0.0
6194 247 0.0
6204 248 0.0
6245 249 0.0
6255 250 0.0
6292 251 0.0
6317 252 0.0
6333 253 0.0
6356 254 0.0
6391 255 0.0
6418 256 0.0
6441 257 0.0
6457 258 0.0
6486 259 0.0
6513 260 0.0
6528 261 0.0
6557 262 0.0
6590 263 1.0
6615 264 0.0
6642 265 0.0
6660 266 0.0
6688 267 0.0
6719 268 0.0
6737 269 0.0
6763 270 0.0
6785 271 0.0
6804 272 0.0
6831 273 0.0
6867 274 0.0
6885 275 0.0
6920 276 0.0
6940 277 0.0
6961 278 0.0
6996 279 0.0
7007 280 0.0
7038 281 0.0
7064 282 0.0
7083 283 0.0
7110 284 0.0
7133 285 0.0
7161 286 0.0
7195 287 0.0
7219 288 0.0
7229 289 0.0
7251 290 0.0
7281 291 0.0
7302 292 0.0
7337 293 0.0
7354 294 0.0
7389 295 1.0
7405 296 0.0
7439 297 0.0
7455 298 0.0
7481 299 0.0
7517 300 0.0
7563 302 0.0
7590 303 0.0
7621 304 0.0
7633 305 0.0
7656 306 0.0
7679 307 1.0
7705 308 0.0
7737 309 0.0
7754 310 0.0
7798 311 0.0
7809 312 0.0
7833 313 1.0
7872 314 0.0
7878 315 0.0
7915 316 0.0
7939 317 0.0
7963 318 0.0
7981 319 0.0
8008 320 0.0
8035 321 0.0
8087 323 0.0
8123 324 0.0
8135 325 0.0
8162 326 1.0
8180 327 0.0
8206 328 0.0
8227 329 1.0
8257 330 0.0
8286 331 0.0
8320 332 0.0
8334 333 0.0
8361 334 1.0
8386 335 0.0
8411 336 0.0
8430 337 0.0
8471 338 0.0
8481 339 0.0
8504 340 0.0
8527 341 0.0
8559 342 0.0
8582 343 0.0
8606 344 1.0
8657 346 0.0
8682 347 0.0
8716 348 1.0
8729 349 0.0
8755 350 0.0
8798 351 0.0
8807 352 0.0
8841 353 0.0
8852 354 0.0
8877 355 1.0
8913 356 0.0
8930 357 0.0
8966 358 0.0
8980 359 0.0
9015 360 0.0
9033 361 0.0
9066 362 0.0
9083 363 0.0
9105 364 1.0
9132 365 0.0
9164 366 0.0
9194 367 0.0
9210 368 0.0
9230 369 0.0
9255 370 0.0
9280 371 1.0
9317 372 0.0
9334 373 0.0
9365 374 0.0
9378 375 0.0
9410 376 0.0
9430 377 0.0
9465 378 0.0
9486 379 0.0
9505 380 0.0
9547 381 0.0
9571 382 0.0
9580 383 1.0
9618 384 0.0
9631 385 0.0
9667 386 0.0
9683 387 0.0
9714 388 0.0
9749 389 0.0
9761 390 0.0
9794 391 0.0
9812 392 0.0
9833 393 0.0
9859 394 0.0
9890 395 0.0
9916 396 0.0
9947 397 0.0
9971 398 0.0
9985 399 0.0
10009 400 0.0
10041 401 0.0
10061 402 0.0
10081 403 0.0
10107 404 0.0
10132 405 0.0
10158 406 0.0
10178 407 0.0
10209 408 1.0
10248 409 0.0
10258 410 0.0
10290 411 0.0
10309 412 0.0
10344 413 0.0
10363 414 0.0
10393 415 0.0
10407 416 0.0
10439 417 0.0
10454 418 0.0
10488 419 0.0
10510 420 0.0
10526 421 0.0
10572 422 0.0
10579 423 0.0
10618 424 0.0
10641 425 1.0
10653 426 0.0
10688 427 0.0
10715 428 0.0
10742 429 0.0
10767 430 0.0
10791 431 0.0
10810 432 0.0
10840 433 0.0
10872 434 0.0
10886 435 0.0
10929 437 1.0
10955 438 0.0
10996 439 0.0
11004 440 0.0
11026 441 0.0
11060 442 0.0
11089 443 0.0
11110 444 1.0
11130 445 0.0
11158 446 0.0
11181 447 1.0
11203 448 0.0
11239 449 0.0
11259 450 0.0
11286 451 0.0
11317 452 0.0
11340 453 1.0
11361 454 1.0
11380 455 1.0
11418 456 0.0
11429 457 0.0
11459 458 0.0
11483 459 0.0
11509 460 0.0
11530 461 0.0
11585 463 0.0
11607 464 0.0
11632 465 1.0
11687 467 0.0
11703 468 0.0
11726 469 1.0
11760 470 0.0
11781 471 0.0
11816 472 0.0
11829 473 0.0
11852 474 0.0
11880 475 0.0
11918 476 0.0
11931 477 0.0
11954 478 0.0
11998 479 0.0
12007 480 0.0
12033 481 0.0
12068 482 0.0
12083 483 1.0
12135 485 0.0
12160 486 0.0
12185 487 1.0
12206 488 0.0
12237 489 0.0
12277 491 0.0
12313 492 0.0
12364 494 0.0
12387 495 0.0
12411 496 0.0
12430 497 0.0
12457 498 0.0
12490 499 0.0
12506 500 0.0
12529 501 0.0
12559 502 0.0
12594 503 0.0
12612 504 0.0
12634 505 0.0
12663 506 1.0
12683 507 0.0
12710 508 0.0
12732 509 0.0
12757 510 0.0
12780 511 0.0
12804 512 0.0
12834 513 0.0
12865 514 0.0
12880 515 0.0
12904 516 0.0
12939 517 0.0
12982 519 0.0
13006 520 0.0
13035 521 0.0
13056 522 0.0
13091 523 0.0
13112 524 0.0
13132 525 0.0
13157 526 0.0
13181 527 0.0
13208 528 0.0
13233 529 0.0
13258 530 0.0
13283 531 0.0
13310 532 0.0
13334 533 1.0
13363 534 0.0
13382 535 0.0
13430 537 0.0
13460 538 0.0
13480 539 0.0
13515 540 0.0
13537 541 0.0
13571 542 0.0
13579 543 0.0
13608 544 0.0
13629 545 0.0
13665 546 0.0
13688 547 0.0
13719 548 0.0
13731 549 0.0
13789 551 0.0
13807 552 1.0
13833 553 0.0
13870 554 0.0
13882 555 0.0
13921 556 0.0
13929 557 0.0
13956 558 0.0
13978 559 0.0
14005 560 0.0
14030 561 0.0
14068 562 0.0
14090 563 0.0
14108 564 1.0
14147 565 0.0
14156 566 1.0
14188 567 0.0
14230 569 0.0
14257 570 0.0
14287 571 0.0
14317 572 0.0
14330 573 0.0
14358 574 0.0
14386 575 0.0
14403 576 0.0
14438 577 0.0
14469 578 1.0
14497 579 0.0
14504 580 0.0
14529 581 0.0
14554 582 0.0
14586 583 0.0
14609 584 0.0
14647 585 0.0
14668 586 0.0
14680 587 0.0
14714 588 0.0
14746 589 0.0
14763 590 0.0
14789 591 0.0
14814 592 0.0
14835 593 0.0
14864 594 0.0
14879 595 0.0
14911 596 0.0
14935 597 0.0
14952 598 0.0
14980 599 0.0
15011 600 1.0
15035 601 1.0
15057 602 1.0
15087 603 0.0
15113 604 1.0
15139 605 1.0
15156 606 1.0
15188 607 1.0
15211 608 1.0
15235 609 1.0
15258 610 1.0
15287 611 1.0
15304 612 1.0
15343 613 1.0
15366 614 1.0
15380 615 1.0
15408 616 1.0
15432 617 1.0
15470 618 0.0
15489 619 1.0
15513 620 1.0
15530 621 1.0
15561 622 1.0
15582 623 1.0
15611 624 1.0
15632 625 1.0
15673 626 1.0
15687 627 1.0
15704 628 0.0
15731 629 1.0
15763 630 1.0
15806 632 1.0
15843 633 1.0
15854 634 1.0
15894 635 1.0
15908 636 1.0
15934 637 1.0
15954 638 1.0
15990 639 1.0
16006 640 1.0
16039 641 1.0
16055 642 1.0
16083 643 1.0
16108 644 1.0
16140 645 1.0
16157 646 1.0
16190 647 1.0
16216 648 1.0
16242 649 1.0
16251 650 1.0
16287 651 1.0
16311 652 1.0
16332 653 1.0
16386 655 1.0
16408 656 1.0
16435 657 1.0
16459 658 1.0
16491 659 1.0
16535 661 1.0
16558 662 1.0
16589 663 1.0
16610 664 1.0
16637 665 1.0
16662 666 1.0
16689 667 1.0
16711 668 1.0
16737 669 1.0
16758 670 1.0
16784 671 1.0
16812 672 1.0
16863 674 1.0
16882 675 1.0
16920 676 1.0
16932 677 1.0
16954 678 1.0
16977 679 1.0
17001 680 1.0
17033 681 1.0
17063 682 1.0
17089 683 1.0
17112 684 1.0
17133 685 1.0
17168 686 1.0
17191 687 1.0
17211 688 1.0
17234 689 1.0
17286 691 1.0
17303 692 1.0
17348 693 1.0
17361 694 1.0
17383 695 1.0
17415 696 1.0
17441 697 1.0
17456 698 1.0
17483 699 1.0
17507 700 1.0
17535 701 1.0
17563 702 1.0
17579 703 1.0
17604 704 1.0
17641 705 1.0
17656 706 1.0
17676 707 1.0
17713 708 1.0
17729 709 0.0
17759 710 1.0
17796 711 1.0
17811 712 0.0
17832 713 1.0
17859 714 1.0
17880 715 1.0
17904 716 1.0
17942 717 1.0
17960 718 1.0
17981 719 1.0
18019 720 1.0
18036 721 1.0
18069 722 1.0
18089 723 1.0
18102 724 1.0
18137 725 1.0
18169 726 1.0
18180 727 1.0
18214 728 1.0
18237 729 1.0
18256 730 1.0
18292 731 1.0
18312 732 1.0
18334 733 1.0
18407 736 1.0
18428 737 1.0
18464 738 1.0
18486 739 1.0
18508 740 1.0
18561 742 1.0
18582 743 1.0
18622 744 1.0
18633 745 1.0
18659 746 1.0
18686 747 1.0
18703 748 1.0
18739 749 1.0
18762 750 1.0
18821 752 1.0
18837 753 1.0
18855 754 1.0
18887 755 1.0
18913 756 1.0
18932 757 1.0
18966 758 1.0
18997 759 1.0
19008 760 1.0
19035 761 1.0
19061 762 1.0
19085 763 1.0
19111 764 1.0
19134 765 1.0
19156 766 1.0
19188 767 1.0
19216 768 1.0
19249 769 1.0
19259 770 1.0
19283 771 1.0
19319 772 1.0
19362 774 1.0
19395 775 1.0
19412 776 1.0
19433 777 1.0
19458 778 1.0
19480 779 1.0
19513 780 1.0
19530 781 1.0
19561 782 1.0
19583 783 1.0
19606 784 1.0
19640 785 1.0
19664 786 1.0
19688 787 1.0
19704 788 1.0
19746 789 1.0
19754 790 1.0
19778 791 1.0
19808 792 1.0
19834 793 1.0
19856 794 1.0
19886 795 1.0
19903 796 1.0
19934 797 1.0
19963 798 1.0
19981 799 1.0
20010 800 1.0
20035 801 1.0
20054 802 1.0
20087 803 1.0
20112 804 1.0
20135 805 1.0
20154 806 1.0
20180 807 1.0
20204 808 1.0
20234 809 1.0
20253 810 1.0
20288 811 1.0
20309 812 1.0
20337 813 1.0
20361 814 1.0
20399 815 0.0
20416 816 1.0
20428 817 1.0
20458 818 1.0
20485 819 1.0
20511 820 1.0
20528 821 1.0
20563 822 1.0
20584 823 1.0
20609 824 1.0
20632 825 1.0
20660 826 1.0
20682 827 1.0
20702 828 1.0
20730 829 1.0
20784 831 1.0
20813 832 1.0
20838 833 1.0
20852 834 1.0
20886 835 1.0
20908 836 1.0
20933 837 1.0
20955 838 1.0
20976 839 1.0
21005 840 1.0
21043 841 1.0
21058 842 1.0
21082 843 1.0
21101 844 1.0
21129 845 1.0
21165 846 0.0
21184 847 1.0
21203 848 1.0
21233 849 1.0
21256 850 1.0
21285 851 1.0
21311 852 1.0
21339 853 1.0
21360 854 1.0
21377 855 1.0
21411 856 1.0
21433 857 1.0
21454 858 1.0
21495 859 1.0
21517 860 1.0
21560 862 1.0
21583 863 1.0
21604 864 1.0
21632 865 1.0
21657 866 1.0
21684 867 1.0
21711 868 1.0
21730 869 1.0
21765 870 1.0
21789 871 1.0
21811 872 1.0
21836 873 1.0
21857 874 1.0
21887 875 1.0
21913 876 1.0
21935 877 1.0
21961 878 0.0
21983 879 1.0
22008 880 1.0
22026 881 1.0
22061 882 1.0
22085 883 1.0
22105 884 1.0
22135 885 1.0
22153 886 1.0
22191 887 1.0
22209 888 1.0
22235 889 1.0
22255 890 1.0
22285 891 1.0
22311 892 1.0
22333 893 1.0
22359 894 1.0
22383 895 1.0
22411 896 1.0
22433 897 1.0
22465 898 1.0
22477 899 1.0
 fin motif
# 3 target:0 c+:0 c-:4 score:9.541895468896524 score+:0 score-:15.267032750234439 nb:1 =l_2c_5 
1410 56 0.0
1787 71 0.0
1836 73 0.0
10528 421 0.0
 fin motif
