# 0 target:0 c+:178 c-:373 score:82.5961505308631 score+:1459.262174351072 score-:2086.992918385631 nb:11 =l_0c_3 l_0c_17 l_0c_0 l_0c_15 l_0c_19 l_0c_12 l_0c_6 l_0c_10 l_0c_5 l_0c_13 l_0c_14 
43 1 0.0
134 5 0.0
213 8 1.0
237 9 0.0
257 10 0.0
286 11 0.0
331 13 1.0
356 14 0.0
440 17 0.0
455 18 0.0
574 22 0.0
584 23 0.0
607 24 0.0
630 25 0.0
667 26 0.0
692 27 0.0
722 28 0.0
739 29 0.0
762 30 0.0
779 31 1.0
894 35 0.0
906 36 1.0
942 37 0.0
1000 40 0.0
1050 42 0.0
1123 44 0.0
1140 45 0.0
1157 46 0.0
1227 49 0.0
1279 51 0.0
1361 54 0.0
1407 56 0.0
1454 58 1.0
1489 59 0.0
1519 60 0.0
1635 65 1.0
1662 66 0.0
1692 67 0.0
1732 69 0.0
1882 75 0.0
1965 78 0.0
1981 79 0.0
2006 80 1.0
2059 82 0.0
2109 84 0.0
2137 85 0.0
2214 88 0.0
2258 90 0.0
2313 92 0.0
2330 93 0.0
2382 95 0.0
2414 96 0.0
2425 97 1.0
2466 98 0.0
2534 101 1.0
2561 102 0.0
2592 103 0.0
2662 106 1.0
2683 107 0.0
2705 108 1.0
2728 109 0.0
2756 110 0.0
2828 113 0.0
2931 117 0.0
2992 119 0.0
3010 120 0.0
3037 121 0.0
3053 122 1.0
3096 123 0.0
3162 126 0.0
3246 129 0.0
3284 131 0.0
3327 133 0.0
3365 134 0.0
3412 136 0.0
3436 137 1.0
3465 138 0.0
3482 139 1.0
3505 140 0.0
3561 142 0.0
3575 143 1.0
3612 144 0.0
3672 146 0.0
3681 147 0.0
3703 148 0.0
3790 151 0.0
3819 152 0.0
3835 153 0.0
3869 154 0.0
3890 155 0.0
3941 157 0.0
4019 160 0.0
4072 162 0.0
4090 163 1.0
4116 164 0.0
4133 165 0.0
4187 167 0.0
4291 171 0.0
4346 173 0.0
4375 175 0.0
4429 177 0.0
4483 179 0.0
4534 181 0.0
4568 182 0.0
4579 183 0.0
4600 184 0.0
4649 185 0.0
4680 187 0.0
4793 191 0.0
4846 193 0.0
4954 198 0.0
4990 199 0.0
5012 200 0.0
5124 204 0.0
5205 208 0.0
5304 212 1.0
5333 213 0.0
5410 216 1.0
5467 218 0.0
5493 219 0.0
5547 221 0.0
5552 222 0.0
5582 223 0.0
5708 228 0.0
5764 230 0.0
5841 233 0.0
5861 234 0.0
5923 236 0.0
5941 237 0.0
5983 239 1.0
6011 240 0.0
6132 245 0.0
6194 247 0.0
6204 248 0.0
6245 249 0.0
6255 250 0.0
6292 251 0.0
6324 252 0.0
6325 253 0.0
6356 254 0.0
6418 256 0.0
6438 257 0.0
6450 258 0.0
6493 259 0.0
6642 265 0.0
6660 266 0.0
6688 267 0.0
6718 268 0.0
6866 274 0.0
6940 277 0.0
6970 278 0.0
6996 279 0.0
7037 281 0.0
7064 282 0.0
7083 283 0.0
7194 287 0.0
7219 288 0.0
7250 290 0.0
7282 291 0.0
7315 292 0.0
7339 293 0.0
7389 295 1.0
7475 299 0.0
7517 300 0.0
7621 304 0.0
7679 307 1.0
7737 309 0.0
7764 310 0.0
7832 313 1.0
7878 315 0.0
7919 316 0.0
7963 318 0.0
7981 319 0.0
8123 324 0.0
8162 326 1.0
8206 328 0.0
8232 329 1.0
8256 330 0.0
8320 332 0.0
8334 333 0.0
8391 335 0.0
8481 339 0.0
8535 341 0.0
8582 343 0.0
8716 348 1.0
8729 349 0.0
8788 351 0.0
8819 352 0.0
8877 355 1.0
8913 356 0.0
8930 357 0.0
8966 358 0.0
8980 359 0.0
9013 360 0.0
9052 362 0.0
9083 363 0.0
9105 364 1.0
9131 365 0.0
9194 367 0.0
9210 368 0.0
9231 369 0.0
9255 370 0.0
9275 371 1.0
9317 372 0.0
9350 374 0.0
9378 375 0.0
9410 376 0.0
9430 377 0.0
9464 378 0.0
9506 380 0.0
9547 381 0.0
9580 383 1.0
9632 385 0.0
9667 386 0.0
9684 387 0.0
9749 389 0.0
9761 390 0.0
9794 391 0.0
9916 396 0.0
9947 397 0.0
9971 398 0.0
9982 399 0.0
10041 401 0.0
10058 402 0.0
10107 404 0.0
10248 409 0.0
10257 410 0.0
10290 411 0.0
10334 413 0.0
10393 415 0.0
10439 417 0.0
10454 418 0.0
10525 421 0.0
10572 422 0.0
10621 424 0.0
10653 426 0.0
10687 427 0.0
10715 428 0.0
10767 430 0.0
10791 431 0.0
10810 432 0.0
10865 434 0.0
10886 435 0.0
10955 438 0.0
10996 439 0.0
11005 440 0.0
11026 441 0.0
11060 442 0.0
11130 445 0.0
11155 446 0.0
11203 448 0.0
11286 451 0.0
11316 452 0.0
11340 453 1.0
11353 454 1.0
11375 455 1.0
11418 456 0.0
11441 457 0.0
11457 458 0.0
11483 459 0.0
11530 461 0.0
11584 463 0.0
11728 469 1.0
11761 470 0.0
11910 476 0.0
11954 478 0.0
11998 479 0.0
12033 481 0.0
12060 482 0.0
12083 483 1.0
12161 486 0.0
12219 488 0.0
12277 491 0.0
12451 498 0.0
12490 499 0.0
12506 500 0.0
12529 501 0.0
12559 502 0.0
12618 504 0.0
12732 509 0.0
12750 510 0.0
12781 511 0.0
12800 512 0.0
12880 515 0.0
12903 516 0.0
12982 519 0.0
13055 522 0.0
13082 523 0.0
13112 524 0.0
13132 525 0.0
13199 527 0.0
13233 529 0.0
13258 530 0.0
13382 535 0.0
13437 537 0.0
13461 538 0.0
13481 539 0.0
13515 540 0.0
13536 541 0.0
13571 542 0.0
13580 543 0.0
13665 546 0.0
13688 547 0.0
13719 548 0.0
13789 551 0.0
13825 553 0.0
13871 554 0.0
13921 556 0.0
13935 557 0.0
13956 558 0.0
13984 559 0.0
14004 560 0.0
14030 561 0.0
14155 566 1.0
14188 567 0.0
14230 569 0.0
14254 570 0.0
14330 573 0.0
14372 574 0.0
14386 575 0.0
14439 577 0.0
14470 578 1.0
14497 579 0.0
14529 581 0.0
14586 583 0.0
14647 585 0.0
14680 587 0.0
14718 588 0.0
14746 589 0.0
14789 591 0.0
14800 592 0.0
14825 593 0.0
14911 596 0.0
15035 601 1.0
15139 605 1.0
15155 606 1.0
15211 608 1.0
15235 609 1.0
15258 610 1.0
15304 612 1.0
15329 613 1.0
15365 614 1.0
15470 618 0.0
15530 621 1.0
15561 622 1.0
15597 623 1.0
15673 626 1.0
15704 628 0.0
15731 629 1.0
15802 632 1.0
15831 633 1.0
15854 634 1.0
15886 635 1.0
15961 638 1.0
16194 647 1.0
16242 649 1.0
16250 650 1.0
16386 655 1.0
16408 656 1.0
16450 658 1.0
16536 661 1.0
16658 666 1.0
16689 667 1.0
16711 668 1.0
16727 669 1.0
16784 671 1.0
16920 676 1.0
17000 680 1.0
17033 681 1.0
17063 682 1.0
17150 686 1.0
17349 693 1.0
17416 696 1.0
17441 697 1.0
17483 699 1.0
17500 700 1.0
17535 701 1.0
17586 703 1.0
17600 704 1.0
17676 707 1.0
17759 710 1.0
17775 711 1.0
17830 713 1.0
17855 714 1.0
17898 715 1.0
17942 717 1.0
18036 721 1.0
18102 724 1.0
18169 726 1.0
18177 727 1.0
18211 728 1.0
18256 730 1.0
18293 731 1.0
18312 732 1.0
18428 737 1.0
18480 739 1.0
18583 743 1.0
18686 747 1.0
18855 754 1.0
18912 756 1.0
19108 764 1.0
19215 768 1.0
19249 769 1.0
19287 771 1.0
19395 775 1.0
19480 779 1.0
19513 780 1.0
19530 781 1.0
19577 783 1.0
19620 784 1.0
19640 785 1.0
19688 787 1.0
19746 789 1.0
19755 790 1.0
19809 792 1.0
19963 798 1.0
19981 799 1.0
20010 800 1.0
20091 803 1.0
20180 807 1.0
20204 808 1.0
20373 814 1.0
20632 825 1.0
20687 827 1.0
20730 829 1.0
20813 832 1.0
20954 838 1.0
20976 839 1.0
21059 842 1.0
21100 844 1.0
21173 846 0.0
21225 849 1.0
21284 851 1.0
21339 853 1.0
21377 855 1.0
21433 857 1.0
21604 864 1.0
21711 868 1.0
21731 869 1.0
21765 870 1.0
21832 873 1.0
21857 874 1.0
21887 875 1.0
21904 876 1.0
21935 877 1.0
22025 881 1.0
22050 882 1.0
22081 883 1.0
22191 887 1.0
22333 893 1.0
22377 895 1.0
22400 896 1.0
22425 897 1.0
22476 899 1.0
2866 114 0.0
12704 508 0.0
131 5 0.0
385 15 0.0
541 21 0.0
586 23 0.0
832 33 0.0
1204 48 0.0
1329 53 0.0
1561 62 0.0
1603 64 0.0
1865 74 0.0
1991 79 0.0
2029 81 0.0
2087 83 1.0
2514 100 0.0
2871 114 0.0
2882 115 0.0
3115 124 0.0
3145 125 0.0
3204 128 0.0
3387 135 0.0
3484 139 1.0
3581 143 1.0
3614 144 0.0
3633 145 1.0
3981 159 0.0
4155 166 0.0
4477 179 0.0
4515 180 0.0
4592 183 0.0
4705 188 0.0
4731 189 0.0
4755 190 0.0
4829 193 0.0
4854 194 0.0
4941 197 0.0
4981 199 0.0
5004 200 0.0
5028 201 0.0
5253 210 0.0
5380 215 0.0
5679 227 0.0
5836 233 0.0
5879 235 0.0
6026 241 0.0
6080 243 0.0
6333 253 0.0
6386 255 0.0
6556 262 0.0
6763 270 0.0
6831 273 0.0
6920 276 0.0
7013 280 0.0
7110 284 0.0
7133 285 0.0
7251 290 0.0
7302 292 0.0
7405 296 0.0
7481 299 0.0
7633 305 0.0
7704 308 0.0
7939 317 0.0
7954 318 0.0
8134 325 0.0
8361 334 1.0
8482 339 0.0
8755 350 0.0
8851 354 0.0
9207 368 0.0
9257 370 0.0
9379 375 0.0
9682 387 0.0
9889 395 0.0
9909 396 0.0
9985 399 0.0
10081 403 0.0
10165 406 0.0
10178 407 0.0
10408 416 0.0
10579 423 0.0
11062 442 0.0
11110 444 1.0
11606 464 0.0
12411 496 0.0
13157 526 0.0
13181 527 0.0
13284 531 0.0
13310 532 0.0
13628 545 0.0
13883 555 0.0
13928 557 0.0
14108 564 1.0
14504 580 0.0
14555 582 0.0
14814 592 0.0
15087 603 0.0
15153 606 1.0
15409 616 1.0
15806 632 1.0
15908 636 1.0
15934 637 1.0
16038 641 1.0
16157 646 1.0
16457 658 1.0
16590 663 1.0
16637 665 1.0
16662 666 1.0
16930 677 1.0
16981 679 1.0
17232 689 1.0
17537 701 1.0
17729 709 0.0
17811 712 0.0
18137 725 1.0
18430 737 1.0
18932 757 1.0
20235 809 1.0
20931 837 1.0
21606 864 1.0
21683 867 1.0
21713 868 1.0
21753 870 1.0
22085 883 1.0
430 17 0.0
507 20 0.0
1311 52 0.0
1384 55 0.0
5358 214 0.0
8840 353 0.0
9032 361 0.0
9485 379 0.0
11314 452 0.0
14067 562 0.0
18463 738 1.0
18760 750 1.0
21254 850 1.0
21410 856 1.0
 fin motif
# 1 target:0 c+:45 c-:145 score:69.84434536922699 score+:377.52527181159695 score-:824.5290821746496 nb:9 =l_0c_3 l_0c_8 l_0c_0 l_0c_15 l_0c_19 l_0c_11 l_0c_9 l_0c_4 l_0c_2 
1828 73 0.0
1132 45 0.0
1734 69 0.0
7654 306 0.0
8958 358 0.0
10956 438 0.0
11205 448 0.0
11885 475 0.0
12031 481 0.0
12511 500 0.0
16318 652 1.0
371 14 0.0
382 15 0.0
471 18 0.0
612 24 0.0
699 27 0.0
960 38 0.0
980 39 0.0
1201 48 0.0
1326 53 0.0
1410 56 0.0
1608 64 0.0
1682 67 0.0
1787 71 0.0
1903 76 0.0
1992 79 0.0
2084 83 1.0
2194 87 0.0
2458 98 0.0
2576 103 0.0
2615 104 0.0
2644 105 0.0
2693 107 0.0
2772 110 0.0
2970 118 0.0
3084 123 0.0
3183 127 0.0
3201 128 0.0
3398 135 0.0
3423 136 0.0
3772 150 0.0
3814 152 0.0
3982 159 0.0
4152 166 0.0
4185 167 0.0
4478 179 0.0
4593 183 0.0
4706 188 0.0
4741 189 0.0
4763 190 0.0
4810 192 1.0
4857 194 0.0
4978 199 0.0
5005 200 0.0
5058 202 0.0
5135 205 0.0
5258 210 0.0
5308 212 1.0
5463 218 0.0
5482 219 0.0
5673 226 0.0
5693 227 0.0
5876 235 0.0
6239 249 0.0
6334 253 0.0
6616 264 0.0
6720 268 0.0
6760 270 0.0
6828 273 0.0
6917 276 0.0
7009 280 0.0
7140 285 0.0
7252 290 0.0
7303 292 0.0
7408 296 0.0
7441 297 0.0
7478 299 0.0
7634 305 0.0
7795 311 0.0
7873 314 0.0
7940 317 0.0
8358 334 1.0
8607 344 1.0
8664 346 0.0
8756 350 0.0
8939 357 0.0
9358 374 0.0
9573 382 0.0
9986 399 0.0
10084 403 0.0
10179 407 0.0
10210 408 1.0
10490 419 0.0
10528 421 0.0
10576 423 0.0
10620 424 0.0
10692 427 0.0
11107 444 1.0
11411 456 0.0
11587 463 0.0
11920 476 0.0
11990 479 0.0
12070 482 0.0
12378 495 0.0
12408 496 0.0
12428 497 0.0
12596 503 0.0
13007 520 0.0
13158 526 0.0
13178 527 0.0
13236 529 0.0
13311 532 0.0
13438 537 0.0
13488 539 0.0
13690 547 0.0
13732 549 0.0
13778 551 0.0
14109 564 1.0
14148 565 0.0
14501 580 0.0
14715 588 0.0
14811 592 0.0
15088 603 0.0
15114 604 1.0
15344 613 1.0
15515 620 1.0
15807 632 1.0
15909 636 1.0
15936 637 1.0
16109 644 1.0
16158 646 1.0
16192 647 1.0
16634 665 1.0
16659 666 1.0
17726 709 0.0
17812 712 0.0
18021 720 1.0
18138 725 1.0
18313 732 1.0
18823 752 1.0
18929 757 1.0
19217 768 1.0
19402 776 1.0
19628 785 1.0
20396 815 0.0
20680 827 1.0
21497 859 1.0
22082 883 1.0
68 2 0.0
261 10 0.0
868 34 0.0
1752 70 0.0
2577 103 0.0
3202 128 0.0
4217 168 0.0
4268 170 1.0
4595 183 0.0
5587 223 0.0
5633 225 0.0
6178 247 0.0
6934 277 0.0
7862 314 0.0
7941 317 0.0
8145 325 0.0
8186 327 0.0
8421 336 0.0
9493 379 0.0
10054 402 0.0
10138 405 0.0
10578 423 0.0
10693 427 0.0
12072 482 0.0
12105 484 0.0
12232 489 0.0
12337 493 0.0
12970 518 0.0
13635 545 0.0
14502 580 0.0
16963 678 1.0
17138 685 1.0
17664 706 1.0
17728 709 0.0
17813 712 0.0
18413 736 1.0
20478 819 1.0
22036 881 1.0
22158 886 1.0
22462 898 1.0
2197 87 0.0
3614 144 0.0
3817 152 0.0
4515 180 0.0
4829 193 0.0
5836 233 0.0
7798 311 0.0
7954 318 0.0
9683 387 0.0
9889 395 0.0
12118 484 0.0
15637 625 1.0
16345 653 1.0
17415 696 1.0
20399 815 0.0
21753 870 1.0
21870 874 1.0
9631 385 0.0
10529 421 0.0
 fin motif
# 2 target:0 c+:59 c-:168 score:60.140920667681414 score+:578.1045307305201 score-:1107.3446326061164 nb:13 =l_0c_3 l_0c_12 l_0c_0 l_0c_15 l_0c_19 l_0c_18 l_0c_1 l_0c_5 l_0c_10 l_0c_6 l_0c_14 l_0c_13 l_0c_11 
1792 71 0.0
1828 73 0.0
10530 421 0.0
21 0 0.0
28 1 0.0
66 2 0.0
79 3 0.0
210 8 1.0
258 10 0.0
291 11 0.0
539 21 0.0
866 34 0.0
933 37 0.0
1043 41 0.0
1101 44 0.0
1134 45 0.0
1200 48 0.0
1325 53 0.0
1357 54 0.0
1565 62 0.0
1697 67 0.0
1737 69 0.0
1750 70 0.0
1871 74 0.0
1930 77 0.0
2060 82 0.0
2201 88 0.0
2408 96 0.0
2462 98 0.0
2513 100 0.0
2575 103 0.0
2815 112 0.0
2886 115 0.0
2941 117 0.0
3123 124 0.0
3144 125 0.0
3208 128 0.0
3372 134 0.0
3556 142 0.0
3601 144 0.0
3634 145 1.0
3657 146 0.0
3752 150 0.0
3936 157 0.0
3995 159 0.0
4122 164 0.0
4130 165 0.0
4214 168 0.0
4270 170 1.0
4518 180 0.0
4528 181 0.0
4596 183 0.0
4735 189 0.0
4766 190 0.0
4785 191 0.0
4827 193 0.0
4862 194 0.0
4929 197 0.0
4957 198 0.0
4977 199 0.0
5026 201 0.0
5063 202 0.0
5093 203 0.0
5220 208 0.0
5230 209 0.0
5382 215 0.0
5562 222 0.0
5588 223 0.0
5606 224 1.0
5631 225 0.0
5696 227 0.0
5742 229 0.0
5840 233 0.0
5893 235 0.0
5933 237 0.0
6015 240 0.0
6030 241 0.0
6081 243 0.0
6179 247 0.0
6215 248 0.0
6445 257 0.0
6560 262 0.0
6668 266 0.0
6772 270 0.0
6827 273 0.0
6935 277 0.0
7089 283 0.0
7116 284 0.0
7138 285 0.0
7212 288 0.0
7488 299 0.0
7515 300 0.0
7637 305 0.0
7653 306 0.0
7703 308 0.0
7761 310 0.0
7943 317 0.0
7953 318 0.0
7985 319 0.0
8044 321 0.0
8055 322 0.0
8133 325 0.0
8188 327 0.0
8382 335 0.0
8436 337 0.0
8739 349 0.0
8855 354 0.0
8946 357 0.0
8961 358 0.0
9161 366 0.0
9357 374 0.0
9443 377 0.0
9491 379 0.0
9814 392 0.0
9892 395 0.0
9992 399 0.0
10052 402 0.0
10123 404 0.0
10139 405 0.0
10173 406 0.0
10313 412 0.0
10411 416 0.0
10442 417 0.0
10567 422 0.0
10575 423 0.0
10695 427 0.0
10952 438 0.0
11087 443 0.0
11204 448 0.0
11323 452 0.0
11610 464 0.0
11659 466 0.0
12030 481 0.0
12073 482 0.0
12080 483 1.0
12117 484 0.0
12234 489 0.0
12303 492 0.0
12339 493 0.0
12510 500 0.0
12554 502 0.0
12715 508 0.0
12792 511 0.0
12908 516 0.0
12968 518 0.0
13059 522 0.0
13128 525 0.0
13177 527 0.0
13287 531 0.0
13379 535 0.0
13495 539 0.0
13527 541 0.0
13633 545 0.0
13656 546 0.0
13854 554 0.0
13884 555 0.0
13927 557 0.0
13952 558 0.0
13996 559 0.0
14500 580 0.0
14567 582 0.0
14606 584 0.0
14694 587 0.0
14707 588 0.0
14739 589 0.0
14772 590 0.0
14791 591 0.0
14955 598 0.0
15152 606 1.0
15413 616 1.0
15467 618 0.0
15516 620 1.0
15635 625 1.0
15684 627 1.0
15708 628 0.0
15734 629 1.0
15906 636 1.0
15939 637 1.0
16037 641 1.0
16102 644 1.0
16308 652 1.0
16344 653 1.0
16444 657 1.0
16530 661 1.0
16591 663 1.0
16965 678 1.0
16982 679 1.0
17037 681 1.0
17140 685 1.0
17233 689 1.0
17413 696 1.0
17612 704 1.0
17661 706 1.0
17682 707 1.0
17725 709 0.0
17805 712 0.0
17944 717 1.0
17989 719 1.0
18038 721 1.0
18414 736 1.0
18606 744 1.0
18928 757 1.0
19046 761 1.0
19141 765 1.0
19152 766 1.0
19389 775 1.0
19709 788 1.0
19943 797 1.0
20236 809 1.0
20295 811 1.0
20488 819 1.0
20735 829 1.0
20815 832 1.0
20916 836 1.0
20929 837 1.0
20984 839 1.0
21308 852 1.0
21356 854 1.0
21644 865 1.0
21696 867 1.0
21751 870 1.0
21869 874 1.0
21972 878 0.0
22033 881 1.0
22127 885 1.0
22160 886 1.0
22463 898 1.0
 fin motif
# 3 target:0 c+:127 c-:210 score:13.606672080230567 score+:1052.6616474706675 score-:1164.2363585285582 nb:12 =l_0c_3 l_0c_18 l_0c_5 l_0c_1 l_0c_10 l_0c_6 l_0c_0 l_0c_15 l_0c_19 l_0c_14 l_0c_11 l_0c_16 
1792 71 0.0
1828 73 0.0
10530 421 0.0
38 1 0.0
141 5 0.0
157 6 0.0
217 8 1.0
231 9 0.0
515 20 0.0
530 21 0.0
558 22 0.0
733 29 0.0
857 34 0.0
953 38 0.0
976 39 0.0
1034 41 0.0
1055 42 0.0
1128 45 0.0
1184 47 0.0
1207 48 0.0
1236 49 0.0
1252 50 0.0
1283 51 0.0
1331 53 0.0
1438 57 0.0
1512 60 0.0
1605 64 0.0
1637 65 1.0
1653 66 0.0
1815 72 0.0
1854 74 0.0
1878 75 0.0
2039 81 0.0
2226 89 0.0
2288 91 0.0
2306 92 0.0
2392 95 0.0
2418 96 0.0
2611 104 0.0
2628 105 0.0
2658 106 1.0
2717 108 1.0
2779 111 1.0
2853 114 0.0
2952 118 0.0
2977 119 0.0
3130 125 0.0
3302 132 0.0
3343 133 0.0
3378 135 0.0
3427 137 1.0
3566 142 0.0
3608 144 0.0
3693 147 0.0
3711 148 0.0
3792 151 0.0
3808 152 0.0
3866 154 0.0
3912 156 0.0
3943 157 0.0
3958 158 0.0
4051 162 0.0
4142 165 0.0
4158 166 0.0
4177 167 0.0
4203 168 0.0
4250 170 1.0
4284 171 0.0
4309 172 0.0
4358 174 1.0
4455 178 0.0
4607 184 0.0
4665 186 0.0
4802 192 1.0
4895 195 0.0
4900 196 1.0
5085 203 0.0
5154 206 0.0
5182 207 0.0
5431 217 0.0
5615 224 1.0
5670 226 0.0
5736 229 0.0
5769 230 0.0
6057 242 0.0
6116 244 0.0
6128 245 0.0
6264 250 0.0
6283 251 0.0
6303 252 0.0
6340 253 0.0
6368 254 0.0
6431 257 0.0
6462 258 0.0
6481 259 0.0
6517 260 0.0
6580 263 1.0
6630 265 0.0
6652 266 0.0
6753 270 0.0
6808 272 0.0
6836 273 0.0
6853 274 0.0
6958 278 0.0
7044 281 0.0
7165 286 0.0
7244 289 0.0
7260 290 0.0
7287 291 0.0
7352 294 0.0
7416 296 0.0
7489 299 0.0
7588 303 0.0
7630 305 0.0
7727 309 0.0
7803 312 0.0
7859 314 0.0
7893 315 0.0
7991 319 0.0
8029 321 0.0
8083 323 0.0
8108 324 0.0
8194 327 0.0
8211 328 0.0
8292 331 0.0
8301 332 0.0
8453 338 0.0
8537 341 0.0
8552 342 0.0
8603 344 1.0
8625 345 1.0
8687 347 0.0
8754 350 0.0
8779 351 0.0
8813 352 0.0
8856 354 0.0
8954 358 0.0
9090 363 0.0
9103 364 1.0
9143 365 0.0
9302 372 0.0
9327 373 0.0
9401 376 0.0
9433 377 0.0
9582 383 1.0
9639 385 0.0
9708 388 0.0
9736 389 0.0
9795 391 0.0
9800 392 0.0
9828 393 0.0
9866 394 0.0
9927 397 0.0
9959 398 0.0
10090 403 0.0
10103 404 0.0
10189 407 0.0
10327 413 0.0
10369 414 0.0
10428 417 0.0
10482 419 0.0
10639 425 1.0
10678 427 0.0
10703 428 0.0
10760 430 0.0
10777 431 0.0
10827 433 0.0
10859 434 0.0
10940 437 1.0
10979 439 0.0
11039 441 0.0
11212 448 0.0
11252 450 0.0
11294 451 0.0
11327 453 1.0
11392 455 1.0
11404 456 0.0
11464 458 0.0
11515 460 0.0
11545 461 0.0
11579 463 0.0
11803 472 0.0
11843 473 0.0
11927 477 0.0
11951 478 0.0
12103 484 0.0
12127 485 0.0
12212 488 0.0
12241 489 0.0
12260 490 1.0
12331 493 0.0
12353 494 0.0
12516 500 0.0
12643 505 0.0
12659 506 1.0
12688 507 0.0
12738 509 0.0
12855 514 0.0
12894 515 0.0
12953 518 0.0
12978 519 0.0
13020 520 0.0
13033 521 0.0
13226 529 0.0
13293 531 0.0
13318 532 0.0
13365 534 0.0
13411 536 1.0
13467 538 0.0
13482 539 0.0
13592 543 0.0
13617 544 0.0
13706 548 0.0
13742 549 0.0
13830 553 0.0
13893 555 0.0
13991 559 0.0
14035 561 0.0
14059 562 0.0
14101 564 1.0
14210 568 1.0
14350 574 0.0
14392 575 0.0
14400 576 0.0
14443 577 0.0
14455 578 1.0
14616 584 0.0
14755 590 0.0
14778 591 0.0
14807 592 0.0
14860 594 0.0
14915 596 0.0
14927 597 0.0
14978 599 0.0
15015 600 1.0
15141 605 1.0
15175 607 1.0
15252 610 1.0
15277 611 1.0
15417 616 1.0
15510 620 1.0
15588 623 1.0
15603 624 1.0
15653 626 1.0
15752 630 1.0
15786 631 1.0
15943 637 1.0
16127 645 1.0
16293 651 1.0
16427 657 1.0
16510 660 1.0
16533 661 1.0
16564 662 1.0
16744 669 1.0
16803 672 1.0
16838 673 1.0
16884 675 1.0
16902 676 1.0
17006 680 1.0
17026 681 1.0
17093 683 1.0
17105 684 1.0
17258 690 1.0
17277 691 1.0
17553 702 1.0
17630 705 1.0
17652 706 1.0
17826 713 1.0
17984 719 1.0
18002 720 1.0
18080 723 1.0
18104 724 1.0
18209 728 1.0
18265 730 1.0
18278 731 1.0
18302 732 1.0
18358 734 1.0
18389 735 1.0
18493 739 1.0
18529 741 1.0
18552 742 1.0
18576 743 1.0
18628 745 1.0
18701 748 1.0
18776 751 1.0
18833 753 1.0
18853 754 1.0
18890 755 1.0
18905 756 1.0
18937 757 1.0
18983 759 1.0
19037 761 1.0
19122 764 1.0
19328 773 1.0
19355 774 1.0
19387 775 1.0
19454 778 1.0
19478 779 1.0
19503 780 1.0
19756 790 1.0
19838 793 1.0
19927 797 1.0
20094 803 1.0
20105 804 1.0
20128 805 1.0
20168 806 1.0
20177 807 1.0
20227 809 1.0
20392 815 0.0
20402 816 1.0
20470 818 1.0
20502 820 1.0
20541 821 1.0
20552 822 1.0
20630 825 1.0
20675 827 1.0
20759 830 1.0
20869 834 1.0
20877 835 1.0
20968 838 1.0
20994 839 1.0
21007 840 1.0
21057 842 1.0
21109 844 1.0
21126 845 1.0
21259 850 1.0
21467 858 1.0
21564 862 1.0
21586 863 1.0
21601 864 1.0
21778 871 1.0
21805 872 1.0
22002 880 1.0
22111 884 1.0
22166 886 1.0
22277 891 1.0
2884 115 0.0
 fin motif
# 4 target:0 c+:37 c-:135 score:11.780793569269843 score+:188.56635297531292 score-:271.0319079602018 nb:10 =l_0c_3 l_0c_4 l_0c_0 l_0c_15 l_0c_19 l_0c_12 l_0c_10 l_0c_6 l_0c_16 l_0c_1 
1792 71 0.0
1828 73 0.0
10530 421 0.0
67 2 0.0
259 10 0.0
867 34 0.0
1132 45 0.0
1734 69 0.0
1751 70 0.0
4215 168 0.0
4267 170 1.0
5064 202 0.0
5585 223 0.0
5632 225 0.0
6176 247 0.0
6932 277 0.0
7485 299 0.0
7654 306 0.0
8144 325 0.0
8185 327 0.0
8420 336 0.0
8958 358 0.0
9492 379 0.0
10053 402 0.0
10136 405 0.0
10956 438 0.0
11205 448 0.0
11885 475 0.0
12031 481 0.0
12231 489 0.0
12336 493 0.0
12511 500 0.0
13634 545 0.0
16318 652 1.0
16962 678 1.0
17137 685 1.0
17662 706 1.0
22034 881 1.0
22157 886 1.0
371 14 0.0
382 15 0.0
471 18 0.0
612 24 0.0
699 27 0.0
960 38 0.0
980 39 0.0
1201 48 0.0
1326 53 0.0
1410 56 0.0
1608 64 0.0
1682 67 0.0
1787 71 0.0
1903 76 0.0
1992 79 0.0
2084 83 1.0
2194 87 0.0
2458 98 0.0
2576 103 0.0
2693 107 0.0
2772 110 0.0
2970 118 0.0
3084 123 0.0
3183 127 0.0
3201 128 0.0
3398 135 0.0
3423 136 0.0
3772 150 0.0
3814 152 0.0
3982 159 0.0
4152 166 0.0
4185 167 0.0
4478 179 0.0
4593 183 0.0
4706 188 0.0
4741 189 0.0
4763 190 0.0
4810 192 1.0
4857 194 0.0
4978 199 0.0
5005 200 0.0
5058 202 0.0
5135 205 0.0
5258 210 0.0
5308 212 1.0
5463 218 0.0
5482 219 0.0
5693 227 0.0
5876 235 0.0
6239 249 0.0
6334 253 0.0
6616 264 0.0
6720 268 0.0
6760 270 0.0
6828 273 0.0
6917 276 0.0
7009 280 0.0
7140 285 0.0
7252 290 0.0
7303 292 0.0
7408 296 0.0
7441 297 0.0
7478 299 0.0
7634 305 0.0
7795 311 0.0
7873 314 0.0
7940 317 0.0
8358 334 1.0
8607 344 1.0
8664 346 0.0
8756 350 0.0
8939 357 0.0
9358 374 0.0
9573 382 0.0
9986 399 0.0
10084 403 0.0
10179 407 0.0
10210 408 1.0
10490 419 0.0
10528 421 0.0
10576 423 0.0
10620 424 0.0
10692 427 0.0
11107 444 1.0
11411 456 0.0
11587 463 0.0
11920 476 0.0
11990 479 0.0
12070 482 0.0
12378 495 0.0
12408 496 0.0
12428 497 0.0
12596 503 0.0
13007 520 0.0
13158 526 0.0
13178 527 0.0
13236 529 0.0
13311 532 0.0
13438 537 0.0
13488 539 0.0
13690 547 0.0
13732 549 0.0
13778 551 0.0
14109 564 1.0
14148 565 0.0
14501 580 0.0
14715 588 0.0
14811 592 0.0
15088 603 0.0
15114 604 1.0
15344 613 1.0
15515 620 1.0
15807 632 1.0
15909 636 1.0
15936 637 1.0
16109 644 1.0
16158 646 1.0
16192 647 1.0
16634 665 1.0
16659 666 1.0
17726 709 0.0
17812 712 0.0
18021 720 1.0
18138 725 1.0
18313 732 1.0
18823 752 1.0
18929 757 1.0
19217 768 1.0
19402 776 1.0
19628 785 1.0
20396 815 0.0
20680 827 1.0
21497 859 1.0
22082 883 1.0
4844 193 0.0
2873 114 0.0
12706 508 0.0
 fin motif
# 5 target:0 c+:303 c-:456 score:6.991004769711026 score+:2736.437292833546 score-:2781.1797233596967 nb:9 =l_0c_3 l_0c_2 l_0c_0 l_0c_15 l_0c_19 l_0c_12 l_0c_18 l_0c_1 l_0c_11 
1792 71 0.0
1828 73 0.0
10530 421 0.0
24 0 0.0
49 1 0.0
73 2 0.0
97 3 0.0
124 4 0.0
149 5 0.0
172 6 0.0
193 7 0.0
222 8 1.0
246 9 0.0
298 11 0.0
321 12 0.0
337 13 1.0
372 14 0.0
397 15 0.0
424 16 0.0
449 17 0.0
473 18 0.0
499 19 0.0
524 20 0.0
546 21 0.0
594 23 0.0
618 24 0.0
668 26 0.0
724 28 0.0
749 29 0.0
799 31 1.0
824 32 0.0
849 33 0.0
874 34 0.0
899 35 0.0
924 36 1.0
944 37 0.0
974 38 0.0
997 39 0.0
1024 40 0.0
1049 41 0.0
1074 42 0.0
1093 43 0.0
1124 44 0.0
1149 45 0.0
1170 46 0.0
1194 47 0.0
1221 48 0.0
1246 49 0.0
1267 50 0.0
1298 51 0.0
1324 52 0.0
1345 53 0.0
1372 54 0.0
1391 55 0.0
1421 56 0.0
1449 57 0.0
1474 58 1.0
1498 59 0.0
1521 60 0.0
1538 61 1.0
1568 62 0.0
1599 63 0.0
1649 65 1.0
1674 66 0.0
1720 68 0.0
1749 69 0.0
1772 70 0.0
1824 72 0.0
1874 74 0.0
1924 76 0.0
1947 77 0.0
1972 78 0.0
1998 79 0.0
2014 80 1.0
2045 81 0.0
2071 82 0.0
2096 83 1.0
2123 84 0.0
2148 85 0.0
2174 86 0.0
2198 87 0.0
2223 88 0.0
2248 89 0.0
2273 90 0.0
2296 91 0.0
2317 92 0.0
2348 93 0.0
2374 94 1.0
2398 95 0.0
2424 96 0.0
2448 97 1.0
2471 98 0.0
2499 99 0.0
2524 100 0.0
2538 101 1.0
2593 103 0.0
2620 104 0.0
2649 105 0.0
2696 107 0.0
2724 108 1.0
2749 109 0.0
2774 110 0.0
2793 111 1.0
2822 112 0.0
2874 114 0.0
2899 115 0.0
2921 116 0.0
2944 117 0.0
2974 118 0.0
2994 119 0.0
3024 120 0.0
3049 121 0.0
3074 122 1.0
3097 123 0.0
3124 124 0.0
3169 126 0.0
3199 127 0.0
3224 128 0.0
3249 129 0.0
3271 130 1.0
3297 131 0.0
3319 132 0.0
3349 133 0.0
3374 134 0.0
3437 137 1.0
3473 138 0.0
3499 139 1.0
3521 140 0.0
3549 141 0.0
3574 142 0.0
3587 143 1.0
3620 144 0.0
3645 145 1.0
3674 146 0.0
3699 147 0.0
3718 148 0.0
3746 149 0.0
3774 150 0.0
3798 151 0.0
3820 152 0.0
3845 153 0.0
3873 154 0.0
3895 155 0.0
3924 156 0.0
3948 157 0.0
3970 158 0.0
3999 159 0.0
4021 160 0.0
4037 161 1.0
4098 163 1.0
4124 164 0.0
4148 165 0.0
4170 166 0.0
4199 167 0.0
4220 168 0.0
4247 169 0.0
4271 170 1.0
4298 171 0.0
4322 172 0.0
4349 173 0.0
4394 175 0.0
4417 176 0.0
4448 177 0.0
4473 178 0.0
4492 179 0.0
4544 181 0.0
4574 182 0.0
4599 183 0.0
4622 184 0.0
4673 186 0.0
4696 187 0.0
4723 188 0.0
4746 189 0.0
4774 190 0.0
4798 191 0.0
4821 192 1.0
4847 193 0.0
4872 194 0.0
4920 196 1.0
4948 197 0.0
4973 198 0.0
4993 199 0.0
5016 200 0.0
5045 201 0.0
5073 202 0.0
5099 203 0.0
5146 205 0.0
5174 206 0.0
5196 207 0.0
5224 208 0.0
5245 209 0.0
5297 211 0.0
5317 212 1.0
5349 213 0.0
5373 214 0.0
5473 218 0.0
5498 219 0.0
5522 220 0.0
5548 221 0.0
5568 222 0.0
5598 223 0.0
5622 224 1.0
5647 225 0.0
5697 227 0.0
5724 228 0.0
5746 229 0.0
5770 230 0.0
5793 231 1.0
5824 232 0.0
5844 233 0.0
5874 234 0.0
5896 235 0.0
5949 237 0.0
5971 238 1.0
5999 239 1.0
6024 240 0.0
6048 241 0.0
6074 242 0.0
6099 243 0.0
6124 244 0.0
6143 245 0.0
6174 246 0.0
6197 247 0.0
6223 248 0.0
6248 249 0.0
6274 250 0.0
6299 251 0.0
6349 253 0.0
6374 254 0.0
6397 255 0.0
6424 256 0.0
6447 257 0.0
6469 258 0.0
6499 259 0.0
6542 261 0.0
6568 262 0.0
6620 264 0.0
6647 265 0.0
6672 266 0.0
6699 267 0.0
6723 268 0.0
6743 269 0.0
6794 271 0.0
6844 273 0.0
6871 274 0.0
6899 275 0.0
6946 277 0.0
6971 278 0.0
6998 279 0.0
7022 280 0.0
7048 281 0.0
7074 282 0.0
7099 283 0.0
7123 284 0.0
7149 285 0.0
7174 286 0.0
7197 287 0.0
7220 288 0.0
7273 290 0.0
7299 291 0.0
7323 292 0.0
7346 293 0.0
7371 294 0.0
7390 295 1.0
7424 296 0.0
7445 297 0.0
7470 298 0.0
7494 299 0.0
7519 300 0.0
7544 301 1.0
7570 302 0.0
7599 303 0.0
7624 304 0.0
7648 305 0.0
7672 306 0.0
7684 307 1.0
7723 308 0.0
7749 309 0.0
7770 310 0.0
7816 312 0.0
7847 313 1.0
7898 315 0.0
7922 316 0.0
7944 317 0.0
7971 318 0.0
7997 319 0.0
8022 320 0.0
8049 321 0.0
8066 322 0.0
8098 323 0.0
8124 324 0.0
8167 326 1.0
8199 327 0.0
8221 328 0.0
8236 329 1.0
8268 330 0.0
8298 331 0.0
8349 333 0.0
8371 334 1.0
8397 335 0.0
8438 337 0.0
8474 338 0.0
8495 339 0.0
8546 341 0.0
8566 342 0.0
8594 343 0.0
8624 344 1.0
8649 345 1.0
8674 346 0.0
8694 347 0.0
8717 348 1.0
8746 349 0.0
8770 350 0.0
8799 351 0.0
8821 352 0.0
8849 353 0.0
8871 354 0.0
8897 355 1.0
8923 356 0.0
8949 357 0.0
8999 359 0.0
9024 360 0.0
9044 361 0.0
9070 362 0.0
9097 363 0.0
9124 364 1.0
9149 365 0.0
9174 366 0.0
9195 367 0.0
9271 370 0.0
9293 371 1.0
9320 372 0.0
9349 373 0.0
9370 374 0.0
9424 376 0.0
9449 377 0.0
9474 378 0.0
9499 379 0.0
9549 381 0.0
9593 383 1.0
9623 384 0.0
9649 385 0.0
9695 387 0.0
9722 388 0.0
9846 393 0.0
9872 394 0.0
9894 395 0.0
9922 396 0.0
9949 397 0.0
9974 398 0.0
9996 399 0.0
10019 400 0.0
10043 401 0.0
10069 402 0.0
10099 403 0.0
10124 404 0.0
10141 405 0.0
10174 406 0.0
10194 407 0.0
10217 408 1.0
10271 410 0.0
10295 411 0.0
10322 412 0.0
10349 413 0.0
10396 415 0.0
10421 416 0.0
10473 418 0.0
10498 419 0.0
10574 422 0.0
10597 423 0.0
10649 425 1.0
10696 427 0.0
10716 428 0.0
10747 429 0.0
10768 430 0.0
10799 431 0.0
10817 432 0.0
10849 433 0.0
10873 434 0.0
10899 435 0.0
10913 436 1.0
10947 437 1.0
10971 438 0.0
10999 439 0.0
11019 440 0.0
11044 441 0.0
11071 442 0.0
11099 443 0.0
11124 444 1.0
11148 445 0.0
11169 446 0.0
11191 447 1.0
11220 448 0.0
11273 450 0.0
11349 453 1.0
11371 454 1.0
11398 455 1.0
11420 456 0.0
11471 458 0.0
11499 459 0.0
11524 460 0.0
11549 461 0.0
11557 462 1.0
11597 463 0.0
11649 465 1.0
11666 466 0.0
11695 467 0.0
11720 468 0.0
11742 469 1.0
11774 470 0.0
11798 471 0.0
11822 472 0.0
11871 474 0.0
11897 475 0.0
11924 476 0.0
11947 477 0.0
11970 478 0.0
11999 479 0.0
12024 480 0.0
12048 481 0.0
12074 482 0.0
12098 483 1.0
12124 484 0.0
12147 485 0.0
12174 486 0.0
12191 487 1.0
12222 488 0.0
12247 489 0.0
12267 490 1.0
12298 491 0.0
12324 492 0.0
12372 494 0.0
12398 495 0.0
12423 496 0.0
12472 498 0.0
12497 499 0.0
12521 500 0.0
12547 501 0.0
12574 502 0.0
12597 503 0.0
12621 504 0.0
12649 505 0.0
12674 506 1.0
12699 507 0.0
12720 508 0.0
12749 509 0.0
12768 510 0.0
12799 511 0.0
12822 512 0.0
12845 513 0.0
12871 514 0.0
12917 516 0.0
12946 517 0.0
12972 518 0.0
12998 519 0.0
13043 521 0.0
13071 522 0.0
13115 524 0.0
13169 526 0.0
13223 528 0.0
13249 529 0.0
13272 530 0.0
13299 531 0.0
13324 532 0.0
13336 533 1.0
13395 535 0.0
13421 536 1.0
13474 538 0.0
13497 539 0.0
13543 541 0.0
13574 542 0.0
13599 543 0.0
13621 544 0.0
13647 545 0.0
13724 548 0.0
13748 549 0.0
13768 550 1.0
13797 551 0.0
13818 552 1.0
13847 553 0.0
13873 554 0.0
13899 555 0.0
13922 556 0.0
13949 557 0.0
13973 558 0.0
13997 559 0.0
14015 560 0.0
14047 561 0.0
14099 563 0.0
14123 564 1.0
14174 566 1.0
14222 568 1.0
14249 569 0.0
14274 570 0.0
14298 571 0.0
14320 572 0.0
14374 574 0.0
14423 576 0.0
14449 577 0.0
14498 579 0.0
14546 581 0.0
14573 582 0.0
14592 583 0.0
14620 584 0.0
14649 585 0.0
14672 586 0.0
14699 587 0.0
14719 588 0.0
14748 589 0.0
14774 590 0.0
14799 591 0.0
14824 592 0.0
14848 593 0.0
14870 594 0.0
14891 595 0.0
14923 596 0.0
14969 598 0.0
14997 599 0.0
15023 600 1.0
15048 601 1.0
15074 602 1.0
15098 603 0.0
15117 604 1.0
15168 606 1.0
15195 607 1.0
15221 608 1.0
15247 609 1.0
15272 610 1.0
15296 611 1.0
15324 612 1.0
15374 614 1.0
15397 615 1.0
15424 616 1.0
15449 617 1.0
15474 618 0.0
15498 619 1.0
15524 620 1.0
15598 623 1.0
15622 624 1.0
15640 625 1.0
15674 626 1.0
15698 627 1.0
15747 629 1.0
15773 630 1.0
15798 631 1.0
15818 632 1.0
15873 634 1.0
15897 635 1.0
15921 636 1.0
15973 638 1.0
16022 640 1.0
16049 641 1.0
16074 642 1.0
16117 644 1.0
16148 645 1.0
16174 646 1.0
16199 647 1.0
16224 648 1.0
16243 649 1.0
16265 650 1.0
16299 651 1.0
16348 653 1.0
16368 654 1.0
16397 655 1.0
16424 656 1.0
16449 657 1.0
16471 658 1.0
16499 659 1.0
16519 660 1.0
16547 661 1.0
16573 662 1.0
16599 663 1.0
16624 664 1.0
16649 665 1.0
16673 666 1.0
16699 667 1.0
16721 668 1.0
16749 669 1.0
16770 670 1.0
16799 671 1.0
16822 672 1.0
16847 673 1.0
16865 674 1.0
16899 675 1.0
16924 676 1.0
16948 677 1.0
16974 678 1.0
16999 679 1.0
17024 680 1.0
17049 681 1.0
17066 682 1.0
17099 683 1.0
17121 684 1.0
17149 685 1.0
17174 686 1.0
17199 687 1.0
17224 688 1.0
17249 689 1.0
17271 690 1.0
17324 692 1.0
17373 694 1.0
17423 696 1.0
17449 697 1.0
17471 698 1.0
17494 699 1.0
17524 700 1.0
17549 701 1.0
17595 703 1.0
17624 704 1.0
17674 706 1.0
17697 707 1.0
17724 708 1.0
17749 709 0.0
17773 710 1.0
17824 712 0.0
17849 713 1.0
17874 714 1.0
17899 715 1.0
17949 717 1.0
17970 718 1.0
17998 719 1.0
18024 720 1.0
18049 721 1.0
18120 724 1.0
18174 726 1.0
18224 728 1.0
18249 729 1.0
18274 730 1.0
18298 731 1.0
18324 732 1.0
18373 734 1.0
18399 735 1.0
18424 736 1.0
18449 737 1.0
18474 738 1.0
18524 740 1.0
18549 741 1.0
18574 742 1.0
18599 743 1.0
18645 745 1.0
18674 746 1.0
18699 747 1.0
18749 749 1.0
18793 751 1.0
18824 752 1.0
18849 753 1.0
18924 756 1.0
18974 758 1.0
19023 760 1.0
19048 761 1.0
19074 762 1.0
19145 765 1.0
19169 766 1.0
19199 767 1.0
19221 768 1.0
19274 770 1.0
19297 771 1.0
19323 772 1.0
19346 773 1.0
19396 775 1.0
19424 776 1.0
19449 777 1.0
19471 778 1.0
19498 779 1.0
19549 781 1.0
19574 782 1.0
19621 784 1.0
19646 785 1.0
19673 786 1.0
19699 787 1.0
19724 788 1.0
19748 789 1.0
19794 791 1.0
19821 792 1.0
19848 793 1.0
19897 795 1.0
19947 797 1.0
19971 798 1.0
19999 799 1.0
20021 800 1.0
20046 801 1.0
20074 802 1.0
20149 805 1.0
20197 807 1.0
20224 808 1.0
20274 810 1.0
20297 811 1.0
20348 813 1.0
20422 816 1.0
20447 817 1.0
20495 819 1.0
20520 820 1.0
20546 821 1.0
20572 822 1.0
20597 823 1.0
20624 824 1.0
20649 825 1.0
20671 826 1.0
20699 827 1.0
20746 829 1.0
20774 830 1.0
20824 832 1.0
20849 833 1.0
20874 834 1.0
20899 835 1.0
20924 836 1.0
20949 837 1.0
20974 838 1.0
21073 842 1.0
21099 843 1.0
21118 844 1.0
21149 845 1.0
21224 848 1.0
21246 849 1.0
21274 850 1.0
21324 852 1.0
21349 853 1.0
21373 854 1.0
21399 855 1.0
21424 856 1.0
21448 857 1.0
21474 858 1.0
21498 859 1.0
21523 860 1.0
21549 861 1.0
21574 862 1.0
21599 863 1.0
21622 864 1.0
21647 865 1.0
21671 866 1.0
21697 867 1.0
21722 868 1.0
21749 869 1.0
21822 872 1.0
21849 873 1.0
21872 874 1.0
21896 875 1.0
21924 876 1.0
21947 877 1.0
21973 878 0.0
21998 879 1.0
22022 880 1.0
22049 881 1.0
22071 882 1.0
22097 883 1.0
22149 885 1.0
22173 886 1.0
22199 887 1.0
22220 888 1.0
22248 889 1.0
22297 891 1.0
22324 892 1.0
22346 893 1.0
22371 894 1.0
22398 895 1.0
22424 896 1.0
22449 897 1.0
22473 898 1.0
22491 899 1.0
10529 421 0.0
 fin motif
