# 0 target:1 c+:1510 c-:568 score:1848.7986814400292 score+:5015.698102873726 score-:2057.6202125696796 nb:1 =l_2c_4 
36 1 1.0
191 7 1.0
242 9 1.0
256 10 1.0
322 12 0.0
342 13 0.0
421 16 1.0
472 18 0.0
484 19 1.0
508 20 1.0
547 21 1.0
587 23 0.0
606 24 1.0
768 30 0.0
870 34 1.0
1188 47 1.0
1646 65 0.0
1664 66 0.0
1789 71 1.0
1897 75 1.0
1946 77 1.0
1996 79 1.0
2384 95 0.0
2435 97 1.0
2542 101 1.0
2590 103 1.0
2860 114 0.0
2993 119 1.0
3146 125 1.0
3164 126 1.0
3549 141 1.0
3724 148 0.0
3774 150 1.0
3844 153 1.0
3920 156 0.0
3999 159 1.0
4111 164 1.0
4446 177 0.0
4544 181 1.0
4568 182 0.0
4610 184 1.0
4684 187 1.0
4818 192 0.0
4845 193 1.0
4893 195 0.0
4945 197 0.0
4959 198 1.0
5083 203 1.0
5124 204 1.0
5140 205 1.0
5194 207 1.0
5414 216 0.0
5623 224 1.0
5772 230 1.0
5796 231 0.0
5808 232 1.0
6214 248 1.0
6469 258 0.0
6496 259 1.0
6590 263 0.0
6808 272 1.0
6968 278 1.0
7047 281 1.0
7291 291 1.0
7443 297 1.0
7749 309 1.0
7797 311 0.0
7871 314 1.0
8070 322 1.0
8116 324 0.0
8520 340 1.0
8547 341 1.0
8556 342 1.0
8685 347 1.0
8721 348 1.0
8946 357 0.0
9020 360 1.0
9119 364 1.0
9381 375 1.0
9572 382 1.0
9691 387 1.0
9774 390 1.0
9797 391 1.0
9818 392 0.0
10774 430 1.0
10796 431 0.0
10842 433 0.0
10858 434 1.0
10922 436 1.0
10969 438 0.0
11046 441 0.0
11119 444 0.0
11223 448 1.0
11236 449 1.0
11324 452 1.0
11359 454 1.0
11473 458 1.0
11620 464 1.0
11639 465 1.0
11769 470 1.0
11912 476 0.0
12243 489 1.0
12256 490 1.0
12337 493 1.0
12508 500 1.0
12545 501 1.0
12623 504 1.0
12742 509 1.0
12849 513 1.0
12893 515 1.0
12907 516 1.0
12934 517 1.0
13149 525 1.0
13283 531 0.0
13347 533 0.0
13371 534 1.0
13447 537 1.0
13511 540 1.0
13659 546 1.0
13762 550 0.0
13973 558 1.0
14012 560 1.0
14044 561 1.0
14073 562 1.0
14223 568 0.0
14345 573 1.0
14420 576 1.0
14736 589 1.0
14961 598 0.0
15006 600 1.0
15285 611 0.0
15399 615 1.0
15411 616 1.0
15545 621 1.0
16023 640 1.0
16116 644 1.0
16189 647 1.0
16298 651 1.0
16356 654 1.0
16556 662 1.0
16721 668 0.0
16814 672 0.0
16945 677 1.0
17094 683 1.0
17236 689 1.0
17431 697 1.0
17519 700 1.0
17693 707 1.0
17722 708 1.0
17919 716 1.0
18040 721 1.0
18060 722 1.0
18168 726 0.0
18199 727 1.0
18247 729 1.0
18435 737 0.0
18595 743 1.0
18660 746 1.0
19098 763 1.0
19195 767 1.0
19321 772 1.0
19422 776 1.0
19592 783 1.0
19617 784 1.0
19684 787 1.0
19742 789 1.0
19779 791 1.0
20017 800 1.0
20089 803 1.0
20340 813 0.0
20360 814 1.0
20440 817 0.0
20481 819 1.0
20533 821 1.0
20846 833 0.0
21072 842 0.0
21344 853 1.0
21463 858 0.0
21671 866 1.0
21766 870 0.0
21871 874 1.0
22073 882 1.0
22196 887 1.0
22248 889 1.0
22268 890 1.0
22366 894 0.0
22462 898 1.0
22611 904 1.0
22817 912 0.0
22892 915 0.0
22944 917 1.0
22991 919 0.0
23065 922 0.0
23222 928 1.0
23262 930 0.0
23296 931 1.0
23323 932 1.0
23346 933 1.0
23398 935 1.0
23969 958 0.0
24021 960 0.0
24331 973 1.0
24371 974 1.0
24640 985 1.0
24657 986 1.0
24890 995 1.0
25070 1002 1.0
25147 1005 1.0
25310 1012 1.0
25342 1013 0.0
25373 1014 0.0
25496 1019 1.0
25562 1022 1.0
25672 1026 1.0
25821 1032 1.0
25912 1036 1.0
25971 1038 1.0
26046 1041 1.0
26124 1044 1.0
26394 1055 1.0
26461 1058 1.0
26517 1060 1.0
26698 1067 1.0
26794 1071 1.0
27119 1084 0.0
27190 1087 1.0
27407 1096 0.0
27596 1103 1.0
27789 1111 1.0
27897 1115 1.0
28072 1122 1.0
28092 1123 1.0
28362 1134 1.0
28720 1148 0.0
28798 1151 0.0
28999 1159 1.0
29010 1160 0.0
29033 1161 1.0
29123 1164 1.0
29148 1165 1.0
29171 1166 1.0
29197 1167 1.0
29321 1172 1.0
29440 1177 0.0
29590 1183 0.0
29721 1188 0.0
29971 1198 1.0
30143 1205 0.0
30267 1210 1.0
30707 1228 1.0
30823 1232 1.0
30898 1235 1.0
30948 1237 1.0
31123 1244 1.0
31287 1251 1.0
31497 1259 1.0
31513 1260 1.0
31612 1264 0.0
31810 1272 1.0
31842 1273 0.0
31889 1275 0.0
31972 1278 1.0
31999 1279 1.0
32072 1282 1.0
32417 1296 0.0
32496 1299 1.0
32588 1303 1.0
32723 1308 1.0
32770 1310 1.0
32798 1311 1.0
32831 1313 0.0
32923 1316 1.0
33018 1320 1.0
33195 1327 1.0
33239 1329 1.0
33344 1333 1.0
33398 1335 1.0
33544 1341 0.0
33599 1343 1.0
33640 1345 1.0
33722 1348 1.0
33742 1349 0.0
33783 1351 1.0
33896 1355 1.0
33971 1358 1.0
34097 1363 0.0
34295 1371 1.0
34573 1382 1.0
34614 1384 1.0
34656 1386 1.0
34723 1388 1.0
34809 1392 1.0
34944 1397 1.0
35021 1400 1.0
35174 1406 1.0
35231 1409 1.0
35257 1410 1.0
35470 1418 0.0
35699 1427 1.0
35706 1428 1.0
35772 1430 0.0
35793 1431 1.0
36044 1441 1.0
36066 1442 1.0
36316 1452 0.0
36449 1457 0.0
36510 1460 1.0
36768 1470 1.0
37008 1480 1.0
37122 1484 0.0
37567 1502 1.0
37657 1506 1.0
38067 1522 0.0
38146 1525 1.0
38172 1526 1.0
38210 1528 1.0
38674 1546 0.0
38706 1548 1.0
38747 1549 1.0
38811 1552 1.0
38897 1555 1.0
38917 1556 0.0
39165 1566 1.0
39239 1569 0.0
39334 1573 1.0
39365 1574 1.0
39441 1577 0.0
39473 1578 1.0
39574 1582 1.0
39619 1584 1.0
39821 1592 0.0
39844 1593 0.0
39884 1595 0.0
39920 1596 1.0
39996 1599 1.0
40112 1604 1.0
40161 1606 1.0
40209 1608 1.0
40256 1610 0.0
40281 1611 1.0
40357 1614 0.0
40420 1616 1.0
40518 1620 1.0
40547 1621 1.0
40669 1626 1.0
40699 1627 1.0
40716 1628 1.0
40746 1629 1.0
40973 1638 0.0
41122 1644 0.0
41215 1648 0.0
41296 1651 0.0
41342 1653 1.0
41368 1654 1.0
41822 1672 0.0
41847 1673 0.0
41998 1679 1.0
42120 1684 0.0
42485 1699 1.0
42521 1700 1.0
42544 1701 1.0
42674 1706 1.0
42686 1707 1.0
42797 1711 1.0
42822 1712 1.0
43139 1725 0.0
43157 1726 1.0
43320 1732 1.0
43342 1733 1.0
43440 1737 1.0
43510 1740 1.0
43608 1744 1.0
43633 1745 1.0
43695 1747 1.0
43742 1749 0.0
43771 1750 1.0
43910 1756 0.0
43940 1757 1.0
43971 1758 1.0
43988 1759 1.0
44045 1761 1.0
44222 1768 0.0
44294 1771 1.0
44373 1774 1.0
44444 1777 1.0
44499 1779 1.0
44612 1784 0.0
44694 1787 1.0
44742 1789 1.0
44767 1790 0.0
44797 1791 1.0
44970 1798 1.0
44995 1799 1.0
45046 1801 1.0
45098 1803 1.0
45298 1811 0.0
45347 1813 0.0
45354 1814 0.0
45448 1817 1.0
45499 1819 1.0
45520 1820 1.0
45637 1825 1.0
45717 1828 1.0
45860 1834 1.0
46321 1852 1.0
46413 1856 1.0
46443 1857 1.0
46458 1858 1.0
46495 1859 1.0
46541 1861 1.0
46873 1874 0.0
46898 1875 1.0
46967 1878 0.0
47072 1882 1.0
47174 1886 1.0
47194 1887 1.0
47574 1902 1.0
47614 1904 0.0
47845 1913 1.0
47920 1916 1.0
47937 1917 1.0
48071 1922 1.0
48087 1923 0.0
48265 1930 1.0
48474 1938 1.0
48613 1944 0.0
48947 1957 0.0
48987 1959 1.0
49023 1960 1.0
49087 1963 1.0
49122 1964 0.0
49219 1968 0.0
49446 1977 1.0
49548 1981 1.0
49671 1986 1.0
49745 1989 1.0
49759 1990 1.0
49793 1991 1.0
49873 1994 1.0
50245 2009 1.0
50287 2011 0.0
50360 2014 1.0
50583 2023 1.0
50722 2028 0.0
50807 2032 1.0
50973 2038 1.0
51049 2041 1.0
51344 2053 1.0
51370 2054 0.0
51396 2055 0.0
51474 2058 1.0
51492 2059 1.0
51520 2060 1.0
51606 2064 1.0
51631 2065 1.0
51698 2067 1.0
51719 2068 1.0
51839 2073 1.0
51999 2079 1.0
52094 2083 1.0
52189 2087 1.0
52209 2088 1.0
52240 2089 1.0
52298 2091 1.0
52631 2105 1.0
52906 2116 1.0
53182 2127 1.0
53283 2131 1.0
53496 2139 1.0
53574 2142 1.0
53622 2144 0.0
53646 2145 1.0
53845 2153 0.0
53972 2158 1.0
54021 2160 1.0
54045 2161 1.0
54459 2178 1.0
54574 2182 1.0
54624 2184 1.0
54648 2185 0.0
54707 2188 0.0
54946 2197 1.0
54998 2199 1.0
55149 2205 1.0
55184 2207 1.0
55249 2209 1.0
55267 2210 1.0
55332 2213 1.0
55513 2220 0.0
55621 2224 1.0
55673 2226 0.0
55699 2227 1.0
55736 2229 1.0
55770 2230 0.0
55820 2232 1.0
55870 2234 1.0
55943 2237 1.0
55985 2239 1.0
56020 2240 1.0
56113 2244 0.0
56267 2250 1.0
56446 2257 1.0
56535 2261 1.0
56710 2268 1.0
56862 2274 1.0
56933 2277 1.0
56971 2278 1.0
57070 2282 1.0
57131 2285 1.0
57556 2302 1.0
57598 2303 1.0
57617 2304 1.0
57948 2317 0.0
58045 2321 1.0
58112 2324 1.0
58371 2334 1.0
58544 2341 1.0
58558 2342 1.0
58671 2346 0.0
58747 2349 1.0
58844 2353 1.0
58863 2354 1.0
58917 2356 1.0
58990 2359 0.0
59090 2363 0.0
59143 2365 1.0
59344 2373 1.0
59373 2374 1.0
59613 2384 1.0
59656 2386 1.0
59771 2390 1.0
59845 2393 1.0
60047 2401 0.0
60144 2405 1.0
60245 2409 1.0
60271 2410 0.0
60320 2412 0.0
60399 2415 1.0
60563 2422 1.0
60659 2426 1.0
60721 2428 1.0
60899 2435 1.0
60922 2436 1.0
60964 2438 1.0
61016 2440 0.0
61088 2443 1.0
61106 2444 1.0
61191 2447 1.0
61420 2456 1.0
61556 2462 1.0
61624 2464 1.0
61635 2465 1.0
61656 2466 1.0
61697 2467 1.0
61715 2468 0.0
61807 2472 0.0
61890 2475 0.0
61998 2479 1.0
62091 2483 0.0
62219 2488 1.0
62589 2503 0.0
62619 2504 1.0
63056 2522 1.0
63156 2526 1.0
63214 2528 1.0
63343 2533 1.0
63799 2551 1.0
63823 2552 1.0
63841 2553 0.0
63935 2557 1.0
63967 2558 1.0
64039 2561 0.0
64247 2569 0.0
64271 2570 0.0
64341 2573 0.0
64488 2579 0.0
64545 2581 1.0
64697 2587 1.0
64736 2589 1.0
64767 2590 1.0
65068 2602 0.0
65099 2603 0.0
65217 2608 1.0
65341 2613 0.0
65372 2614 1.0
65567 2622 0.0
65622 2624 1.0
65644 2625 0.0
65770 2630 1.0
65790 2631 1.0
65871 2634 1.0
65934 2637 1.0
66217 2648 1.0
66246 2649 0.0
66422 2656 1.0
66771 2670 1.0
66795 2671 1.0
66941 2677 0.0
67324 2692 1.0
67365 2694 0.0
67396 2695 0.0
67423 2696 1.0
67439 2697 1.0
67740 2709 1.0
67898 2715 1.0
67948 2717 1.0
67971 2718 0.0
68010 2720 0.0
68043 2721 1.0
68196 2727 1.0
68221 2728 1.0
68286 2731 0.0
68820 2752 1.0
68947 2757 0.0
68998 2759 1.0
69031 2761 1.0
69071 2762 1.0
69118 2764 0.0
69173 2766 0.0
69198 2767 1.0
69259 2770 1.0
69315 2772 1.0
69336 2773 1.0
69411 2776 0.0
69537 2781 1.0
69822 2792 1.0
69908 2796 1.0
69944 2797 1.0
70184 2807 1.0
70423 2816 1.0
70645 2825 0.0
70819 2832 1.0
71122 2844 1.0
71166 2846 1.0
71337 2853 1.0
71549 2861 1.0
71646 2865 1.0
71668 2866 1.0
71799 2871 1.0
71869 2874 0.0
71917 2876 0.0
72323 2892 1.0
72542 2901 0.0
72620 2904 1.0
72659 2906 1.0
72734 2909 1.0
72759 2910 1.0
72847 2913 0.0
73049 2921 1.0
73261 2930 0.0
73280 2931 1.0
73312 2932 0.0
73345 2933 1.0
73488 2939 1.0
73508 2940 1.0
73641 2945 1.0
73792 2951 0.0
73965 2958 1.0
74067 2962 1.0
74195 2967 0.0
74241 2969 1.0
74281 2971 1.0
74420 2976 0.0
74558 2982 0.0
74593 2983 1.0
74735 2989 1.0
74768 2990 1.0
74946 2997 1.0
75159 3006 0.0
75194 3007 1.0
75536 3021 0.0
75617 3024 1.0
75661 3026 0.0
75773 3030 1.0
75861 3034 1.0
75931 3037 0.0
75959 3038 1.0
76046 3041 1.0
76066 3042 1.0
76470 3058 0.0
76496 3059 1.0
76646 3065 1.0
76741 3069 1.0
76822 3072 0.0
76896 3075 1.0
77136 3085 0.0
77394 3095 1.0
77468 3098 0.0
77569 3102 0.0
77740 3109 0.0
77793 3111 0.0
77948 3117 1.0
77998 3119 1.0
78038 3121 0.0
78235 3129 0.0
78398 3135 0.0
78592 3143 1.0
78609 3144 1.0
78881 3155 1.0
78997 3159 1.0
79122 3164 1.0
79236 3169 1.0
79348 3173 1.0
79395 3175 0.0
79418 3176 1.0
79634 3185 1.0
79697 3187 1.0
79756 3190 1.0
79848 3193 1.0
79918 3196 0.0
79942 3197 1.0
79999 3199 1.0
80117 3204 0.0
80133 3205 1.0
80181 3207 1.0
80439 3217 1.0
80533 3221 1.0
80672 3226 1.0
81072 3242 0.0
81288 3251 1.0
81318 3252 1.0
81493 3259 1.0
81533 3261 1.0
81873 3274 1.0
81893 3275 1.0
81910 3276 0.0
81949 3277 1.0
82040 3281 1.0
82092 3283 1.0
82183 3287 1.0
82462 3298 1.0
82499 3299 1.0
82506 3300 1.0
82746 3309 1.0
82790 3311 0.0
82859 3314 1.0
82937 3317 0.0
83070 3322 1.0
83236 3329 1.0
83359 3334 1.0
83417 3336 0.0
83824 3352 1.0
83841 3353 1.0
83971 3358 1.0
83992 3359 1.0
84018 3360 1.0
84116 3364 1.0
84143 3365 0.0
84389 3375 0.0
84517 3380 1.0
84889 3395 1.0
84906 3396 1.0
84932 3397 1.0
84994 3399 1.0
85117 3404 0.0
85173 3406 1.0
85295 3411 0.0
85359 3414 1.0
85496 3419 0.0
85518 3420 1.0
85545 3421 1.0
85594 3423 1.0
85610 3424 0.0
85646 3425 0.0
85698 3427 1.0
85810 3432 1.0
85999 3439 1.0
86043 3441 0.0
86630 3465 0.0
86674 3466 1.0
86839 3473 1.0
86972 3478 1.0
87169 3486 1.0
87244 3489 1.0
87283 3491 1.0
87490 3499 0.0
87645 3505 1.0
87684 3507 1.0
87945 3517 1.0
88024 3520 1.0
88416 3536 1.0
88474 3538 1.0
88494 3539 1.0
88667 3546 1.0
88847 3553 0.0
88871 3554 1.0
88920 3556 1.0
89223 3568 1.0
89274 3570 1.0
89342 3573 0.0
89495 3579 0.0
89914 3596 1.0
90224 3608 1.0
90511 3620 1.0
90572 3622 1.0
90745 3629 1.0
90812 3632 0.0
90834 3633 1.0
90872 3634 1.0
90958 3638 0.0
91040 3641 1.0
91057 3642 1.0
91093 3643 1.0
91147 3645 0.0
91196 3647 1.0
91313 3652 1.0
91422 3656 1.0
91518 3660 1.0
91588 3663 1.0
91891 3675 1.0
92063 3682 1.0
92269 3690 1.0
92294 3691 0.0
92633 3705 1.0
92738 3709 1.0
92838 3713 1.0
92873 3714 0.0
92907 3716 1.0
93016 3720 0.0
93196 3727 1.0
93222 3728 1.0
93269 3730 1.0
93298 3731 1.0
93547 3741 1.0
93587 3743 1.0
93622 3744 0.0
93734 3749 1.0
93897 3755 0.0
93932 3757 1.0
94043 3761 0.0
94091 3763 1.0
94221 3768 1.0
94493 3779 1.0
94640 3785 0.0
94699 3787 1.0
94788 3791 1.0
94847 3793 1.0
94924 3796 1.0
95022 3800 0.0
95206 3808 0.0
95421 3816 0.0
95545 3821 1.0
95865 3834 1.0
96107 3844 0.0
96418 3856 1.0
96559 3862 1.0
96591 3863 1.0
96671 3866 1.0
96744 3869 1.0
96941 3877 0.0
97024 3880 1.0
97080 3883 0.0
97103 3884 1.0
97194 3887 1.0
97371 3894 1.0
97469 3898 1.0
97513 3900 0.0
97584 3903 1.0
97723 3908 1.0
98019 3920 1.0
98069 3922 1.0
98083 3923 1.0
98120 3924 0.0
98198 3927 1.0
98415 3936 0.0
98473 3938 1.0
98543 3941 0.0
98674 3946 1.0
98687 3947 1.0
98842 3953 1.0
99022 3960 0.0
99173 3966 1.0
99246 3969 1.0
99374 3974 1.0
99596 3983 0.0
99649 3985 1.0
99746 3989 0.0
99782 3991 1.0
99923 3996 1.0
99949 3997 1.0
100170 4006 1.0
100422 4016 0.0
100923 4036 1.0
100948 4037 1.0
101021 4040 0.0
101099 4043 1.0
101121 4044 1.0
101146 4045 1.0
101165 4046 1.0
101341 4053 1.0
101359 4054 1.0
101649 4065 1.0
101794 4071 1.0
101842 4073 0.0
101855 4074 1.0
102043 4081 1.0
102074 4082 1.0
102248 4089 0.0
102282 4091 1.0
102618 4104 1.0
102823 4112 1.0
102895 4115 0.0
102987 4119 0.0
103291 4131 0.0
103439 4137 1.0
103517 4140 1.0
103746 4149 1.0
103808 4152 1.0
104031 4161 1.0
104457 4178 1.0
104512 4180 1.0
104608 4184 1.0
104641 4185 0.0
104847 4193 1.0
104910 4196 1.0
105085 4203 1.0
105132 4205 1.0
105173 4206 0.0
105289 4211 1.0
105567 4222 1.0
105719 4228 1.0
105824 4232 1.0
106059 4242 1.0
106344 4253 0.0
106484 4259 0.0
106920 4276 1.0
106940 4277 1.0
106971 4278 1.0
106994 4279 1.0
107049 4281 1.0
107121 4284 0.0
107193 4287 1.0
107223 4288 1.0
107246 4289 0.0
107406 4296 1.0
107431 4297 0.0
107597 4303 1.0
107795 4311 1.0
107820 4312 1.0
107846 4313 1.0
108021 4320 1.0
108038 4321 0.0
108208 4328 1.0
108490 4339 1.0
108581 4343 1.0
108762 4350 1.0
108922 4356 1.0
109049 4361 1.0
109199 4367 1.0
109256 4370 1.0
109420 4376 1.0
109490 4379 1.0
109534 4381 1.0
109616 4384 0.0
109631 4385 0.0
109908 4396 0.0
110022 4400 1.0
110043 4401 0.0
110156 4406 1.0
110374 4414 1.0
110669 4426 1.0
110706 4428 1.0
111207 4448 1.0
111273 4450 1.0
111381 4455 0.0
111648 4465 0.0
111673 4466 0.0
111736 4469 1.0
111895 4475 1.0
112094 4483 1.0
112198 4487 1.0
112493 4499 0.0
112816 4512 0.0
112986 4519 1.0
113447 4537 1.0
113847 4553 1.0
113896 4555 1.0
114395 4575 1.0
114422 4576 0.0
114581 4583 1.0
114831 4593 1.0
114864 4594 1.0
114914 4596 0.0
115069 4602 1.0
115134 4605 1.0
115294 4611 1.0
115473 4618 1.0
115772 4630 1.0
115823 4632 1.0
116016 4640 1.0
116149 4645 1.0
116190 4647 1.0
116471 4658 0.0
116546 4661 0.0
116624 4664 1.0
116694 4667 1.0
116758 4670 1.0
117015 4680 0.0
117073 4682 0.0
117123 4684 1.0
117191 4687 0.0
117298 4691 1.0
117365 4694 1.0
117387 4695 0.0
117412 4696 0.0
117467 4698 1.0
117494 4699 1.0
117599 4703 1.0
117696 4707 1.0
117790 4711 1.0
118141 4725 0.0
118191 4727 1.0
118236 4729 1.0
118441 4737 0.0
118518 4740 1.0
118572 4742 1.0
118592 4743 1.0
118683 4747 1.0
118769 4750 1.0
118911 4756 1.0
118995 4759 1.0
119018 4760 1.0
119096 4763 0.0
119238 4769 1.0
119422 4776 1.0
119431 4777 0.0
119671 4786 1.0
119822 4792 1.0
119896 4795 0.0
119949 4797 1.0
120342 4813 1.0
120533 4821 1.0
120586 4823 1.0
120671 4826 0.0
120682 4827 0.0
120783 4831 1.0
120820 4832 1.0
121140 4845 0.0
121243 4849 1.0
121265 4850 1.0
121289 4851 1.0
121372 4854 1.0
121547 4861 1.0
121572 4862 1.0
121593 4863 0.0
121622 4864 1.0
121916 4876 1.0
121939 4877 0.0
122022 4880 1.0
122123 4884 1.0
122232 4889 0.0
122273 4890 1.0
122393 4895 1.0
122623 4904 1.0
123096 4923 0.0
123718 4948 1.0
123820 4952 1.0
123837 4953 1.0
123871 4954 0.0
124072 4962 0.0
124121 4964 1.0
124173 4966 1.0
124195 4967 0.0
124247 4969 0.0
124396 4975 1.0
124519 4980 1.0
124641 4985 0.0
124666 4986 0.0
124839 4993 1.0
124867 4994 0.0
125299 5011 1.0
125357 5014 1.0
125395 5015 0.0
125567 5022 0.0
125606 5024 1.0
125664 5026 1.0
125695 5027 1.0
125718 5028 1.0
125922 5036 1.0
126112 5044 1.0
126185 5047 1.0
126323 5052 1.0
126381 5055 1.0
126447 5057 1.0
126522 5060 0.0
126593 5063 1.0
126647 5065 1.0
126746 5069 1.0
127244 5089 1.0
127289 5091 1.0
127369 5094 1.0
127483 5099 0.0
127619 5104 0.0
127871 5114 1.0
128032 5121 0.0
128071 5122 1.0
128160 5126 0.0
128396 5135 1.0
128472 5138 1.0
128570 5142 1.0
128619 5144 1.0
128742 5149 0.0
128821 5152 1.0
128869 5154 1.0
128946 5157 1.0
129035 5161 1.0
129087 5163 1.0
129245 5169 1.0
129347 5173 0.0
129384 5175 1.0
129424 5176 1.0
129671 5186 1.0
129798 5191 1.0
129819 5192 1.0
130169 5206 0.0
130266 5210 0.0
130393 5215 1.0
130419 5216 1.0
130518 5220 1.0
130690 5227 1.0
130723 5228 1.0
130746 5229 1.0
130774 5230 1.0
130823 5232 1.0
131166 5246 0.0
131188 5247 1.0
131273 5250 1.0
131293 5251 1.0
131319 5252 1.0
131443 5257 1.0
131638 5265 1.0
131842 5273 1.0
132119 5284 0.0
132265 5290 0.0
132332 5293 1.0
132594 5303 1.0
132621 5304 1.0
132669 5306 1.0
132717 5308 0.0
132892 5315 1.0
132922 5316 0.0
132994 5319 0.0
133009 5320 1.0
133113 5324 1.0
133163 5326 1.0
133284 5331 0.0
133422 5336 1.0
133613 5344 1.0
133648 5345 0.0
133695 5347 0.0
133720 5348 0.0
133967 5358 1.0
134409 5376 1.0
134520 5380 1.0
134694 5387 1.0
134756 5390 1.0
134795 5391 1.0
134855 5394 1.0
134942 5397 0.0
135020 5400 1.0
135099 5403 1.0
135148 5405 1.0
135159 5406 0.0
135374 5414 1.0
135459 5418 1.0
135482 5419 1.0
135641 5425 1.0
135840 5433 1.0
135987 5439 1.0
136174 5446 1.0
136196 5447 1.0
136215 5448 0.0
136541 5461 0.0
136557 5462 1.0
136612 5464 1.0
136648 5465 1.0
136694 5467 0.0
136766 5470 1.0
136810 5472 1.0
136836 5473 1.0
136956 5478 1.0
137192 5487 1.0
137321 5492 1.0
137365 5494 1.0
137436 5497 1.0
137664 5506 1.0
137696 5507 1.0
137716 5508 1.0
137741 5509 0.0
137923 5516 1.0
138042 5521 0.0
138082 5523 1.0
138146 5525 1.0
138238 5529 1.0
138268 5530 1.0
138647 5545 1.0
138673 5546 1.0
138810 5552 0.0
139024 5560 1.0
139095 5563 0.0
139242 5569 1.0
139292 5571 1.0
139412 5576 0.0
139557 5582 1.0
139611 5584 1.0
139718 5588 1.0
139791 5591 1.0
139819 5592 1.0
139846 5593 1.0
140007 5600 1.0
140198 5607 1.0
140370 5614 1.0
140443 5617 0.0
140572 5622 0.0
140587 5623 1.0
141024 5640 1.0
141316 5652 0.0
141369 5654 1.0
141419 5656 0.0
141820 5672 0.0
141964 5678 1.0
141997 5679 1.0
142066 5682 0.0
142082 5683 0.0
142106 5684 1.0
142247 5689 1.0
142269 5690 1.0
142289 5691 1.0
142340 5693 1.0
142399 5695 0.0
142417 5696 1.0
142573 5702 1.0
142648 5705 1.0
142744 5709 0.0
143057 5722 1.0
143106 5724 1.0
143270 5730 1.0
143373 5734 1.0
143383 5735 1.0
143513 5740 1.0
143569 5742 0.0
143585 5743 0.0
143723 5748 1.0
143842 5753 1.0
144045 5761 1.0
144070 5762 0.0
144095 5763 1.0
144121 5764 1.0
144144 5765 1.0
144174 5766 1.0
144270 5770 1.0
144283 5771 1.0
144369 5774 1.0
144437 5777 0.0
144494 5779 1.0
144567 5782 1.0
144972 5798 1.0
144994 5799 1.0
145046 5801 1.0
145072 5802 1.0
145148 5805 1.0
145371 5814 0.0
145397 5815 1.0
145573 5822 1.0
145669 5826 1.0
145842 5833 0.0
146041 5841 0.0
146133 5845 1.0
146219 5848 0.0
146271 5850 1.0
146349 5853 1.0
146392 5855 1.0
146445 5857 1.0
146468 5858 1.0
146519 5860 0.0
146813 5872 0.0
146833 5873 1.0
147015 5880 0.0
147097 5883 1.0
147339 5893 0.0
147613 5904 0.0
147692 5907 1.0
147722 5908 1.0
147962 5918 1.0
148141 5925 1.0
148582 5943 1.0
148871 5954 1.0
148881 5955 1.0
148940 5957 0.0
148964 5958 1.0
149015 5960 0.0
149066 5962 1.0
149344 5973 1.0
149423 5976 1.0
149433 5977 1.0
149470 5978 1.0
149672 5986 1.0
149683 5987 1.0
149746 5989 1.0
150072 6002 1.0
150364 6014 1.0
150444 6017 1.0
150482 6019 1.0
150542 6021 1.0
150649 6025 1.0
150747 6029 1.0
150858 6034 1.0
151247 6049 0.0
151342 6053 0.0
151394 6055 1.0
151497 6059 0.0
151746 6069 1.0
151815 6072 0.0
151868 6074 0.0
151917 6076 1.0
151984 6079 1.0
152183 6087 1.0
152295 6091 1.0
152372 6094 1.0
152408 6096 0.0
152682 6107 1.0
152896 6115 1.0
153294 6131 1.0
153419 6136 1.0
153445 6137 1.0
153623 6144 1.0
153745 6149 0.0
154020 6160 1.0
154040 6161 0.0
154096 6163 0.0
154148 6165 1.0
154173 6166 0.0
154248 6169 1.0
154317 6172 1.0
154371 6174 1.0
154423 6176 1.0
154694 6187 0.0
154816 6192 1.0
154898 6195 1.0
154907 6196 1.0
155040 6201 0.0
155120 6204 1.0
155336 6213 1.0
155388 6215 1.0
155465 6218 1.0
155491 6219 1.0
155646 6225 0.0
155686 6227 1.0
155719 6228 1.0
155846 6233 1.0
155921 6236 1.0
156092 6243 1.0
156162 6246 1.0
156224 6248 1.0
156266 6250 1.0
156344 6253 0.0
156389 6255 0.0
156598 6263 1.0
156643 6265 1.0
156667 6266 1.0
156699 6267 1.0
156889 6275 1.0
156919 6276 1.0
156932 6277 1.0
156997 6279 1.0
157073 6282 0.0
157096 6283 1.0
157122 6284 1.0
157168 6286 1.0
157181 6287 1.0
157246 6289 1.0
157307 6292 1.0
157330 6293 1.0
157509 6300 1.0
157549 6301 1.0
157564 6302 0.0
157773 6310 1.0
157833 6313 1.0
157884 6315 0.0
158061 6322 0.0
158448 6337 1.0
158496 6339 0.0
158522 6340 1.0
158568 6342 1.0
158635 6345 0.0
158668 6346 1.0
158718 6348 0.0
158818 6352 1.0
158874 6354 1.0
158942 6357 1.0
158995 6359 1.0
159081 6363 1.0
159237 6369 0.0
159367 6374 1.0
159464 6378 1.0
159635 6385 0.0
159666 6386 1.0
159771 6390 1.0
159991 6399 1.0
160009 6400 0.0
160047 6401 1.0
160381 6415 1.0
160507 6420 1.0
160533 6421 0.0
160569 6422 1.0
160612 6424 0.0
160719 6428 0.0
160820 6432 0.0
160899 6435 1.0
160971 6438 1.0
161015 6440 1.0
161031 6441 1.0
161069 6442 0.0
161183 6447 1.0
161522 6460 1.0
161536 6461 0.0
161748 6469 1.0
161783 6471 1.0
161866 6474 0.0
162023 6480 0.0
162068 6482 1.0
162212 6488 0.0
162367 6494 1.0
162421 6496 1.0
162435 6497 0.0
162713 6508 1.0
162773 6510 1.0
162831 6513 1.0
162884 6515 1.0
162949 6517 1.0
162972 6518 0.0
163087 6523 1.0
163122 6524 0.0
163335 6533 1.0
163366 6534 0.0
163496 6539 1.0
163542 6541 0.0
163696 6547 1.0
163747 6549 1.0
163759 6550 0.0
163824 6552 1.0
164168 6566 0.0
164190 6567 1.0
164273 6570 1.0
164361 6574 1.0
164449 6577 1.0
164698 6587 1.0
164855 6594 1.0
164957 6598 1.0
165021 6600 1.0
165185 6607 1.0
165306 6612 1.0
165397 6615 1.0
165414 6616 0.0
165443 6617 1.0
165557 6622 1.0
165597 6623 0.0
165616 6624 1.0
166248 6649 1.0
166362 6654 1.0
166406 6656 1.0
166619 6664 1.0
166670 6666 1.0
166783 6671 0.0
166844 6673 0.0
166861 6674 1.0
166885 6675 0.0
167673 6706 1.0
167715 6708 1.0
167798 6711 1.0
167948 6717 1.0
168145 6725 1.0
168182 6727 0.0
168785 6751 1.0
168871 6754 1.0
168894 6755 1.0
168920 6756 1.0
169009 6760 0.0
169118 6764 1.0
169143 6765 0.0
169173 6766 1.0
169187 6767 1.0
169561 6782 1.0
169612 6784 1.0
169662 6786 0.0
169683 6787 1.0
169707 6788 1.0
169770 6790 1.0
170058 6802 0.0
170108 6804 1.0
170396 6815 1.0
170423 6816 1.0
170617 6824 0.0
170788 6831 0.0
170823 6832 1.0
171144 6845 0.0
171245 6849 0.0
171317 6852 0.0
171585 6863 0.0
171647 6865 1.0
171667 6866 1.0
171792 6871 1.0
172097 6883 1.0
172148 6885 1.0
172239 6889 0.0
172296 6891 1.0
172372 6894 1.0
172598 6903 1.0
172690 6907 0.0
172707 6908 0.0
172896 6915 1.0
172992 6919 1.0
173021 6920 1.0
173149 6925 1.0
173203 6928 1.0
173297 6931 1.0
173337 6933 0.0
173593 6943 0.0
173671 6946 1.0
173757 6950 0.0
173849 6953 1.0
173857 6954 1.0
173920 6956 0.0
174124 6964 1.0
174435 6977 1.0
174688 6987 1.0
174823 6992 0.0
174971 6998 1.0
175192 7007 1.0
175398 7015 0.0
175421 7016 1.0
175515 7020 0.0
175564 7022 1.0
175694 7027 0.0
175721 7028 1.0
175774 7030 0.0
175998 7039 1.0
176295 7051 1.0
176446 7057 1.0
176735 7069 0.0
176758 7070 0.0
177248 7089 1.0
177447 7097 0.0
177681 7107 1.0
177746 7109 1.0
177814 7112 1.0
177871 7114 1.0
177906 7116 1.0
177999 7119 1.0
178058 7122 1.0
178094 7123 0.0
178193 7127 1.0
178273 7130 1.0
178394 7135 1.0
178423 7136 0.0
178443 7137 0.0
178694 7147 1.0
178749 7149 1.0
178864 7154 1.0
178918 7156 1.0
179038 7161 0.0
179323 7172 1.0
179418 7176 0.0
179695 7187 1.0
179749 7189 1.0
179795 7191 1.0
179872 7194 1.0
180271 7210 0.0
180544 7221 1.0
180582 7223 0.0
180718 7228 1.0
180734 7229 0.0
180770 7230 1.0
180918 7236 1.0
181338 7253 1.0
181446 7257 1.0
181493 7259 1.0
181595 7263 1.0
181645 7265 1.0
181698 7267 1.0
181781 7271 1.0
181958 7278 0.0
181987 7279 1.0
182198 7287 0.0
182294 7291 1.0
182357 7294 0.0
182471 7298 1.0
182594 7303 1.0
182723 7308 1.0
182819 7312 1.0
182938 7317 1.0
182974 7318 1.0
183061 7322 0.0
183244 7329 1.0
183438 7337 1.0
183543 7341 1.0
183747 7349 1.0
183898 7355 1.0
183920 7356 1.0
184023 7360 1.0
184435 7377 0.0
184538 7381 1.0
185071 7402 1.0
185090 7403 0.0
185124 7404 1.0
185211 7408 1.0
185321 7412 1.0
185534 7421 1.0
185595 7423 0.0
185642 7425 0.0
185798 7431 1.0
185821 7432 1.0
186173 7446 1.0
186662 7466 0.0
186935 7477 1.0
186970 7478 1.0
187147 7485 1.0
187167 7486 1.0
187197 7487 1.0
187236 7489 1.0
187315 7492 1.0
187372 7494 1.0
187420 7496 1.0
187448 7497 1.0
187599 7503 1.0
187633 7505 1.0
187923 7516 1.0
187940 7517 0.0
187998 7519 1.0
188271 7530 0.0
188464 7538 1.0
188568 7542 1.0
188790 7551 1.0
188921 7556 1.0
189369 7574 1.0
189447 7577 1.0
189674 7586 1.0
189723 7588 1.0
189896 7595 1.0
189914 7596 1.0
189995 7599 0.0
190020 7600 1.0
190046 7601 1.0
190086 7603 1.0
190188 7607 1.0
190273 7610 1.0
190309 7612 0.0
190410 7616 1.0
190559 7622 1.0
190698 7627 0.0
190809 7632 1.0
191131 7645 1.0
191349 7653 0.0
191532 7661 1.0
191572 7662 1.0
191671 7666 1.0
191818 7672 0.0
191839 7673 0.0
192021 7680 0.0
192149 7685 1.0
192181 7687 1.0
192546 7701 1.0
192673 7706 0.0
192816 7712 1.0
193124 7724 1.0
193140 7725 1.0
193221 7728 0.0
193233 7729 0.0
193344 7733 0.0
193356 7734 1.0
193488 7739 0.0
193639 7745 1.0
193821 7752 0.0
193881 7755 1.0
193993 7759 0.0
194320 7772 1.0
194447 7777 1.0
194520 7780 1.0
194620 7784 0.0
194658 7786 0.0
194771 7790 1.0
194839 7793 0.0
194872 7794 1.0
195049 7801 1.0
195182 7807 0.0
195316 7812 1.0
195394 7815 0.0
195482 7819 0.0
195643 7825 1.0
195661 7826 0.0
195685 7827 1.0
195846 7833 1.0
195892 7835 1.0
195924 7836 1.0
196009 7840 1.0
196096 7843 1.0
196360 7854 1.0
196418 7856 0.0
196495 7859 0.0
196964 7878 1.0
197224 7888 1.0
197270 7890 1.0
197448 7897 0.0
197484 7899 1.0
197517 7900 0.0
197771 7910 0.0
197898 7915 0.0
198014 7920 0.0
198040 7921 0.0
198068 7922 1.0
198147 7925 1.0
198221 7928 0.0
198323 7932 0.0
198644 7945 1.0
198722 7948 0.0
198996 7959 1.0
199124 7964 1.0
199196 7967 0.0
199324 7972 0.0
199341 7973 0.0
199396 7975 1.0
199457 7978 1.0
199549 7981 1.0
199644 7985 1.0
199656 7986 1.0
199871 7994 1.0
199911 7996 1.0
200020 8000 0.0
200291 8011 0.0
200497 8019 1.0
200618 8024 1.0
200865 8034 0.0
201213 8048 0.0
201519 8060 0.0
201623 8064 1.0
201708 8068 0.0
201884 8075 1.0
201957 8078 0.0
202070 8082 1.0
202294 8091 1.0
202314 8092 1.0
202368 8094 1.0
202423 8096 1.0
202762 8110 0.0
202923 8116 1.0
203021 8120 1.0
203099 8123 1.0
203169 8126 1.0
203290 8131 0.0
203392 8135 0.0
203409 8136 1.0
203469 8138 1.0
203722 8148 0.0
203735 8149 0.0
203821 8152 1.0
204120 8164 1.0
204141 8165 1.0
204170 8166 1.0
204195 8167 1.0
204297 8171 1.0
204341 8173 1.0
204380 8175 1.0
204614 8184 0.0
204638 8185 1.0
204687 8187 1.0
204772 8190 1.0
204871 8194 1.0
204999 8199 0.0
205095 8203 1.0
205272 8210 1.0
205492 8219 0.0
205507 8220 0.0
205593 8223 1.0
205671 8226 1.0
205687 8227 1.0
205746 8229 1.0
205817 8232 0.0
205896 8235 1.0
205948 8237 1.0
206019 8240 1.0
206295 8251 0.0
206320 8252 0.0
206338 8253 1.0
206434 8257 1.0
206472 8258 1.0
206645 8265 1.0
206772 8270 1.0
206931 8277 0.0
207149 8285 0.0
207169 8286 1.0
207341 8293 0.0
207383 8295 1.0
207466 8298 0.0
207696 8307 0.0
207870 8314 1.0
207938 8317 1.0
208024 8320 0.0
208248 8329 0.0
208307 8332 1.0
208462 8338 0.0
208499 8339 1.0
208543 8341 0.0
208585 8343 1.0
208897 8355 1.0
208944 8357 0.0
208973 8358 0.0
209437 8377 0.0
209692 8387 0.0
209749 8389 1.0
209788 8391 1.0
209849 8393 1.0
209972 8398 1.0
210146 8405 1.0
210235 8409 1.0
210322 8412 1.0
210395 8415 1.0
210567 8422 1.0
210943 8437 1.0
211081 8443 1.0
211546 8461 0.0
211570 8462 0.0
211598 8463 0.0
211645 8465 0.0
211668 8466 1.0
211716 8468 1.0
211769 8470 1.0
211844 8473 0.0
212043 8481 0.0
212340 8493 0.0
212384 8495 0.0
212466 8498 1.0
212521 8500 0.0
212647 8505 1.0
212695 8507 0.0
212811 8512 1.0
212892 8515 1.0
213072 8522 1.0
213171 8526 0.0
213319 8532 1.0
213372 8534 1.0
213546 8541 1.0
213660 8546 1.0
214017 8560 1.0
214215 8568 0.0
214443 8577 1.0
214496 8579 1.0
214514 8580 0.0
214640 8585 1.0
214715 8588 0.0
214748 8589 1.0
215044 8601 1.0
215197 8607 1.0
215217 8608 1.0
215416 8616 1.0
215438 8617 0.0
215489 8619 0.0
215522 8620 1.0
215539 8621 1.0
215591 8623 1.0
215619 8624 0.0
215774 8630 1.0
215806 8632 1.0
215834 8633 1.0
215918 8636 1.0
216348 8653 1.0
216358 8654 1.0
216465 8658 1.0
216572 8662 1.0
216868 8674 0.0
216969 8678 1.0
217120 8684 1.0
217220 8688 0.0
217423 8696 1.0
217531 8701 1.0
217647 8705 1.0
217696 8707 1.0
217843 8713 1.0
217921 8716 0.0
217941 8717 0.0
217969 8718 0.0
218118 8724 0.0
218169 8726 0.0
218269 8730 1.0
218322 8732 1.0
218341 8733 1.0
218548 8741 1.0
218620 8744 1.0
218657 8746 1.0
218795 8751 1.0
218986 8759 1.0
219099 8763 1.0
219147 8765 1.0
219186 8767 1.0
219220 8768 0.0
219243 8769 0.0
219334 8773 1.0
219638 8785 0.0
219807 8792 1.0
219838 8793 1.0
219894 8795 1.0
220010 8800 1.0
220037 8801 1.0
220267 8810 1.0
220397 8815 0.0
220420 8816 1.0
220715 8828 1.0
220789 8831 0.0
220839 8833 1.0
220872 8834 0.0
220931 8837 1.0
220991 8839 1.0
221084 8843 1.0
221214 8848 0.0
221261 8850 1.0
221523 8860 1.0
221542 8861 1.0
221581 8863 1.0
221759 8870 1.0
221782 8871 0.0
221806 8872 1.0
221918 8876 0.0
221992 8879 0.0
222169 8886 0.0
222266 8890 0.0
222447 8897 0.0
222473 8898 1.0
222797 8911 0.0
222842 8913 1.0
222883 8915 1.0
222974 8918 1.0
223170 8926 0.0
223181 8927 1.0
223218 8928 1.0
223406 8936 0.0
223597 8943 0.0
223693 8947 1.0
223991 8959 0.0
224044 8961 1.0
224091 8963 0.0
224169 8966 1.0
224195 8967 1.0
224317 8972 1.0
224371 8974 1.0
224538 8981 0.0
224614 8984 1.0
224717 8988 1.0
224921 8996 1.0
224964 8998 0.0
225047 9001 1.0
225067 9002 1.0
225449 9017 1.0
225519 9020 0.0
225566 9022 1.0
225746 9029 1.0
225969 9038 0.0
226342 9053 0.0
226524 9060 1.0
226573 9062 1.0
226767 9070 1.0
226946 9077 1.0
226973 9078 1.0
226987 9079 0.0
227045 9081 1.0
227184 9087 1.0
227219 9088 1.0
227282 9091 1.0
227382 9095 1.0
227416 9096 0.0
227483 9099 0.0
227693 9107 0.0
227723 9108 1.0
228092 9123 0.0
228170 9126 1.0
228185 9127 0.0
228224 9128 1.0
228291 9131 1.0
228423 9136 0.0
228565 9142 1.0
228813 9152 1.0
228918 9156 1.0
228995 9159 1.0
229011 9160 1.0
229046 9161 0.0
229221 9168 1.0
229492 9179 1.0
229546 9181 1.0
229645 9185 1.0
229666 9186 0.0
229748 9189 0.0
229792 9191 1.0
230047 9201 0.0
230271 9210 1.0
230692 9227 1.0
230958 9238 1.0
230997 9239 1.0
231459 9258 1.0
231669 9266 1.0
231862 9274 1.0
231946 9277 1.0
231993 9279 1.0
232140 9285 1.0
232220 9288 1.0
232298 9291 1.0
232322 9292 1.0
232373 9294 1.0
232421 9296 1.0
232666 9306 0.0
232721 9308 1.0
232868 9314 1.0
232880 9315 0.0
233044 9321 1.0
233109 9324 1.0
233142 9325 0.0
233407 9336 1.0
233537 9341 0.0
233634 9345 0.0
233895 9355 1.0
233973 9358 0.0
234093 9363 1.0
234134 9365 0.0
234294 9371 0.0
234360 9374 1.0
234519 9380 1.0
234811 9392 1.0
234921 9396 1.0
235021 9400 1.0
235074 9402 1.0
235568 9422 1.0
235672 9426 0.0
235687 9427 1.0
235744 9429 1.0
235837 9433 1.0
235868 9434 1.0
235898 9435 1.0
235921 9436 1.0
235944 9437 1.0
235957 9438 1.0
236020 9440 1.0
236111 9444 0.0
236273 9450 1.0
236323 9452 1.0
236406 9456 1.0
236696 9467 1.0
236734 9469 0.0
236785 9471 1.0
236807 9472 1.0
236840 9473 1.0
237020 9480 1.0
237036 9481 1.0
237090 9483 1.0
237273 9490 1.0
237296 9491 0.0
237370 9494 1.0
237532 9501 1.0
237620 9504 1.0
237718 9508 0.0
237844 9513 1.0
237993 9519 1.0
238014 9520 1.0
238088 9523 1.0
238299 9531 1.0
238495 9539 1.0
238521 9540 1.0
238585 9543 1.0
238767 9550 1.0
238891 9555 1.0
238922 9556 1.0
238982 9559 1.0
239145 9565 0.0
239156 9566 1.0
239194 9567 1.0
239265 9570 1.0
239297 9571 0.0
239516 9580 1.0
239620 9584 0.0
239738 9589 1.0
239809 9592 1.0
239915 9596 1.0
 fin motif
# 1 target:1 c+:655 c-:271 score:911.165257595414 score+:2656.5658044485162 score-:1198.7013922958538 nb:1 =l_2c_6 
212 8 0.0
788 31 1.0
972 38 1.0
1066 42 0.0
1122 44 1.0
1146 45 1.0
1269 50 1.0
1410 56 1.0
1665 66 0.0
1745 69 1.0
2048 81 1.0
2385 95 0.0
2671 106 0.0
2769 110 0.0
2899 115 1.0
2924 116 0.0
3272 130 0.0
3335 133 1.0
3515 140 1.0
3773 150 1.0
3843 153 1.0
4180 167 0.0
4321 172 1.0
4848 193 1.0
5123 204 1.0
5356 214 1.0
5806 232 1.0
5845 233 1.0
6766 270 1.0
7266 290 1.0
7523 300 1.0
7867 314 1.0
7945 317 1.0
8741 349 0.0
9118 364 1.0
9145 365 1.0
9657 386 1.0
9782 391 1.0
9937 397 0.0
10314 412 1.0
10798 431 0.0
11072 442 1.0
11393 455 1.0
11423 456 1.0
12147 485 1.0
12242 489 1.0
12481 499 1.0
12546 501 1.0
12644 505 1.0
12713 508 1.0
12784 511 0.0
12986 519 1.0
13017 520 1.0
13169 526 0.0
13418 536 1.0
13496 539 1.0
13644 545 1.0
13996 559 0.0
14069 562 1.0
14095 563 1.0
14136 565 1.0
14441 577 0.0
14649 585 1.0
14662 586 0.0
14696 587 1.0
15049 601 1.0
15087 603 1.0
15264 610 1.0
15617 624 1.0
15798 631 1.0
15922 636 1.0
16142 645 0.0
16246 649 1.0
16470 658 1.0
16509 660 1.0
17785 711 1.0
18293 731 0.0
18796 751 1.0
19107 764 1.0
19297 771 1.0
19356 774 0.0
19832 793 0.0
20156 806 1.0
20240 809 1.0
20722 828 1.0
20769 830 1.0
20865 834 0.0
21382 855 1.0
21870 874 1.0
22072 882 1.0
22567 902 0.0
22638 905 1.0
23288 931 1.0
23334 933 1.0
23448 937 1.0
23707 948 1.0
23945 957 1.0
24648 985 1.0
24860 994 1.0
24970 998 0.0
25272 1010 1.0
25561 1022 1.0
25796 1031 1.0
25956 1038 1.0
26020 1040 1.0
26174 1046 1.0
26327 1053 1.0
26395 1055 1.0
26872 1074 0.0
27171 1086 1.0
28140 1125 0.0
28169 1126 0.0
28246 1129 1.0
28485 1139 0.0
28616 1144 0.0
28681 1147 0.0
28889 1155 0.0
29242 1169 1.0
29694 1187 0.0
29996 1199 0.0
30406 1216 1.0
31131 1245 1.0
31336 1253 1.0
31366 1254 0.0
31747 1269 1.0
31759 1270 1.0
31970 1278 1.0
32082 1283 1.0
32494 1299 1.0
32682 1307 1.0
32974 1318 1.0
33231 1329 1.0
33699 1347 1.0
33991 1359 0.0
34631 1385 0.0
34666 1386 1.0
34759 1390 0.0
35171 1406 1.0
35398 1415 1.0
35644 1425 0.0
35667 1426 1.0
35732 1429 1.0
36043 1441 1.0
36193 1447 1.0
36961 1478 0.0
37117 1484 0.0
37317 1492 1.0
37974 1518 1.0
38010 1520 1.0
38321 1532 1.0
38865 1554 0.0
38912 1556 0.0
39115 1564 1.0
39158 1566 1.0
39870 1594 1.0
40042 1601 1.0
40162 1606 1.0
40548 1621 1.0
40573 1622 1.0
40595 1623 1.0
41206 1648 0.0
41270 1650 0.0
41615 1664 1.0
41806 1672 0.0
42041 1681 1.0
42092 1683 0.0
42274 1690 1.0
42370 1694 1.0
42484 1699 1.0
42643 1705 1.0
42845 1713 1.0
42934 1717 0.0
43306 1732 1.0
43785 1751 0.0
43909 1756 0.0
44648 1785 1.0
44923 1796 1.0
45022 1800 1.0
45220 1808 1.0
46072 1842 1.0
46217 1848 1.0
46297 1851 1.0
46392 1855 0.0
46442 1857 1.0
46956 1878 0.0
47231 1889 0.0
47468 1898 1.0
47544 1901 0.0
47713 1908 1.0
47884 1915 1.0
47987 1919 0.0
48297 1931 1.0
48669 1946 1.0
49006 1960 1.0
49123 1964 0.0
49317 1972 1.0
49760 1990 1.0
50017 2000 1.0
50096 2003 0.0
50340 2013 1.0
50445 2017 1.0
50891 2035 1.0
51091 2043 0.0
51148 2045 1.0
51870 2074 0.0
51997 2079 1.0
52045 2081 0.0
52141 2085 1.0
52164 2086 0.0
52685 2107 1.0
52742 2109 1.0
52995 2119 0.0
53317 2132 1.0
53809 2152 1.0
53957 2158 1.0
54095 2163 1.0
54458 2178 1.0
55098 2203 1.0
55148 2205 1.0
55323 2212 1.0
55371 2214 1.0
55444 2217 0.0
55674 2226 0.0
56021 2240 1.0
56047 2241 1.0
56144 2245 0.0
56568 2262 1.0
56585 2263 0.0
56642 2265 1.0
57109 2284 1.0
57299 2291 1.0
57462 2298 0.0
57749 2309 0.0
57846 2313 1.0
57874 2314 1.0
57919 2316 1.0
58047 2321 1.0
58145 2325 0.0
58306 2332 0.0
58447 2337 1.0
58557 2342 1.0
58596 2343 0.0
58672 2346 0.0
58822 2352 1.0
59131 2365 1.0
59312 2372 1.0
59449 2377 1.0
60322 2412 0.0
60370 2414 1.0
60720 2428 1.0
60864 2434 0.0
60921 2436 1.0
61114 2444 1.0
61270 2450 0.0
61341 2453 1.0
62068 2482 0.0
62499 2499 1.0
62517 2500 0.0
62683 2507 1.0
63033 2521 0.0
63217 2528 1.0
63370 2534 1.0
63441 2537 1.0
64123 2564 1.0
64364 2574 0.0
64563 2582 1.0
64631 2585 0.0
64821 2592 1.0
65049 2601 1.0
65324 2612 1.0
65820 2632 1.0
66474 2658 1.0
66618 2664 1.0
66742 2669 1.0
66872 2674 1.0
67089 2683 1.0
67222 2688 1.0
67293 2691 0.0
67323 2692 1.0
67343 2693 1.0
68313 2732 0.0
68421 2736 1.0
68582 2743 0.0
69245 2769 0.0
69620 2784 1.0
70110 2804 1.0
70144 2805 1.0
70393 2815 1.0
70469 2818 1.0
70507 2820 1.0
70765 2830 0.0
70885 2835 1.0
70922 2836 1.0
70972 2838 0.0
71099 2843 1.0
71564 2862 0.0
71691 2867 0.0
72109 2884 1.0
72258 2890 1.0
72865 2914 0.0
72947 2917 0.0
73720 2948 1.0
73769 2950 0.0
74268 2970 1.0
74497 2979 1.0
74731 2989 1.0
75221 3008 1.0
75474 3018 1.0
75848 3033 1.0
76013 3040 1.0
76044 3041 1.0
76407 3056 1.0
76513 3060 0.0
76672 3066 1.0
76985 3079 1.0
77157 3086 0.0
77272 3090 1.0
77590 3103 0.0
77622 3104 1.0
77669 3106 1.0
77813 3112 0.0
77845 3113 0.0
77949 3117 1.0
77999 3119 1.0
78167 3126 1.0
78196 3127 0.0
78669 3146 0.0
78765 3150 1.0
78981 3159 1.0
79024 3160 1.0
79091 3163 0.0
79373 3174 1.0
79449 3177 1.0
79622 3184 0.0
79719 3188 1.0
79960 3198 1.0
80024 3200 1.0
80517 3220 1.0
80660 3226 1.0
81241 3249 1.0
81462 3258 1.0
81524 3260 0.0
81660 3266 1.0
81882 3275 1.0
82081 3283 1.0
82116 3284 1.0
83022 3320 1.0
83069 3322 1.0
83663 3346 1.0
83958 3358 1.0
84681 3387 1.0
84793 3391 0.0
85085 3403 1.0
85316 3412 1.0
85365 3414 1.0
85492 3419 0.0
85571 3422 1.0
85847 3433 1.0
86540 3461 1.0
86797 3471 1.0
86993 3479 0.0
87090 3483 1.0
87115 3484 1.0
87369 3494 0.0
87486 3499 0.0
87520 3500 0.0
87715 3508 0.0
88021 3520 1.0
88088 3523 1.0
88437 3537 1.0
88493 3539 1.0
88895 3555 0.0
89007 3560 0.0
89035 3561 1.0
89081 3563 1.0
89232 3569 1.0
89367 3574 1.0
90319 3612 0.0
90368 3614 0.0
90962 3638 0.0
90997 3639 1.0
91396 3655 0.0
91573 3662 1.0
91862 3674 0.0
92148 3685 1.0
92295 3691 0.0
92382 3695 1.0
92483 3699 1.0
92967 3718 1.0
93088 3723 0.0
93569 3742 0.0
93744 3749 1.0
93794 3751 1.0
93806 3752 1.0
93859 3754 1.0
93922 3756 0.0
93982 3759 1.0
94090 3763 1.0
94293 3771 0.0
94770 3790 1.0
94923 3796 1.0
94945 3797 0.0
95444 3817 1.0
95949 3837 1.0
96111 3844 0.0
96406 3856 1.0
96782 3871 1.0
97372 3894 1.0
97553 3902 0.0
97597 3903 1.0
97843 3913 1.0
98272 3930 0.0
98292 3931 1.0
98370 3934 1.0
99469 3978 1.0
99534 3981 1.0
99567 3982 1.0
99620 3984 1.0
100289 4011 0.0
100669 4026 1.0
100698 4027 1.0
101118 4044 1.0
102424 4096 1.0
103943 4157 0.0
104239 4169 0.0
104499 4179 1.0
105432 4217 1.0
105758 4230 0.0
105991 4239 0.0
106624 4264 0.0
106641 4265 0.0
107245 4289 0.0
107366 4294 1.0
108170 4326 0.0
108206 4328 1.0
108314 4332 1.0
108433 4337 0.0
108620 4344 0.0
108740 4349 0.0
108816 4352 0.0
108906 4356 1.0
108982 4359 0.0
109349 4373 1.0
109617 4384 0.0
109659 4386 1.0
109856 4394 1.0
110096 4403 0.0
110334 4413 1.0
110535 4421 0.0
110691 4427 1.0
110783 4431 1.0
110962 4438 1.0
111212 4448 1.0
111774 4470 1.0
111833 4473 1.0
111896 4475 1.0
112095 4483 1.0
112289 4491 1.0
112568 4502 1.0
112647 4505 0.0
112687 4507 0.0
112971 4518 1.0
113565 4542 1.0
113723 4548 1.0
114613 4584 1.0
114639 4585 1.0
115307 4612 0.0
115496 4619 0.0
115584 4623 0.0
116489 4659 0.0
116645 4665 1.0
116946 4677 1.0
117045 4681 0.0
117297 4691 1.0
117472 4698 1.0
117612 4704 1.0
117971 4718 0.0
118165 4726 1.0
118394 4735 0.0
118770 4750 1.0
118796 4751 1.0
119342 4773 1.0
119593 4783 1.0
119698 4787 1.0
119807 4792 1.0
119899 4795 0.0
119958 4798 1.0
120123 4804 1.0
120232 4809 0.0
120347 4813 1.0
120570 4822 0.0
120684 4827 0.0
121767 4870 1.0
121807 4872 1.0
122198 4887 1.0
122656 4906 1.0
122856 4914 1.0
123065 4922 1.0
124618 4984 0.0
125110 5004 0.0
125147 5005 1.0
125419 5016 1.0
125598 5023 1.0
125647 5025 1.0
126139 5045 1.0
126993 5079 0.0
127221 5088 1.0
127347 5093 1.0
127899 5115 1.0
127937 5117 0.0
127965 5118 1.0
128362 5134 0.0
128395 5135 1.0
129398 5175 1.0
129672 5186 1.0
129757 5190 0.0
129862 5194 1.0
130517 5220 1.0
130947 5237 1.0
131033 5241 1.0
131341 5253 1.0
131474 5258 0.0
131535 5261 0.0
131639 5265 1.0
131969 5278 1.0
132090 5283 1.0
132121 5284 0.0
132133 5285 0.0
132371 5294 0.0
132522 5300 1.0
132769 5310 0.0
132895 5315 1.0
132931 5317 1.0
133055 5322 0.0
133192 5327 1.0
133212 5328 0.0
133460 5338 1.0
133520 5340 1.0
133958 5358 1.0
134032 5361 0.0
134122 5364 1.0
134394 5375 1.0
134498 5379 1.0
134919 5396 1.0
135040 5401 1.0
135147 5405 1.0
135746 5429 1.0
136969 5478 1.0
137299 5491 1.0
137718 5508 1.0
138011 5520 1.0
138469 5538 1.0
138648 5545 1.0
139060 5562 1.0
139293 5571 1.0
139581 5583 0.0
139691 5587 0.0
140012 5600 1.0
140917 5636 1.0
140949 5637 1.0
141045 5641 1.0
141220 5648 1.0
141373 5654 1.0
141396 5655 1.0
141495 5659 1.0
142173 5686 1.0
142671 5706 1.0
142796 5711 0.0
143017 5720 0.0
143722 5748 1.0
143922 5756 1.0
143996 5759 1.0
144011 5760 0.0
144271 5770 1.0
144368 5774 1.0
144646 5785 1.0
145297 5811 1.0
145307 5812 0.0
145341 5813 0.0
145720 5828 1.0
145843 5833 0.0
146720 5868 1.0
147094 5883 1.0
147368 5894 1.0
147446 5897 1.0
148020 5920 0.0
148769 5950 1.0
149172 5966 0.0
149195 5967 1.0
149496 5979 1.0
149773 5990 1.0
150544 6021 1.0
150571 6022 1.0
151395 6055 1.0
151574 6062 1.0
151656 6066 0.0
151774 6070 1.0
151994 6079 1.0
152047 6081 1.0
152364 6094 1.0
152467 6098 1.0
152497 6099 1.0
152846 6113 1.0
153733 6149 0.0
154370 6174 1.0
154584 6183 0.0
154817 6192 1.0
155273 6210 0.0
155587 6223 0.0
155873 6234 1.0
155894 6235 0.0
156248 6249 1.0
156567 6262 0.0
157327 6293 1.0
157508 6300 1.0
157616 6304 1.0
158024 6320 1.0
158093 6323 0.0
158966 6358 1.0
159106 6364 1.0
159144 6365 1.0
159157 6366 1.0
159238 6369 0.0
159422 6376 1.0
159440 6377 0.0
159620 6384 1.0
159756 6390 1.0
159945 6397 1.0
160172 6406 1.0
160222 6408 0.0
160273 6410 1.0
160491 6419 0.0
161782 6471 1.0
161822 6472 1.0
161957 6478 1.0
162566 6502 1.0
162599 6503 1.0
162714 6508 1.0
162948 6517 1.0
163086 6523 1.0
163346 6533 1.0
163570 6542 1.0
163810 6552 1.0
164321 6572 1.0
164344 6573 1.0
164374 6574 1.0
164565 6582 1.0
164794 6591 1.0
164986 6599 1.0
165149 6605 1.0
165272 6610 1.0
165572 6622 1.0
165721 6628 0.0
165923 6636 1.0
165963 6638 1.0
166164 6646 0.0
166548 6661 1.0
166934 6677 0.0
167035 6681 0.0
168282 6731 1.0
168619 6744 0.0
168664 6746 1.0
168906 6756 1.0
169067 6762 1.0
169116 6764 1.0
169332 6773 1.0
170109 6804 1.0
170323 6812 1.0
170438 6817 1.0
170707 6828 1.0
170917 6836 1.0
171015 6840 1.0
171074 6842 1.0
171123 6844 1.0
171297 6851 1.0
171364 6854 1.0
171618 6864 1.0
171645 6865 1.0
171871 6874 1.0
172156 6886 1.0
172463 6898 1.0
172912 6916 1.0
173354 6934 1.0
173585 6943 0.0
174095 6963 0.0
174144 6965 1.0
174205 6968 0.0
174331 6973 1.0
174732 6989 0.0
175047 7001 1.0
175169 7006 0.0
176362 7054 1.0
176547 7061 1.0
176657 7066 0.0
176732 7069 0.0
176788 7071 1.0
176947 7077 1.0
177122 7084 1.0
177464 7098 0.0
177615 7104 1.0
177637 7105 1.0
177682 7107 1.0
177742 7109 1.0
178298 7131 1.0
178358 7134 1.0
178649 7145 1.0
179071 7162 1.0
179217 7168 0.0
179713 7188 0.0
179794 7191 1.0
179961 7198 0.0
180045 7201 1.0
180597 7223 0.0
180699 7227 1.0
180813 7232 0.0
180935 7237 0.0
181093 7243 0.0
181656 7266 1.0
182070 7282 1.0
182267 7290 1.0
182322 7292 1.0
182820 7312 1.0
183171 7326 1.0
183421 7336 0.0
183509 7340 0.0
183807 7352 0.0
184022 7360 1.0
184644 7385 1.0
185322 7412 1.0
185445 7417 0.0
186065 7442 0.0
186296 7451 1.0
186522 7460 1.0
186535 7461 1.0
186966 7478 1.0
187041 7481 0.0
187273 7490 1.0
187373 7494 1.0
187689 7507 1.0
187723 7508 0.0
187839 7513 0.0
188657 7546 1.0
189121 7564 1.0
189257 7570 1.0
189571 7582 1.0
189897 7595 1.0
190321 7612 0.0
190466 7618 0.0
190646 7625 1.0
191195 7647 1.0
191228 7649 0.0
191299 7651 1.0
191696 7667 1.0
192068 7682 1.0
192538 7701 1.0
192761 7710 1.0
192993 7719 1.0
193371 7734 1.0
193721 7748 0.0
194195 7767 0.0
194382 7775 1.0
194418 7776 1.0
194472 7778 1.0
194492 7779 1.0
195999 7839 1.0
196018 7840 1.0
196069 7842 1.0
196994 7879 0.0
197732 7909 1.0
197971 7918 0.0
198695 7947 0.0
198906 7956 1.0
198971 7958 0.0
199006 7960 1.0
199220 7968 1.0
199818 7992 0.0
199874 7994 1.0
200147 8005 1.0
200532 8021 1.0
200772 8030 1.0
200843 8033 0.0
200931 8037 1.0
201015 8040 1.0
201098 8043 0.0
201320 8052 1.0
201756 8070 1.0
201948 8077 1.0
202086 8083 1.0
202336 8093 0.0
202673 8106 0.0
202722 8108 1.0
203143 8125 1.0
203371 8134 1.0
203760 8150 1.0
204140 8165 1.0
204656 8186 1.0
204745 8189 1.0
204945 8197 1.0
205099 8203 1.0
205638 8225 0.0
206694 8267 1.0
206779 8271 1.0
206846 8273 1.0
206873 8274 1.0
206919 8276 1.0
207408 8296 0.0
208689 8347 0.0
208743 8349 1.0
208945 8357 0.0
209006 8360 1.0
209035 8361 1.0
209244 8369 1.0
209259 8370 0.0
209440 8377 0.0
209747 8389 1.0
209787 8391 1.0
209949 8397 1.0
210031 8401 1.0
210510 8420 0.0
210907 8436 1.0
211305 8452 1.0
211560 8462 0.0
211742 8469 1.0
212093 8483 1.0
212483 8499 1.0
212635 8505 1.0
212744 8509 0.0
212772 8510 0.0
212786 8511 1.0
213335 8533 0.0
213744 8549 0.0
213790 8551 0.0
213919 8556 1.0
214097 8563 1.0
214960 8598 0.0
215141 8605 1.0
215168 8606 1.0
215389 8615 1.0
216740 8669 1.0
217047 8681 1.0
217374 8694 1.0
218191 8727 1.0
218216 8728 1.0
218340 8733 1.0
218472 8738 1.0
218748 8749 0.0
218924 8756 0.0
218985 8759 1.0
219117 8764 1.0
219432 8777 0.0
219739 8789 1.0
219847 8793 1.0
220215 8808 1.0
220243 8809 1.0
220716 8828 1.0
222190 8887 1.0
222595 8903 1.0
223824 8952 1.0
223842 8953 1.0
223994 8959 0.0
224094 8963 0.0
224669 8986 1.0
224706 8988 1.0
224944 8997 0.0
225188 9007 0.0
225368 9014 0.0
225467 9018 0.0
226220 9048 1.0
226296 9051 1.0
226506 9060 1.0
226945 9077 1.0
227542 9101 1.0
227635 9105 1.0
228139 9125 0.0
228193 9127 0.0
228220 9128 1.0
228474 9138 1.0
228668 9146 1.0
228741 9149 1.0
228770 9150 1.0
229448 9177 0.0
229515 9180 1.0
229795 9191 1.0
229870 9194 1.0
230196 9207 1.0
230418 9216 0.0
230595 9223 1.0
230747 9229 1.0
230785 9231 1.0
231146 9245 1.0
231682 9267 1.0
231947 9277 1.0
232039 9281 0.0
232270 9290 1.0
233398 9335 1.0
233599 9343 0.0
233672 9346 1.0
233742 9349 1.0
234074 9362 1.0
234115 9364 1.0
234184 9367 1.0
234321 9372 1.0
234393 9375 1.0
234542 9381 0.0
234988 9399 0.0
235109 9404 0.0
235136 9405 0.0
235307 9412 0.0
235396 9415 1.0
235867 9434 1.0
236021 9440 1.0
236322 9452 1.0
236390 9455 0.0
236443 9457 0.0
237149 9485 1.0
237319 9492 1.0
237396 9495 0.0
237589 9503 0.0
237741 9509 1.0
238199 9527 1.0
238324 9532 1.0
238712 9548 1.0
239146 9565 0.0
239249 9569 1.0
239311 9572 1.0
239909 9596 1.0
 fin motif
# 2 target:1 c+:282 c-:107 score:471.84014586791307 score+:1287.8750623923079 score-:532.930829003647 nb:1 =l_2c_7 
623 24 1.0
2618 104 1.0
3032 121 0.0
3592 143 1.0
3894 155 0.0
4121 164 1.0
4139 165 1.0
4770 190 1.0
5091 203 1.0
6041 241 1.0
6370 254 1.0
6470 258 0.0
6524 260 0.0
7248 289 1.0
7444 297 1.0
9061 362 0.0
9893 395 1.0
10886 435 1.0
11394 455 1.0
11510 460 1.0
11816 472 0.0
12933 517 1.0
14285 571 0.0
14735 589 1.0
15019 600 1.0
15644 625 1.0
17095 683 1.0
17109 684 0.0
17172 686 1.0
18071 722 1.0
18468 738 1.0
19320 772 1.0
19671 786 1.0
20112 804 1.0
20393 815 0.0
21309 852 1.0
23120 924 0.0
23192 927 1.0
23588 943 1.0
23614 944 0.0
24346 973 1.0
25271 1010 1.0
25398 1015 1.0
25613 1024 0.0
26307 1052 0.0
28237 1129 1.0
28373 1134 1.0
32317 1292 1.0
33019 1320 1.0
35434 1417 1.0
36018 1440 0.0
36611 1464 0.0
40014 1600 1.0
40685 1627 1.0
40873 1634 1.0
41739 1669 1.0
42335 1693 1.0
42441 1697 0.0
42846 1713 1.0
42933 1717 0.0
44744 1789 1.0
45595 1823 1.0
45617 1824 0.0
46115 1844 0.0
46259 1850 0.0
46370 1854 0.0
47523 1900 1.0
47644 1905 1.0
48383 1935 1.0
48419 1936 1.0
49381 1975 1.0
49790 1991 1.0
50347 2013 1.0
50543 2021 1.0
50770 2030 0.0
51531 2061 1.0
51622 2064 1.0
52093 2083 1.0
52265 2090 1.0
52469 2098 1.0
52819 2112 0.0
52911 2116 1.0
53046 2121 1.0
53318 2132 1.0
53444 2137 0.0
53941 2157 1.0
54343 2173 1.0
54572 2182 1.0
54699 2187 1.0
54996 2199 1.0
56360 2254 1.0
56474 2258 1.0
56672 2266 1.0
56783 2271 1.0
57318 2292 0.0
57544 2301 1.0
57824 2312 1.0
58235 2329 0.0
59623 2384 1.0
61789 2471 1.0
62831 2513 1.0
63640 2545 0.0
63915 2556 0.0
63934 2557 1.0
63968 2558 1.0
64858 2594 1.0
64897 2595 0.0
65690 2627 0.0
66770 2670 1.0
66796 2671 1.0
67309 2692 1.0
67594 2703 1.0
67741 2709 1.0
68768 2750 1.0
68796 2751 1.0
69144 2765 0.0
69614 2784 1.0
70038 2801 0.0
70736 2829 0.0
71438 2857 0.0
71999 2879 0.0
72231 2889 0.0
72717 2908 1.0
73161 2926 1.0
73510 2940 1.0
74474 2978 1.0
74592 2983 1.0
74674 2986 1.0
75772 3030 1.0
77670 3106 1.0
78706 3148 0.0
78788 3151 1.0
79766 3190 1.0
80431 3217 1.0
80516 3220 1.0
81043 3241 0.0
81196 3247 0.0
82041 3281 1.0
82245 3289 1.0
84813 3392 0.0
87431 3497 1.0
89720 3588 1.0
89873 3594 1.0
89945 3597 1.0
90298 3611 1.0
90960 3638 0.0
91224 3648 1.0
91314 3652 1.0
91892 3675 1.0
92118 3684 1.0
92337 3693 0.0
92634 3705 1.0
92816 3712 0.0
93391 3735 0.0
93818 3752 1.0
94270 3770 1.0
95939 3837 1.0
96104 3844 0.0
96443 3857 1.0
96857 3874 1.0
96963 3878 1.0
97770 3910 0.0
97808 3912 1.0
98046 3921 1.0
99217 3968 0.0
99319 3972 1.0
99995 3999 1.0
100387 4015 1.0
100499 4019 0.0
101120 4044 1.0
101374 4054 1.0
102367 4094 1.0
102917 4116 1.0
103021 4120 1.0
103619 4144 1.0
104522 4180 1.0
104599 4183 1.0
106062 4242 1.0
106789 4271 0.0
107219 4288 1.0
107433 4297 0.0
107470 4298 1.0
107819 4312 1.0
109419 4376 1.0
110294 4411 0.0
110709 4428 1.0
112688 4507 0.0
112849 4513 1.0
112860 4514 1.0
113021 4520 1.0
113783 4551 1.0
114442 4577 1.0
114818 4592 1.0
115147 4605 1.0
115344 4613 1.0
116945 4677 1.0
116996 4679 1.0
117349 4693 1.0
117643 4705 1.0
117697 4707 1.0
118519 4740 1.0
118744 4749 1.0
119248 4769 1.0
119637 4785 0.0
120522 4820 0.0
120764 4830 1.0
122931 4917 1.0
123340 4933 1.0
124522 4980 1.0
124591 4983 0.0
124721 4988 1.0
125819 5032 1.0
125995 5039 1.0
126866 5074 0.0
127481 5099 0.0
129888 5195 1.0
130121 5204 1.0
131131 5245 0.0
132461 5298 0.0
132613 5304 1.0
132695 5307 1.0
132858 5314 1.0
134033 5361 0.0
134306 5372 1.0
134770 5390 1.0
135168 5406 0.0
135481 5419 1.0
136021 5440 1.0
136197 5447 1.0
136257 5450 1.0
136288 5451 0.0
137545 5501 1.0
139241 5569 1.0
139997 5599 1.0
141669 5666 0.0
141790 5671 0.0
142119 5684 1.0
143838 5753 1.0
143883 5755 1.0
144765 5790 0.0
144894 5795 0.0
145047 5801 1.0
145123 5804 1.0
145796 5831 1.0
146911 5876 1.0
148249 5929 0.0
149343 5973 1.0
149665 5986 1.0
150481 6019 1.0
151014 6040 1.0
152619 6104 0.0
152845 6113 1.0
153542 6141 0.0
154110 6164 1.0
154619 6184 0.0
154906 6196 1.0
155461 6218 1.0
155964 6238 0.0
156233 6249 1.0
157690 6307 0.0
158146 6325 1.0
158543 6341 1.0
160696 6427 0.0
161016 6440 1.0
161117 6444 0.0
161295 6451 1.0
161774 6470 1.0
161824 6472 1.0
162631 6505 0.0
163587 6543 1.0
163698 6547 1.0
164169 6566 0.0
164519 6580 1.0
164646 6585 0.0
166421 6656 1.0
166483 6659 1.0
167006 6680 0.0
167195 6687 1.0
167546 6701 1.0
168097 6723 1.0
169243 6769 0.0
169271 6770 1.0
169506 6780 1.0
170347 6813 1.0
170385 6815 1.0
172766 6910 0.0
173484 6939 1.0
174892 6995 1.0
174996 6999 1.0
176122 7044 1.0
176509 7060 1.0
176946 7077 1.0
178211 7128 1.0
178669 7146 1.0
180531 7221 1.0
180796 7231 1.0
182517 7300 1.0
182763 7310 0.0
183494 7339 1.0
183873 7354 0.0
185197 7407 0.0
185573 7422 1.0
185736 7429 1.0
186422 7456 1.0
186534 7461 1.0
188061 7522 1.0
188517 7540 0.0
188623 7544 1.0
188873 7554 0.0
189370 7574 1.0
190713 7628 1.0
190840 7633 0.0
191230 7649 0.0
191968 7678 1.0
192485 7699 1.0
193405 7736 1.0
194297 7771 1.0
195016 7800 0.0
195622 7824 1.0
195631 7825 1.0
196198 7847 0.0
197039 7881 1.0
197668 7906 0.0
200036 8001 0.0
200993 8039 1.0
201410 8056 1.0
202313 8092 1.0
202369 8094 1.0
203630 8145 1.0
203699 8147 1.0
204494 8179 1.0
204817 8192 0.0
205442 8217 1.0
205592 8223 1.0
205623 8224 1.0
206133 8245 1.0
208772 8350 0.0
210120 8404 1.0
210789 8431 1.0
212136 8485 1.0
213007 8520 0.0
213696 8547 0.0
214006 8560 1.0
215572 8622 1.0
215770 8630 1.0
216690 8667 0.0
216792 8671 0.0
216992 8679 0.0
217411 8696 1.0
221467 8858 1.0
221807 8872 1.0
224217 8968 1.0
224331 8973 1.0
224922 8996 1.0
225567 9022 1.0
225641 9025 1.0
225918 9036 0.0
225994 9039 0.0
226523 9060 1.0
226690 9067 0.0
227817 9112 1.0
227937 9117 1.0
228397 9135 1.0
228486 9139 1.0
229119 9164 0.0
229137 9165 1.0
229547 9181 1.0
229796 9191 1.0
230512 9220 0.0
230797 9231 1.0
230996 9239 1.0
231462 9258 1.0
231718 9268 1.0
231741 9269 0.0
231906 9276 1.0
231970 9278 1.0
232516 9300 0.0
232832 9313 1.0
232860 9314 1.0
233470 9338 1.0
233907 9356 0.0
234566 9382 1.0
234731 9389 1.0
235691 9427 1.0
235891 9435 1.0
237222 9488 0.0
238106 9524 1.0
239038 9561 1.0
239441 9577 1.0
 fin motif
# 3 target:1 c+:32 c-:13 score:55.44113491597461 score+:159.27159587669541 score-:70.56578001113604 nb:1 =l_2c_10 
9742 389 1.0
12339 493 1.0
17019 680 0.0
20258 810 1.0
27149 1085 1.0
37642 1505 1.0
38814 1552 1.0
42439 1697 0.0
42997 1719 1.0
47522 1900 1.0
48984 1959 1.0
64634 2585 0.0
66617 2664 1.0
68195 2727 1.0
70418 2816 1.0
74581 2983 1.0
92831 3713 1.0
93793 3751 1.0
94081 3763 1.0
101507 4060 1.0
113020 4520 1.0
116822 4672 1.0
118295 4731 0.0
126623 5064 1.0
127645 5105 1.0
136385 5455 0.0
137860 5514 0.0
141494 5659 1.0
163436 6537 0.0
174395 6975 1.0
179614 7184 0.0
181166 7246 1.0
183493 7339 1.0
191856 7674 1.0
197118 7884 1.0
199035 7961 1.0
200183 8007 1.0
200745 8029 0.0
202442 8097 0.0
202564 8102 0.0
214285 8571 0.0
233469 9338 1.0
234291 9371 0.0
237369 9494 1.0
238258 9530 1.0
 fin motif
